Q_obj 
1378 -271 -230 -725 -397 -210 181 912 -50 -208 -212 -198 -185 495
-271 920 -123 527 -2 58 -132 -157 370 -66 12 50 102 -637
-230 -123 595 169 26 155 -257 -247 67 117 20 309 -90 -123
-725 527 169 1129 162 48 -427 -489 184 16 299 323 180 -608
-397 -2 26 162 595 -36 -153 -129 90 -194 203 -81 3 -215
-210 58 155 48 -36 649 33 -42 8 -12 224 170 178 -11
181 -132 -257 -427 -153 33 1242 651 -244 -227 195 -441 252 217
912 -157 -247 -489 -129 -42 651 1133 -109 -465 137 -134 -82 314
-50 370 67 184 90 8 -244 -109 685 256 -60 148 -161 -194
-208 -66 117 16 -194 -12 -227 -465 256 1057 -346 54 -93 -57
-212 12 20 299 203 224 195 137 -60 -346 808 -42 33 -67
-198 50 309 323 -81 170 -441 -134 148 54 -42 686 -393 -97
-185 102 -90 180 3 178 252 -82 -161 -93 33 -393 868 60
495 -637 -123 -608 -215 -11 217 314 -194 -57 -67 -97 60 985

Q_cnstr 
47 13 22 -25 13 -12 -16 -26 6 0 1 7 -3 -6
13 48 7 -28 0 -3 2 15 -8 -3 7 -20 16 25
22 7 92 0 4 -38 -23 26 -3 -2 -8 -1 -19 8
-25 -28 0 96 -15 8 -11 17 -25 25 7 -7 -20 -23
13 0 4 -15 44 12 15 -4 7 16 10 22 2 -3
-12 -3 -38 8 12 70 35 8 -13 32 23 10 -12 -3
-16 2 -23 -11 15 35 80 37 -6 28 25 27 38 2
-26 15 26 17 -4 8 37 190 -36 24 61 -5 -12 26
6 -8 -3 -25 7 -13 -6 -36 23 -19 -17 3 2 0
0 -3 -2 25 16 32 28 24 -19 46 20 14 3 -5
1 7 -8 7 10 23 25 61 -17 20 48 5 2 10
7 -20 -1 -7 22 10 27 -5 3 14 5 46 4 -29
-3 16 -19 -20 2 -12 38 -12 2 3 2 4 67 13
-6 25 8 -23 -3 -3 2 26 0 -5 10 -29 13 42

