Q_obj 
303 52 17 -45 -8 -79 -48 9 -41 16 7 -19 103 45 34 -5 56 -9 76 -10 -98 100 -6 90 -107
52 325 151 156 36 -44 -33 -21 -37 35 41 30 -57 -43 74 93 -9 12 74 40 -40 62 46 -23 -32
17 151 296 108 -86 4 9 -30 9 26 98 41 52 -11 92 -12 37 29 0 53 -17 18 6 11 -17
-45 156 108 285 -10 30 -56 -52 12 -2 -19 -37 -36 -31 37 51 -97 26 -42 96 -38 -18 42 -54 -2
-8 36 -86 -10 250 20 -36 31 -70 -1 19 -27 -9 70 -16 110 1 47 11 -24 25 -7 26 5 -25
-79 -44 4 30 20 372 1 63 -8 76 14 25 10 74 -24 -32 -104 -1 -71 -9 21 -73 -88 5 -23
-48 -33 9 -56 -36 1 204 15 -51 -15 31 33 -17 -73 -55 18 38 76 53 2 43 28 17 22 -29
9 -21 -30 -52 31 63 15 238 -29 27 28 88 -37 105 -57 -7 -4 20 103 -100 11 -71 14 38 -39
-41 -37 9 12 -70 -8 -51 -29 176 22 -34 -45 -54 -59 39 -9 -23 -35 -48 19 34 -22 18 -44 15
16 35 26 -2 -1 76 -15 27 22 222 99 62 -86 10 53 -1 -50 34 -51 60 34 43 -21 10 -24
7 41 98 -19 19 14 31 28 -34 99 266 66 -32 12 28 46 65 48 -21 -29 35 -18 -59 50 -30
-19 30 41 -37 -27 25 33 88 -45 62 66 191 0 33 1 10 23 70 8 -41 24 -21 31 62 42
103 -57 52 -36 -9 10 -17 -37 -54 -86 -32 0 298 54 51 -56 98 24 -30 -23 9 43 -37 49 71
45 -43 -11 -31 70 74 -73 105 -59 10 12 33 54 239 -8 -106 -37 -24 -49 -50 -40 -88 -46 28 -2
34 74 92 37 -16 -24 -55 -57 39 53 28 1 51 -8 184 29 28 29 -53 34 12 31 -7 63 65
-5 93 -12 51 110 -32 18 -7 -9 -1 46 10 -56 -106 29 247 78 53 51 0 27 61 117 58 -56
56 -9 37 -97 1 -104 38 -4 -23 -50 65 23 98 -37 28 78 226 -1 0 -51 6 107 76 40 -6
-9 12 29 26 47 -1 76 20 -35 34 48 70 24 -24 29 53 -1 245 -1 64 106 22 95 92 33
76 74 0 -42 11 -71 53 103 -48 -51 -21 8 -30 -49 -53 51 0 -1 267 -108 -58 -4 15 16 -79
-10 40 53 96 -24 -9 2 -100 19 60 -29 -41 -23 -50 34 0 -51 64 -108 266 114 70 26 18 31
-98 -40 -17 -38 25 21 43 11 34 34 35 24 9 -40 12 27 6 106 -58 114 250 13 22 19 86
100 62 18 -18 -7 -73 28 -71 -22 43 -18 -21 43 -88 31 61 107 22 -4 70 13 209 95 -18 -57
-6 46 6 42 26 -88 17 14 18 -21 -59 31 -37 -46 -7 117 76 95 15 26 22 95 244 -26 -51
90 -23 11 -54 5 5 22 38 -44 10 50 62 49 28 63 58 40 92 16 18 19 -18 -26 243 28
-107 -32 -17 -2 -25 -23 -29 -39 15 -24 -30 42 71 -2 65 -56 -6 33 -79 31 86 -57 -51 28 200

Q_cnstr 
133 -26 -1 -33 -6 2 -1 40 18 11 11 -19 -32 0 13 1 34 -1 -36 -34 38 24 32 -6 30
-26 116 32 18 -24 46 -3 9 -6 -5 19 55 41 62 9 -1 32 -4 12 20 47 8 -6 -14 24
-1 32 107 12 -10 16 36 26 -19 -33 53 7 74 8 15 15 51 2 18 14 20 30 -71 1 23
-33 18 12 88 -9 27 22 2 -11 -18 -9 57 31 0 6 -3 -11 -2 12 31 19 -28 -27 -45 -34
-6 -24 -10 -9 159 -15 24 -32 -18 5 46 16 -44 -9 3 -21 -2 -14 -14 -14 -14 43 -17 -10 -8
2 46 16 27 -15 151 24 27 -38 -28 9 68 3 80 -22 -24 -14 -23 17 47 15 -43 51 48 27
-1 -3 36 22 24 24 118 55 -43 1 -1 18 67 -4 -22 7 4 21 9 10 18 3 -27 -3 11
40 9 26 2 -32 27 55 163 2 -57 -3 3 20 0 6 -34 -22 6 49 -15 25 27 -13 27 59
18 -6 -19 -11 -18 -38 -43 2 85 1 -10 -4 -18 -22 32 -31 7 -3 10 -27 19 13 -1 23 -18
11 -5 -33 -18 5 -28 1 -57 1 166 -12 10 43 -2 -3 -39 0 -8 -53 -11 21 7 34 -52 -28
11 19 53 -9 46 9 -1 -3 -10 -12 159 20 31 30 39 4 50 -40 17 26 -13 72 -53 44 38
-19 55 7 57 16 68 18 3 -4 10 20 141 34 58 -2 -16 10 -47 -15 68 52 -13 10 -23 14
-32 41 74 31 -44 3 67 20 -18 43 31 34 196 -9 3 -10 19 -20 13 47 55 34 -14 -30 -30
0 62 8 0 -9 80 -4 0 -22 -2 30 58 -9 128 4 1 12 2 -5 39 -30 16 21 27 32
13 9 15 6 3 -22 -22 6 32 -3 39 -2 3 4 64 -13 15 -1 18 8 -11 40 -31 18 5
1 -1 15 -3 -21 -24 7 -34 -31 -39 4 -16 -10 1 -13 106 44 28 -20 40 13 11 -39 -18 17
34 32 51 -11 -2 -14 4 -22 7 0 50 10 19 12 15 44 96 17 -31 11 44 14 -47 -24 21
-1 -4 2 -2 -14 -23 21 6 -3 -8 -40 -47 -20 2 -1 28 17 104 -19 -14 10 3 -47 -21 -31
-36 12 18 12 -14 17 9 49 10 -53 17 -15 13 -5 18 -20 -31 -19 93 -18 -22 18 -15 30 31
-34 20 14 31 -14 47 10 -15 -27 -11 26 68 47 39 8 40 11 -14 -18 129 28 5 -14 24 -6
38 47 20 19 -14 15 18 25 19 21 -13 52 55 -30 -11 13 44 10 -22 28 257 32 14 -51 -65
24 8 30 -28 43 -43 3 27 13 7 72 -13 34 16 40 11 14 3 18 5 32 209 -59 58 29
32 -6 -71 -27 -17 51 -27 -13 -1 34 -53 10 -14 21 -31 -39 -47 -47 -15 -14 14 -59 156 4 -20
-6 -14 1 -45 -10 48 -3 27 23 -52 44 -23 -30 27 18 -18 -24 -21 30 24 -51 58 4 236 32
30 24 23 -34 -8 27 11 59 -18 -28 38 14 -30 32 5 17 21 -31 31 -6 -65 29 -20 32 162

