Q_obj 
250 22 -21 -2 -11 26 -89 1 29 -52 -64 21 -16 -108 48 -29 2 4 -42 -88 -49 -50
22 195 30 -46 -55 4 28 -5 -65 22 -62 -28 -20 -34 -24 10 -88 -10 58 0 25 -32
-21 30 216 -62 12 1 8 62 -4 23 -19 -15 -52 29 23 -20 82 -15 -29 50 -29 42
-2 -46 -62 214 44 -11 -8 -49 -6 -1 29 -33 -7 -17 -23 -5 80 59 13 21 -38 -23
-11 -55 12 44 236 -47 41 -17 -108 50 19 -6 32 -1 50 -38 2 20 -68 -52 3 -31
26 4 1 -11 -47 222 7 -19 16 -21 51 -15 -90 41 51 77 31 -22 1 -28 -44 -16
-89 28 8 -8 41 7 256 -54 -128 111 47 4 -25 70 -62 50 -1 27 -1 -14 71 -7
1 -5 62 -49 -17 -19 -54 269 51 44 -33 -32 -126 31 -50 -15 55 -83 -60 0 -12 -16
29 -65 -4 -6 -108 16 -128 51 314 -158 -22 14 32 11 37 -58 28 -22 39 48 -108 85
-52 22 23 -1 50 -21 111 44 -158 218 -2 9 -16 5 -57 65 23 -40 -13 16 7 -29
-64 -62 -19 29 19 51 47 -33 -22 -2 171 -52 -32 55 50 52 50 36 -73 25 -13 19
21 -28 -15 -33 -6 -15 4 -32 14 9 -52 184 110 32 -16 -38 -67 -79 60 10 -9 -15
-16 -20 -52 -7 32 -90 -25 -126 32 -16 -32 110 274 -8 80 -73 -72 -65 57 27 -51 90
-108 -34 29 -17 -1 41 70 31 11 5 55 32 -8 221 43 -20 45 -6 -28 95 -20 4
48 -24 23 -23 50 51 -62 -50 37 -57 50 -16 80 43 218 -41 4 -26 -54 12 -96 52
-29 10 -20 -5 -38 77 50 -15 -58 65 52 -38 -73 -20 -41 171 -7 18 -8 -8 18 -59
2 -88 82 80 2 31 -1 55 28 23 50 -67 -72 45 4 -7 227 29 -97 46 -58 7
4 -10 -15 59 20 -22 27 -83 -22 -40 36 -79 -65 -6 -26 18 29 209 -55 34 15 -34
-42 58 -29 13 -68 1 -1 -60 39 -13 -73 60 57 -28 -54 -8 -97 -55 184 -1 12 41
-88 0 50 21 -52 -28 -14 0 48 16 25 10 27 95 12 -8 46 34 -1 157 -53 21
-49 25 -29 -38 3 -44 71 -12 -108 7 -13 -9 -51 -20 -96 18 -58 15 12 -53 187 -40
-50 -32 42 -23 -31 -16 -7 -16 85 -29 19 -15 90 4 52 -59 7 -34 41 21 -40 200

Q_cnstr 
108 4 -43 -7 12 10 -29 -7 -12 -18 31 21 0 -7 18 -24 -32 23 -35 -15 -20 -1
4 65 22 -4 18 7 21 -5 13 12 15 2 -20 0 -11 -2 -23 8 20 16 8 32
-43 22 78 0 -13 -3 25 14 12 11 1 -25 -14 14 -12 6 -16 -34 18 16 -1 8
-7 -4 0 51 23 -14 -16 8 8 -21 5 5 -7 2 -22 1 2 19 10 14 5 -17
12 18 -13 23 114 -25 -6 15 19 -1 12 10 0 -3 4 4 13 -10 -14 -3 32 1
10 7 -3 -14 -25 55 1 5 -2 -9 20 21 -26 16 -3 3 -31 -9 9 -12 -7 20
-29 21 25 -16 -6 1 83 10 -11 4 -9 -27 -10 7 -9 9 6 -18 20 2 3 8
-7 -5 14 8 15 5 10 98 -32 19 -37 -24 -14 -5 -30 -14 -17 -22 24 43 3 -9
-12 13 12 8 19 -2 -11 -32 106 2 19 49 19 16 -6 -1 8 -44 23 -59 -4 12
-18 12 11 -21 -1 -9 4 19 2 88 -34 -23 42 -14 -2 5 26 -60 35 35 12 13
31 15 1 5 12 20 -9 -37 19 -34 87 40 -34 13 5 -2 -8 12 -30 -20 -15 9
21 2 -25 5 10 21 -27 -24 49 -23 40 91 0 18 5 -12 -15 -7 -25 -42 -9 2
0 -20 -14 -7 0 -26 -10 -14 19 42 -34 0 106 -15 31 20 41 -44 12 -25 7 8
-7 0 14 2 -3 16 7 -5 16 -14 13 18 -15 40 -23 3 0 -7 -1 -15 1 8
18 -11 -12 -22 4 -3 -9 -30 -6 -2 5 5 31 -23 98 10 -16 8 -18 -3 -22 4
-24 -2 6 1 4 3 9 -14 -1 5 -2 -12 20 3 10 39 28 -2 12 -8 1 2
-32 -23 -16 2 13 -31 6 -17 8 26 -8 -15 41 0 -16 28 117 -6 0 -2 32 2
23 8 -34 19 -10 -9 -18 -22 -44 -60 12 -7 -44 -7 8 -2 -6 146 2 28 -7 -11
-35 20 18 10 -14 9 20 24 23 35 -30 -25 12 -1 -18 12 0 2 106 17 1 19
-15 16 16 14 -3 -12 2 43 -59 35 -20 -42 -25 -15 -3 -8 -2 28 17 102 11 -6
-20 8 -1 5 32 -7 3 3 -4 12 -15 -9 7 1 -22 1 32 -7 1 11 81 10
-1 32 8 -17 1 20 8 -9 12 13 9 2 8 8 4 2 2 -11 19 -6 10 52

