Q_obj 
200 69 -20 -31 38 -6 16 16 10 -69 11 -50 -5 20 -3 115 -11
69 137 -42 -6 47 -2 -21 50 57 18 40 -7 -28 75 37 19 8
-20 -42 206 -46 9 -33 11 -31 -39 63 3 14 92 -34 -17 -58 -23
-31 -6 -46 203 9 -30 -17 -93 8 -54 -10 55 -100 14 31 28 36
38 47 9 9 162 -92 47 20 18 19 49 31 9 119 44 37 37
-6 -2 -33 -30 -92 165 -25 20 44 -15 -51 -2 -9 -93 11 -63 35
16 -21 11 -17 47 -25 141 -19 -19 51 -7 -40 75 -2 42 47 -3
16 50 -31 -93 20 20 -19 146 27 16 49 -12 -41 69 7 -1 12
10 57 -39 8 18 44 -19 27 160 -9 42 -24 -26 34 64 -20 44
-69 18 63 -54 19 -15 51 16 -9 205 50 -11 53 -13 108 -84 -32
11 40 3 -10 49 -51 -7 49 42 50 179 -5 -78 59 93 42 -34
-50 -7 14 55 31 -2 -40 -12 -24 -11 -5 110 -44 39 -7 -45 30
-5 -28 92 -100 9 -9 75 -41 -26 53 -78 -44 193 -40 -31 -36 -21
20 75 -34 14 119 -93 -2 69 34 -13 59 39 -40 185 5 60 -13
-3 37 -17 31 44 11 42 7 64 108 93 -7 -31 5 187 -12 7
115 19 -58 28 37 -63 47 -1 -20 -84 42 -45 -36 60 -12 195 -64
-11 8 -23 36 37 35 -3 12 44 -32 -34 30 -21 -13 7 -64 139

Q_cnstr 
45 22 -12 -3 -7 -6 21 -5 9 -18 22 -19 -11 -3 -35 -18 -34
22 50 -4 -8 -19 -17 4 -11 6 -14 15 3 -20 40 -12 -3 -1
-12 -4 69 -5 8 4 -27 -19 21 0 -9 5 -4 -6 -14 0 0
-3 -8 -5 71 14 8 -9 16 11 8 -13 10 20 2 28 9 45
-7 -19 8 14 120 27 -19 19 4 18 -14 5 2 5 -6 -8 -3
-6 -17 4 8 27 33 2 7 -10 28 -12 3 10 -23 -32 7 7
21 4 -27 -9 -19 2 70 4 15 -5 18 -25 -12 -5 -34 -8 -35
-5 -11 -19 16 19 7 4 53 6 4 2 -11 17 -6 31 -4 15
9 6 21 11 4 -10 15 6 117 -9 25 3 -30 -4 16 -1 -18
-18 -14 0 8 18 28 -5 4 -9 52 -3 32 20 -3 -1 25 13
22 15 -9 -13 -14 -12 18 2 25 -3 38 8 7 0 20 -3 -31
-19 3 5 10 5 3 -25 -11 3 32 8 99 47 32 46 28 45
-11 -20 -4 20 2 10 -12 17 -30 20 7 47 100 7 78 19 61
-3 40 -6 2 5 -23 -5 -6 -4 -3 0 32 7 104 20 22 58
-35 -12 -14 28 -6 -32 -34 31 16 -1 20 46 78 20 196 8 51
-18 -3 0 9 -8 7 -8 -4 -1 25 -3 28 19 22 8 38 48
-34 -1 0 45 -3 7 -35 15 -18 13 -31 45 61 58 51 48 145

