Q_obj 
2511 -571 412 -41 -543 -385 -238 82 -438 -243 252 253 279 192 -152 173 -112 -113 -162 -45 376 -1 207 -134 -100 512 -352 286 -431 132 356 259 85 -226 101 565 -80 141 -146 56 -3 -741 -253 589 576 -99 306 -783 -276 41 360 23
-571 2292 -724 -434 717 -353 63 -510 248 -213 -408 -367 440 -172 114 -170 -547 -33 391 109 -684 -365 -299 156 445 -209 65 519 25 220 -35 -134 -13 -259 577 -198 100 375 -188 -94 -42 498 206 366 -466 -345 -398 -15 -771 -460 -279 226
412 -724 2742 -117 -28 463 -243 967 -41 -341 -343 -256 379 -227 225 304 569 -52 -462 331 -240 -59 595 -188 1056 304 204 -490 -395 111 53 -514 509 383 -143 783 349 -55 159 -209 42 -426 -972 -371 516 -285 162 -390 -90 -163 60 -790
-41 -434 -117 2147 -362 400 524 498 -76 277 1083 321 141 284 15 -336 114 648 -545 -283 223 500 -162 -81 69 -666 -240 425 399 -303 -657 121 239 7 -88 -226 221 -284 -165 -266 -538 245 95 -321 210 444 172 205 -487 71 -114 -411
-543 717 -28 -362 3488 505 -102 -65 -237 76 -383 -1 217 529 417 239 -474 154 419 544 -649 130 591 -185 506 -82 -208 697 119 -737 385 -101 18 856 -139 -294 160 -49 -893 -130 209 -964 107 -485 -47 -346 -342 382 -191 171 156 378
-385 -353 463 400 505 1819 -44 598 -308 70 242 -364 -23 -288 536 19 -200 -387 478 394 375 721 26 -52 560 -126 291 -373 140 267 -90 0 -32 879 -630 268 162 -203 -56 -314 -149 77 -194 -341 29 113 91 622 -190 -198 274 -409
-238 63 -243 524 -102 -44 3127 -329 489 17 -107 183 37 -194 124 -919 506 -245 -430 471 64 211 -607 -318 -561 478 401 279 512 -160 -92 663 678 -210 41 -15 -244 -262 64 -173 -235 267 58 273 -77 -436 103 -54 -426 -613 -407 -55
82 -510 967 498 -65 598 -329 2441 -366 247 689 -65 -599 -447 268 -537 419 188 -65 136 -150 358 320 -2 238 -279 -321 501 330 32 179 -475 157 571 -440 334 624 291 69 -110 87 -1 -649 -331 -484 374 -205 -206 -197 289 1 -404
-438 248 -41 -76 -237 -308 489 -366 2686 154 -202 -349 264 139 -102 -169 -94 488 248 286 261 -244 356 154 -58 361 537 -182 85 613 -275 286 -696 -185 99 -150 -672 387 -314 45 -101 64 -167 109 -150 -266 -130 -565 434 -288 -467 339
-243 -213 -341 277 76 70 17 247 154 2677 239 -406 173 -193 -184 -327 -45 -190 -161 -422 254 886 -53 -77 -328 -611 -288 104 216 -110 -169 -489 -547 694 -1 -115 76 -136 259 170 -184 136 267 367 -394 -550 -905 -71 82 62 4 -21
252 -408 -343 1083 -383 242 -107 689 -202 239 2460 -198 221 91 194 -189 -178 -96 -181 -485 -23 133 -391 -161 60 -152 22 568 651 -560 -267 148 342 -19 48 -83 160 -68 -13 -55 -273 -169 -14 -681 -224 -291 110 -539 -678 129 97 437
253 -367 -256 321 -1 -364 183 -65 -349 -406 -198 2633 -42 329 -530 -341 182 -3 247 350 10 384 -130 -242 -363 -71 -739 -438 20 67 -210 -111 -22 -438 -253 -187 274 -84 -945 33 108 -560 -219 -98 643 273 -352 144 41 204 -9 98
279 440 379 141 217 -23 37 -599 264 173 221 -42 2444 235 43 143 -239 94 226 -59 -192 178 -323 336 88 88 317 -181 -374 -315 -366 -220 566 -38 268 -277 52 -96 16 207 -101 34 737 196 137 -374 -148 -620 -888 -403 -75 -209
192 -172 -227 284 529 -288 -194 -447 139 -193 91 329 235 2923 -581 292 -169 -366 184 283 -574 -195 125 467 -318 206 -1042 -291 261 -776 224 177 356 -548 19 -445 82 127 -134 -101 358 96 105 -829 17 84 694 -67 384 114 95 143
-152 114 225 15 417 536 124 268 -102 -184 194 -530 43 -581 2242 -763 246 -163 -78 -197 557 -47 285 -68 369 -32 -62 16 -257 -302 331 16 661 612 -404 132 54 360 38 514 -45 120 -233 -10 -26 -118 -340 339 -367 304 -245 -262
173 -170 304 -336 239 19 -919 -537 -169 -327 -189 -341 143 292 -763 2220 -199 57 204 -275 -569 -367 -150 150 532 -108 90 -56 -182 -329 -48 -278 -433 -101 281 94 -522 4 136 -497 206 -372 725 7 287 -121 345 -209 272 -175 567 242
-112 -547 569 114 -474 -200 506 419 -94 -45 -178 182 -239 -169 246 -199 3300 -112 -399 379 -209 126 163 246 -129 -1 -212 34 25 -192 775 -603 -461 162 -309 76 665 129 361 808 35 202 -440 172 -474 -396 334 -279 520 8 335 207
-113 -33 -52 648 154 -387 -245 188 488 -190 -96 -3 94 -366 -163 57 -112 2797 -604 270 36 202 424 -327 -497 -370 -289 528 -863 -17 -589 -171 -564 -490 152 -395 -97 349 -72 -344 -374 319 -167 -186 -519 470 -502 -73 137 -61 344 -93
-162 391 -462 -545 419 478 -430 -65 248 -161 -181 247 226 184 -78 204 -399 -604 3121 137 601 -139 -227 326 -235 454 148 -173 1012 822 -267 50 -1 191 262 -382 -171 -251 -306 132 6 -384 614 -566 -209 57 66 282 51 -527 621 371
-45 109 331 -283 544 394 471 136 286 -422 -485 350 -59 283 -197 -275 379 270 137 3135 -429 445 425 -341 -13 -180 -312 156 -216 409 431 21 -397 -13 -800 190 504 436 101 7 364 -175 126 -366 -121 -112 267 -611 599 -740 -658 243
376 -684 -240 223 -649 375 64 -150 261 254 -23 10 -192 -574 557 -569 -209 36 601 -429 2967 -65 91 -175 -373 980 -169 -26 6 790 -94 29 61 258 70 -38 -680 -634 217 484 -267 -255 -76 237 809 765 -206 491 -165 -84 698 -710
-1 -365 -59 500 130 721 211 358 -244 886 133 384 178 -195 -47 -367 126 202 -139 445 -65 2636 -103 -141 249 -279 -630 103 -357 -46 214 10 -148 291 -1233 386 247 54 -414 125 -408 322 -124 76 -452 -141 -906 645 245 -81 109 263
207 -299 595 -162 591 26 -607 320 356 -53 -391 -130 -323 125 285 -150 163 424 -227 425 91 -103 2625 -445 -54 -96 85 -315 -291 -85 285 -115 388 -33 -299 488 -91 518 -437 54 319 -315 -574 -314 109 -90 -118 55 338 150 -1 -56
-134 156 -188 -81 -185 -52 -318 -2 154 -77 -161 -242 336 467 -68 150 246 -327 326 -341 -175 -141 -445 2100 -213 -278 -178 71 437 530 314 267 -340 130 -50 -118 -254 10 372 552 -152 172 535 73 -151 600 301 67 518 357 -171 166
-100 445 1056 69 506 560 -561 238 -58 -328 60 -363 88 -318 369 532 -129 -497 -235 -13 -373 249 -54 -213 2772 114 91 173 203 100 -25 487 303 -167 -58 567 -115 -587 -408 -16 -581 -263 -453 108 287 679 -64 -286 -271 -124 -174 -439
512 -209 304 -666 -82 -126 478 -279 361 -611 -152 -71 88 206 -32 -108 -1 -370 454 -180 980 -279 -96 -278 114 2374 177 27 127 -322 -101 431 353 -630 385 -6 -499 -473 -291 639 -448 -530 -255 41 218 6 141 -80 46 -601 356 -51
-352 65 204 -240 -208 291 401 -321 537 -288 22 -739 317 -1042 -62 90 -212 -289 148 -312 -169 -630 85 -178 91 177 2489 122 -121 774 -352 190 187 318 568 421 -203 -418 272 -254 21 93 -2 464 191 42 464 -170 -345 -104 -50 -79
286 519 -490 425 697 -373 279 501 -182 104 568 -438 -181 -291 16 -56 34 528 -173 156 -26 103 -315 71 173 27 122 3243 56 -33 483 133 202 353 21 362 49 176 174 762 -73 -165 223 273 -435 130 -117 -549 -1040 439 -9 -229
-431 25 -395 399 119 140 512 330 85 216 651 20 -374 261 -257 -182 25 -863 1012 -216 6 -357 -291 437 203 127 -121 56 2491 285 120 406 190 145 355 -342 201 -426 32 5 -425 -101 801 -489 157 195 488 -193 230 -568 -428 -151
132 220 111 -303 -737 267 -160 32 613 -110 -560 67 -315 -776 -302 -329 -192 -17 822 409 790 -46 -85 530 100 -322 774 -33 285 3123 398 510 -423 365 164 749 111 229 589 238 -260 291 -635 360 720 1028 104 -355 -46 156 301 -255
356 -35 53 -657 385 -90 -92 179 -275 -169 -267 -210 -366 224 331 -48 775 -589 -267 431 -94 214 285 314 -25 -101 -352 483 120 398 2592 -82 -555 161 232 64 -17 778 407 512 246 383 -97 112 -29 -64 7 -349 -377 7 -53 527
259 -134 -514 121 -101 0 663 -475 286 -489 148 -111 -220 177 16 -278 -603 -171 50 21 29 10 -115 267 487 431 190 133 406 510 -82 2885 229 -328 340 -84 -631 -160 -72 61 -36 -448 -423 64 317 667 -165 -174 369 280 -8 658
85 -13 509 239 18 -32 678 157 -696 -547 342 -22 566 356 661 -433 -461 -564 -1 -397 61 -148 388 -340 303 353 187 202 190 -423 -555 229 2683 16 -325 400 145 -418 176 142 248 57 -41 -285 380 200 162 58 -870 -60 -41 -1025
-226 -259 383 7 856 879 -210 571 -185 694 -19 -438 -38 -548 612 -101 162 -490 191 -13 258 291 -33 130 -167 -630 318 353 145 365 161 -328 16 2965 -621 252 811 102 186 285 675 -425 -289 -122 428 -666 -232 96 -154 106 117 -361
101 577 -143 -88 -139 -630 41 -440 99 -1 48 -253 268 19 -404 281 -309 152 262 -800 70 -1233 -299 -50 -58 385 568 21 355 164 232 340 -325 -621 3073 -569 -264 -128 236 -522 258 62 -262 -186 159 320 -196 143 -239 -323 442 74
565 -198 783 -226 -294 268 -15 334 -150 -115 -83 -187 -277 -445 132 94 76 -395 -382 190 -38 386 488 -118 567 -6 421 362 -342 749 64 -84 400 252 -569 2582 339 74 -161 69 -411 13 -310 253 463 391 3 -291 68 444 394 -651
-80 100 349 221 160 162 -244 624 -672 76 160 274 52 82 54 -522 665 -97 -171 504 -680 247 -91 -254 -115 -499 -203 49 201 111 -17 -631 145 811 -264 339 2445 395 -253 -44 80 119 -538 -288 10 -335 -38 -9 461 310 -123 -646
141 375 -55 -284 -49 -203 -262 291 387 -136 -68 -84 -96 127 360 4 129 349 -251 436 -634 54 518 10 -587 -473 -418 176 -426 229 778 -160 -418 102 -128 74 395 2903 239 -51 848 637 -127 3 -4 -810 -322 -777 -174 79 -174 753
-146 -188 159 -165 -893 -56 64 69 -314 259 -13 -945 16 -134 38 136 361 -72 -306 101 217 -414 -437 372 -408 -291 272 174 32 589 407 -72 176 186 236 -161 -253 239 2577 -31 210 862 187 448 186 -39 381 -780 -485 -123 109 239
56 -94 -209 -266 -130 -314 -173 -110 45 170 -55 33 207 -101 514 -497 808 -344 132 7 484 125 54 552 -16 639 -254 762 5 238 512 61 142 285 -522 69 -44 -51 -31 2662 -658 -306 108 -83 -427 -154 -228 -301 -233 -22 157 249
-3 -42 42 -538 209 -149 -235 87 -101 -184 -273 108 -101 358 -45 206 35 -374 6 364 -267 -408 319 -152 -581 -448 21 -73 -425 -260 246 -36 248 675 258 -411 80 848 210 -658 2305 -437 -67 -119 78 -500 104 6 229 311 90 73
-741 498 -426 245 -964 77 267 -1 64 136 -169 -560 34 96 120 -372 202 319 -384 -175 -255 322 -315 172 -263 -530 93 -165 -101 291 383 -448 57 -425 62 13 119 637 862 -306 -437 2465 115 75 -698 369 5 263 -303 -198 -470 -339
-253 206 -972 95 107 -194 58 -649 -167 267 -14 -219 737 105 -233 725 -440 -167 614 126 -76 -124 -574 535 -453 -255 -2 223 801 -635 -97 -423 -41 -289 -262 -310 -538 -127 187 108 -67 115 2859 226 184 316 492 -364 106 -614 -354 -49
589 366 -371 -321 -485 -341 273 -331 109 367 -681 -98 196 -829 -10 7 172 -186 -566 -366 237 76 -314 73 108 41 464 273 -489 360 112 64 -285 -122 -186 253 -288 3 448 -83 -119 75 226 2587 745 207 -739 -467 -343 -413 -581 151
576 -466 516 210 -47 29 -77 -484 -150 -394 -224 643 137 17 -26 287 -474 -519 -209 -121 809 -452 109 -151 287 218 191 -435 157 720 -29 317 380 428 159 463 10 -4 186 -427 78 -698 184 745 2492 659 77 -396 -308 -201 -176 -442
-99 -345 -285 444 -346 113 -436 374 -266 -550 -291 273 -374 84 -118 -121 -396 470 57 -112 765 -141 -90 600 679 6 42 130 195 1028 -64 667 200 -666 320 391 -335 -810 -39 -154 -500 369 316 207 659 2983 312 181 460 675 7 -1019
306 -398 162 172 -342 91 103 -205 -130 -905 110 -352 -148 694 -340 345 334 -502 66 267 -206 -906 -118 301 -64 141 464 -117 488 104 7 -165 162 -232 -196 3 -38 -322 381 -228 104 5 492 -739 77 312 2302 -297 104 368 -257 -470
-783 -15 -390 205 382 622 -54 -206 -565 -71 -539 144 -620 -67 339 -209 -279 -73 282 -611 491 645 55 67 -286 -80 -170 -549 -193 -355 -349 -174 58 96 143 -291 -9 -777 -780 -301 6 263 -364 -467 -396 181 -297 2638 667 293 -7 -388
-276 -771 -90 -487 -191 -190 -426 -197 434 82 -678 41 -888 384 -367 272 520 137 51 599 -165 245 338 518 -271 46 -345 -1040 230 -46 -377 369 -870 -154 -239 68 461 -174 -485 -233 229 -303 106 -343 -308 460 104 667 2987 455 -132 287
41 -460 -163 71 171 -198 -613 289 -288 62 129 204 -403 114 304 -175 8 -61 -527 -740 -84 -81 150 357 -124 -601 -104 439 -568 156 7 280 -60 106 -323 444 310 79 -123 -22 311 -198 -614 -413 -201 675 368 293 455 2526 185 -265
360 -279 60 -114 156 274 -407 1 -467 4 97 -9 -75 95 -245 567 335 344 621 -658 698 109 -1 -171 -174 356 -50 -9 -428 301 -53 -8 -41 117 442 394 -123 -174 109 157 90 -470 -354 -581 -176 7 -257 -7 -132 185 2507 -28
23 226 -790 -411 378 -409 -55 -404 339 -21 437 98 -209 143 -262 242 207 -93 371 243 -710 263 -56 166 -439 -51 -79 -229 -151 -255 527 658 -1025 -361 74 -651 -646 753 239 249 73 -339 -49 151 -442 -1019 -470 -388 287 -265 -28 2781

Q_cnstr 
84 4 19 -28 9 -7 4 -14 1 24 -1 11 -1 -9 7 9 -6 4 7 -6 5 13 8 23 -9 -5 -8 -7 -31 3 -11 0 -2 40 -35 1 13 -41 -19 -24 -11 -18 -22 -11 1 11 16 1 -34 16 6 12
4 67 8 3 10 -5 10 0 5 8 -15 17 9 -10 0 -6 -5 -17 -5 10 -15 7 -19 -12 -12 9 7 3 12 1 5 -7 2 -3 -25 0 -21 16 -20 23 5 -7 20 -7 12 -2 17 13 -5 5 0 7
19 8 114 -5 7 -11 -32 36 -12 0 11 10 -20 -3 -9 -2 -11 9 -7 7 -6 0 21 -23 -40 6 19 -38 -3 -10 7 20 -23 8 -35 -10 38 -10 -14 1 -33 -18 -1 -10 5 -36 6 6 -9 2 -10 23
-28 3 -5 133 -24 -17 -4 35 22 12 20 0 -8 -6 -20 -19 23 -4 -6 8 -4 12 -8 24 -7 9 -18 -11 38 -2 -7 -29 -11 9 40 11 -18 -16 38 16 38 -4 10 27 1 -1 -10 4 3 -47 -7 -14
9 10 7 -24 70 26 -22 -1 5 -7 15 13 9 29 -16 23 8 6 -4 -7 -8 -9 27 -29 -9 16 14 19 3 -3 25 7 29 17 -4 25 3 9 -19 8 -11 10 9 0 -1 6 -10 -10 0 10 4 34
-7 -5 -11 -17 26 108 1 -17 -19 -8 23 -11 -27 1 -12 -9 33 26 20 6 -14 3 21 -13 20 5 9 -1 8 -15 1 1 37 -8 12 -17 27 30 19 14 -10 -8 4 -4 7 3 -9 6 1 20 20 16
4 10 -32 -4 -22 1 128 -46 -17 2 -1 27 -13 -20 -24 -22 -2 -29 7 29 -26 4 -12 19 13 -22 -20 0 16 16 -2 -17 22 -6 24 -22 -10 -10 -32 -2 27 13 4 -4 18 -2 6 15 8 43 -4 -4
-14 0 36 35 -1 -17 -46 148 27 20 -7 -26 10 41 13 9 -7 12 -8 -8 -4 -5 -1 -32 -9 -10 0 -10 14 -13 4 -3 -17 9 -5 -22 -2 12 -4 2 -6 -2 -10 17 -8 -8 -12 -1 21 -38 44 9
1 5 -12 22 5 -19 -17 27 105 6 -5 -12 13 7 20 -7 -17 -25 49 -6 20 -5 -9 13 -20 -2 -11 1 -1 1 -9 -23 29 -12 -15 19 -1 -15 0 -5 9 -3 -7 -3 -40 -20 -20 2 -16 -32 -32 -26
24 8 0 12 -7 -8 2 20 6 89 -13 -4 -11 5 7 8 0 -3 -1 -5 4 2 -21 5 3 1 15 -16 -14 6 -26 1 6 35 7 9 -12 -7 18 4 -12 -11 -9 2 12 11 -1 -20 -16 -17 33 -12
-1 -15 11 20 15 23 -1 -7 -5 -13 126 16 -25 -9 -12 16 36 6 -1 -16 1 -4 37 -7 18 -9 21 24 25 -1 40 -15 12 -6 -3 3 -2 -8 -13 -19 -29 -9 2 -23 -11 7 -7 -1 -7 21 -1 11
11 17 10 0 13 -11 27 -26 -12 -4 16 122 -14 -17 -4 7 8 1 -14 -7 0 -12 3 39 26 -4 -2 12 -5 21 21 12 -19 62 27 -5 -15 3 -6 10 5 0 13 12 -7 17 7 12 -41 18 -9 -1
-1 9 -20 -8 9 -27 -13 10 13 -11 -25 -14 121 16 19 21 -18 -10 -11 3 -5 3 -7 10 15 0 2 37 -8 -6 11 7 6 1 -1 11 -25 -21 20 -28 17 18 43 -12 -18 -46 -5 17 -17 -4 2 -5
-9 -10 -3 -6 29 1 -20 41 7 5 -9 -17 16 167 -17 24 7 15 1 18 14 5 20 -24 2 -18 -18 14 41 22 13 9 9 4 8 3 -5 40 -4 28 -43 38 5 5 24 -3 -13 5 26 0 16 -3
7 0 -9 -20 -16 -12 -24 13 20 7 -12 -4 19 -17 149 8 -16 -20 -6 -7 9 7 16 56 23 -32 -31 24 -6 -4 4 26 -13 6 -12 -5 1 -15 0 -1 16 -11 2 3 21 0 -3 28 -24 -16 32 -21
9 -6 -2 -19 23 -9 -22 9 -7 8 16 7 21 24 8 137 -14 25 -12 -23 12 2 39 -20 19 -16 10 32 -4 -18 42 50 -16 -12 -6 16 -2 18 -6 18 -31 5 10 -18 -6 16 10 -4 18 28 20 17
-6 -5 -11 23 8 33 -2 -7 -17 0 36 8 -18 7 -16 -14 126 -3 2 -24 -8 20 13 3 2 -12 3 -3 28 11 2 -23 4 9 14 -20 21 6 15 -5 -26 21 -13 -8 42 16 -3 11 9 -16 14 -1
4 -17 9 -4 6 26 -29 12 -25 -3 6 1 -10 15 -20 25 -3 140 -18 2 2 2 10 -3 6 8 8 25 3 10 -18 21 -42 11 6 11 8 32 1 -8 -11 6 10 -4 -32 21 0 -10 0 5 14 13
7 -5 -7 -6 -4 20 7 -8 49 -1 -1 -14 -11 1 -6 -12 2 -18 117 -11 4 15 -6 20 -8 -12 -9 -14 30 -29 19 -19 14 -1 -14 -2 1 25 -12 -17 -6 -16 14 -27 -11 -33 -2 31 -23 -7 -6 28
-6 10 7 8 -7 6 29 -8 -6 -5 -16 -7 3 18 -7 -23 -24 2 -11 85 -12 6 2 22 11 14 -10 -6 15 7 -2 15 1 -25 6 -11 3 -4 -17 6 34 8 18 26 10 -18 13 -1 -7 9 -9 -9
5 -15 -6 -4 -8 -14 -26 -4 20 4 1 0 -5 14 9 12 -8 2 4 -12 93 2 -4 -28 16 5 -12 15 2 32 2 3 -8 -16 2 6 -5 2 33 11 -13 -9 -24 10 -16 9 16 -9 17 -20 3 -17
13 7 0 12 -9 3 4 -5 -5 2 -4 -12 3 5 7 2 20 2 15 6 2 75 5 15 0 -23 -32 0 32 5 -13 -4 -9 7 -37 0 12 8 11 -6 15 -6 0 11 17 -20 21 40 8 -19 10 -6
8 -19 21 -8 27 21 -12 -1 -9 -21 37 3 -7 20 16 39 13 10 -6 2 -4 5 170 9 -23 2 16 -1 -13 -42 30 15 -4 -25 -30 -16 22 -2 -30 -17 14 7 12 7 39 -25 -17 24 -24 -16 7 33
23 -12 -23 24 -29 -13 19 -32 13 5 -7 39 10 -24 56 -20 3 -3 20 22 -28 15 9 201 46 -33 4 -13 9 -5 -16 13 -31 26 2 -1 -8 -5 13 -20 41 30 24 8 27 6 2 50 -55 -4 -5 -16
-9 -12 -40 -7 -9 20 13 -9 -20 3 18 26 15 2 23 19 2 6 -8 11 16 0 -23 46 125 -1 5 13 6 16 19 30 -1 18 21 3 -24 15 45 5 14 24 30 5 -7 -3 24 16 -17 22 46 -3
-5 9 6 9 16 5 -22 -10 -2 1 -9 -4 0 -18 -32 -16 -12 8 -12 14 5 -23 2 -33 -1 102 50 3 -2 12 12 18 14 22 -7 30 -6 -13 11 24 3 -3 13 14 -18 -41 5 -12 -33 -26 -16 7
-8 7 19 -18 14 9 -20 0 -11 15 21 -2 2 -18 -31 10 3 8 -9 -10 -12 -32 16 4 5 50 118 0 -16 -4 16 9 8 0 -16 22 -14 29 7 4 -32 12 22 1 2 -12 -1 6 -17 -7 7 21
-7 3 -38 -11 19 -1 0 -10 1 -16 24 12 37 14 24 32 -3 25 -14 -6 15 0 -1 -13 13 3 0 109 12 28 28 0 14 9 4 20 -27 18 -4 -23 -9 2 4 -13 -30 9 5 10 -1 21 -3 5
-31 12 -3 38 3 8 16 14 -1 -14 25 -5 -8 41 -6 -4 28 3 30 15 2 32 -13 9 6 -2 -16 12 144 6 24 -11 -16 -25 1 -9 -19 40 -20 27 -11 5 1 -13 28 -40 17 32 31 -14 28 38
3 1 -10 -2 -3 -15 16 -13 1 6 -1 21 -6 22 -4 -18 11 10 -29 7 32 5 -42 -5 16 12 -4 28 6 115 -8 4 6 12 14 -2 15 -14 19 14 -8 19 -31 28 -9 18 6 -10 -1 7 0 -50
-11 5 7 -7 25 1 -2 4 -9 -26 40 21 11 13 4 42 2 -18 19 -2 2 -13 30 -16 19 12 16 28 24 -8 130 7 14 -2 -7 -5 -14 17 -22 25 -14 17 9 -8 8 -15 3 23 -26 20 22 49
0 -7 20 -29 7 1 -17 -3 -23 1 -15 12 7 9 26 50 -23 21 -19 15 3 -4 15 13 30 18 9 0 -11 4 7 123 -8 2 -14 16 32 25 7 21 19 8 28 -7 -7 -24 15 13 -26 28 14 -23
-2 2 -23 -11 29 37 22 -17 29 6 12 -19 6 9 -13 -16 4 -42 14 1 -8 -9 -4 -31 -1 14 8 14 -16 6 14 -8 144 -5 -27 -7 5 -13 0 -11 1 -6 -5 16 -34 -50 -32 -13 -7 -7 -6 -22
40 -3 8 9 17 -8 -6 9 -12 35 -6 62 1 4 6 -12 9 11 -1 -25 -16 7 -25 26 18 22 0 9 -25 12 -2 2 -5 169 31 46 -22 -36 22 -14 -11 -3 -11 4 -4 12 0 16 -49 4 10 -9
-35 -25 -35 40 -4 12 24 -5 -15 7 -3 27 -1 8 -12 -6 14 6 -14 6 2 -37 -30 2 21 -7 -16 4 1 14 -7 -14 -27 31 197 9 -28 -23 47 38 -22 6 -2 7 18 29 -25 -28 30 16 -5 3
1 0 -10 11 25 -17 -22 -22 19 9 3 -5 11 3 -5 16 -20 11 -2 -11 6 0 -16 -1 3 30 22 20 -9 -2 -5 16 -7 46 9 105 -18 -10 10 11 14 17 19 -21 -29 14 3 0 -9 16 -13 -24
13 -21 38 -18 3 27 -10 -2 -1 -12 -2 -15 -25 -5 1 -2 21 8 1 3 -5 12 22 -8 -24 -6 -14 -27 -19 15 -14 32 5 -22 -28 -18 103 -16 -12 8 -10 12 0 -7 10 0 -8 -10 1 -2 -13 -24
-41 16 -10 -16 9 30 -10 12 -15 -7 -8 3 -21 40 -15 18 6 32 25 -4 2 8 -2 -5 15 -13 29 18 40 -14 17 25 -13 -36 -23 -10 -16 153 7 31 -17 10 11 -3 18 7 9 25 32 7 6 33
-19 -20 -14 38 -19 19 -32 -4 0 18 -13 -6 20 -4 0 -6 15 1 -12 -17 33 11 -30 13 45 11 7 -4 -20 19 -22 7 0 22 47 10 -12 7 163 -3 -9 -6 -13 12 1 -8 11 32 10 -3 18 -41
-24 23 1 16 8 14 -2 2 -5 4 -19 10 -28 28 -1 18 -5 -8 -17 6 11 -6 -17 -20 5 24 4 -23 27 14 25 21 -11 -14 38 11 8 31 -3 144 -25 25 16 8 29 -14 -8 -7 2 -39 3 -13
-11 5 -33 38 -11 -10 27 -6 9 -12 -29 5 17 -43 16 -31 -26 -11 -6 34 -13 15 14 41 14 3 -32 -9 -11 -8 -14 19 1 -11 -22 14 -10 -17 -9 -25 155 4 24 39 -21 12 -3 22 -40 -12 27 -18
-18 -7 -18 -4 10 -8 13 -2 -3 -11 -9 0 18 38 -11 5 21 6 -16 8 -9 -6 7 30 24 -3 12 2 5 19 17 8 -6 -3 6 17 12 10 -6 25 4 103 12 -2 17 4 3 15 -5 3 16 -10
-22 20 -1 10 9 4 4 -10 -7 -9 2 13 43 5 2 10 -13 10 14 18 -24 0 12 24 30 13 22 4 1 -31 9 28 -5 -11 -2 19 0 11 -13 16 24 12 146 -12 -7 -37 -8 8 -14 -24 2 0
-11 -7 -10 27 0 -4 -4 17 -3 2 -23 12 -12 5 3 -18 -8 -4 -27 26 10 11 7 8 5 14 1 -13 -13 28 -8 -7 16 4 7 -21 -7 -3 12 8 39 -2 -12 105 2 17 -4 -1 11 -52 8 -8
1 12 5 1 -1 7 18 -8 -40 12 -11 -7 -18 24 21 -6 42 -32 -11 10 -16 17 39 27 -7 -18 2 -30 28 -9 8 -7 -34 -4 18 -29 10 18 1 29 -21 17 -7 2 132 34 15 23 25 -7 19 33
11 -2 -36 -1 6 3 -2 -8 -20 11 7 17 -46 -3 0 16 16 21 -33 -18 9 -20 -25 6 -3 -41 -12 9 -40 18 -15 -24 -50 12 29 14 0 7 -8 -14 12 4 -37 17 34 202 0 -39 50 36 8 1
16 17 6 -10 -10 -9 6 -12 -20 -1 -7 7 -5 -13 -3 10 -3 0 -2 13 16 21 -17 2 24 5 -1 5 17 6 3 15 -32 0 -25 3 -8 9 11 -8 -3 3 -8 -4 15 0 62 23 10 30 8 12
1 13 6 4 -10 6 15 -1 2 -20 -1 12 17 5 28 -4 11 -10 31 -1 -9 40 24 50 16 -12 6 10 32 -10 23 13 -13 16 -28 0 -10 25 32 -7 22 15 8 -1 23 -39 23 103 -33 7 27 15
-34 -5 -9 3 0 1 8 21 -16 -16 -7 -41 -17 26 -24 18 9 0 -23 -7 17 8 -24 -55 -17 -33 -17 -1 31 -1 -26 -26 -7 -49 30 -9 1 32 10 2 -40 -5 -14 11 25 50 10 -33 156 13 -14 8
16 5 2 -47 10 20 43 -38 -32 -17 21 18 -4 0 -16 28 -16 5 -7 9 -20 -19 -16 -4 22 -26 -7 21 -14 7 20 28 -7 4 16 16 -2 7 -3 -39 -12 3 -24 -52 -7 36 30 7 13 151 3 -5
6 0 -10 -7 4 20 -4 44 -32 33 -1 -9 2 16 32 20 14 14 -6 -9 3 10 7 -5 46 -16 7 -3 28 0 22 14 -6 10 -5 -13 -13 6 18 3 27 16 2 8 19 8 8 27 -14 3 145 -1
12 7 23 -14 34 16 -4 9 -26 -12 11 -1 -5 -3 -21 17 -1 13 28 -9 -17 -6 33 -16 -3 7 21 5 38 -50 49 -23 -22 -9 3 -24 -24 33 -41 -13 -18 -10 0 -8 33 1 12 15 8 -5 -1 177

