Q_obj 
85 23 9 -9 -17 22 11 46 -6 44
23 95 44 -14 -57 -15 37 -15 -45 -21
9 44 120 -21 -27 -10 8 44 -40 29
-9 -14 -21 102 -8 -6 -37 46 24 -60
-17 -57 -27 -8 93 -31 -33 20 -15 -14
22 -15 -10 -6 -31 72 30 -1 43 42
11 37 8 -37 -33 30 114 -60 0 1
46 -15 44 46 20 -1 -60 116 -9 19
-6 -45 -40 24 -15 43 0 -9 80 -3
44 -21 29 -60 -14 42 1 19 -3 129

Q_cnstr 
31 -5 -15 8 7 -12 -3 23 18 4
-5 55 -3 -7 13 11 5 11 -20 8
-15 -3 65 -23 0 6 -37 -9 -22 -16
8 -7 -23 34 12 -16 4 0 13 26
7 13 0 12 20 -16 -2 12 6 15
-12 11 6 -16 -16 44 -21 -9 -13 -2
-3 5 -37 4 -2 -21 77 -15 -16 12
23 11 -9 0 12 -9 -15 41 29 -15
18 -20 -22 13 6 -13 -16 29 51 -8
4 8 -16 26 15 -2 12 -15 -8 72

