Q_obj 
451 -60 -56 -12 -84 -111 -113 -47 59 20 51 -90 59 -4 132 3 73 -30 -67 82 25 23 82 -60 -17 73 41 -32 55 -142 -31 -101 36 31 51 -60 -45 -116 -2 97 -118 29 35 71 36
-60 510 -157 -154 -122 65 110 131 -53 103 -71 104 65 38 -24 34 -120 133 -83 -117 139 -103 -21 29 45 87 -87 -52 -16 127 41 -14 91 -80 -3 -16 -8 42 63 -28 76 -59 -12 -81 58
-56 -157 542 -87 66 -63 0 -29 29 -31 92 35 38 -12 -155 22 29 64 235 77 39 72 68 -59 3 -31 108 -94 -34 -62 12 -38 -20 49 32 -75 -97 10 -79 -158 2 -38 30 151 53
-12 -154 -87 493 78 -51 23 -105 81 -94 -100 57 -124 65 102 -36 94 -86 -49 58 -153 87 8 47 51 -132 19 35 65 111 42 -11 -55 85 163 80 -50 -13 18 -108 -52 125 26 49 -83
-84 -122 66 78 502 -17 69 30 -31 -13 58 -45 4 -43 -141 -33 73 -12 155 -43 -26 28 -27 5 2 -82 -91 89 4 -110 57 38 20 50 -3 64 19 19 99 -70 -40 -33 -6 3 59
-111 65 -63 -51 -17 364 52 41 -103 -86 -15 66 -65 54 -14 -21 -60 104 -25 57 91 -41 -56 25 50 -4 -6 50 9 -15 0 51 82 33 9 74 23 25 -20 95 5 25 -97 -54 35
-113 110 0 23 69 52 440 46 62 -58 -88 -30 74 -11 40 -52 36 14 66 -21 8 23 47 65 53 42 -133 58 -12 35 71 -62 36 -18 137 -63 59 42 47 -19 -7 91 -6 -48 31
-47 131 -29 -105 30 41 46 421 -68 -128 58 6 -12 40 -3 0 -30 20 21 -73 -13 -121 -38 84 132 -13 -78 -43 52 24 66 -41 168 -38 36 -55 -103 -35 -106 20 12 -62 27 -74 20
59 -53 29 81 -31 -103 62 -68 483 63 -41 -95 80 -58 47 -81 5 8 -62 -60 -25 78 70 -26 -15 -80 149 -146 11 23 189 -42 -117 -95 68 -99 36 -2 8 -68 -18 226 13 21 -35
20 103 -31 -94 -13 -86 -58 -128 63 426 35 -16 91 12 5 -42 -111 34 -11 -150 68 -56 -23 -24 -94 65 91 -24 -85 93 -33 9 -84 -112 -165 78 10 29 71 71 -16 -28 -94 38 57
51 -71 92 -100 58 -15 -88 58 -41 35 444 -68 -79 -49 4 -39 3 23 84 77 -2 50 -70 -47 -12 -88 28 114 -95 -80 -41 80 8 -20 -8 -80 -83 -166 -142 77 -110 -50 105 -5 140
-90 104 35 57 -45 66 -30 6 -95 -16 -68 400 13 59 10 -32 -28 79 30 48 54 46 -8 73 6 -29 -71 -85 -54 68 71 86 37 65 2 33 -29 112 -28 -111 94 -29 77 114 -5
59 65 38 -124 4 -65 74 -12 80 91 -79 13 371 -109 13 20 -42 12 83 -119 22 -117 -8 -36 1 -19 -47 -60 2 -1 93 -17 -37 -43 -44 -61 69 103 -39 -2 -70 73 10 1 -26
-4 38 -12 65 -43 54 -11 40 -58 12 -49 59 -109 488 10 29 -15 -44 5 -36 37 -1 -106 26 169 113 87 36 -37 14 -23 101 -11 -56 14 14 27 -104 -57 29 32 13 -3 60 -10
132 -24 -155 102 -141 -14 40 -3 47 5 4 10 13 10 411 19 -55 30 14 -51 -30 27 -13 34 -70 46 -98 -56 -58 34 71 -52 -38 -19 41 2 -81 -87 -46 105 -9 86 14 63 -66
3 34 22 -36 -33 -21 -52 0 -81 -42 -39 -32 20 29 19 376 5 -23 -53 1 -23 -19 -19 27 16 46 -78 -79 92 -44 30 -35 -7 66 -87 -35 11 -65 -54 -30 47 -36 38 11 -77
73 -120 29 94 73 -60 36 -30 5 -111 3 -28 -42 -15 -55 5 348 -166 -44 -6 -15 31 23 -42 0 -19 -121 43 10 -94 -94 -93 -44 7 0 -93 21 -85 44 -101 -24 3 79 23 -20
-30 133 64 -86 -12 104 14 20 8 34 23 79 12 -44 30 -23 -166 458 -63 -9 83 -24 2 -178 56 -26 58 -69 -67 29 78 -66 85 21 94 -33 60 -20 -28 -58 62 -54 -65 64 -85
-67 -83 235 -49 155 -25 66 21 -62 -11 84 30 83 5 14 -53 -44 -63 489 -55 34 -56 -74 29 -21 -12 -27 27 -43 -78 64 39 9 23 -10 -16 -76 45 -22 -15 -102 -79 101 107 110
82 -117 77 58 -43 57 -21 -73 -60 -150 77 48 -119 -36 -51 1 -6 -9 -55 536 -154 85 96 -15 30 -62 15 100 57 -55 -22 95 91 65 89 0 -36 -19 -71 117 33 36 18 31 20
25 139 39 -153 -26 91 8 -13 -25 68 -2 54 22 37 -30 -23 -15 83 34 -154 385 38 7 20 -92 70 1 -15 -76 -95 -42 6 30 -39 -102 -22 43 114 60 -94 -4 -80 -17 51 83
23 -103 72 87 28 -41 23 -121 78 -56 50 46 -117 -1 27 -19 31 -24 -56 85 38 442 67 33 23 -56 10 -49 -23 -63 -59 -31 -120 106 104 77 -48 41 33 -95 16 91 73 -4 49
82 -21 68 8 -27 -56 47 -38 70 -23 -70 -8 -8 -106 -13 -19 23 2 -74 96 7 67 472 117 -84 5 -58 -83 53 -101 103 -57 111 41 95 46 -126 34 140 -1 89 -74 -37 120 -48
-60 29 -59 47 5 25 65 84 -26 -24 -47 73 -36 26 34 27 -42 -178 29 -15 20 33 117 363 -49 48 -32 -6 51 6 91 110 60 5 -11 76 -40 80 14 45 -12 0 64 16 11
-17 45 3 51 2 50 53 132 -15 -94 -12 6 1 169 -70 16 0 56 -21 30 -92 23 -84 -49 425 -110 99 55 35 29 9 -45 35 -22 163 -64 7 -42 -120 -14 -61 18 71 -79 -139
73 87 -31 -132 -82 -4 42 -13 -80 65 -88 -29 -19 113 46 46 -19 -26 -12 -62 70 -56 5 48 -110 437 -2 -73 -61 -65 -75 30 97 49 -99 -11 77 -135 110 119 39 2 -142 -36 50
41 -87 108 19 -91 -6 -133 -78 149 91 28 -71 -47 87 -98 -78 -121 58 -27 15 1 10 -58 -32 99 -2 524 10 12 44 6 85 -23 14 49 -19 0 7 -87 -32 -38 87 40 -9 -9
-32 -52 -94 35 89 50 58 -43 -146 -24 114 -85 -60 36 -56 -79 43 -69 27 100 -15 -49 -83 -6 55 -73 10 527 -57 -35 -133 34 14 9 58 -33 88 -8 -50 96 -81 -116 51 -27 16
55 -16 -34 65 4 9 -12 52 11 -85 -95 -54 2 -37 -58 92 10 -67 -43 57 -76 -23 53 51 35 -61 12 -57 384 -13 7 6 59 83 91 102 -20 38 12 50 -53 17 96 10 64
-142 127 -62 111 -110 -15 35 24 23 93 -80 68 -1 14 34 -44 -94 29 -78 -55 -95 -63 -101 6 29 -65 44 -35 -13 498 17 -92 -10 -142 50 -9 -114 60 18 -20 85 45 -106 7 -68
-31 41 12 42 57 0 71 66 189 -33 -41 71 93 -23 71 30 -94 78 64 -22 -42 -59 103 91 9 -75 6 -133 7 17 427 34 88 -12 73 -46 -25 46 -1 -40 0 53 4 39 -55
-101 -14 -38 -11 38 51 -62 -41 -42 9 80 86 -17 101 -52 -35 -93 -66 39 95 6 -31 -57 110 -45 30 85 34 6 -92 34 482 -61 -37 -102 44 61 16 -29 33 9 84 21 -17 104
36 91 -20 -55 20 82 36 168 -117 -84 8 37 -37 -11 -38 -7 -44 85 9 91 30 -120 111 60 35 97 -23 14 59 -10 88 -61 406 41 99 -17 -29 15 -19 115 -37 -92 -23 53 -9
31 -80 49 85 50 33 -18 -38 -95 -112 -20 65 -43 -56 -19 66 7 21 23 65 -39 106 41 5 -22 49 14 9 83 -142 -12 -37 41 411 62 175 9 32 -103 -99 -12 -2 -3 -13 115
51 -3 32 163 -3 9 137 36 68 -165 -8 2 -44 14 41 -87 0 94 -10 89 -102 104 95 -11 163 -99 49 58 91 50 73 -102 99 62 424 -11 -116 -45 -85 -30 -102 -35 112 38 -80
-60 -16 -75 80 64 74 -63 -55 -99 78 -80 33 -61 14 2 -35 -93 -33 -16 0 -22 77 46 76 -64 -11 -19 -33 102 -9 -46 44 -17 175 -11 433 -120 161 -42 20 -2 28 -122 -5 86
-45 -8 -97 -50 19 23 59 -103 36 10 -83 -29 69 27 -81 11 21 60 -76 -36 43 -48 -126 -40 7 77 0 88 -20 -114 -25 61 -29 9 -116 -120 469 28 47 66 12 68 9 -78 -34
-116 42 10 -13 19 25 42 -35 -2 29 -166 112 103 -104 -87 -65 -85 -20 45 -19 114 41 34 80 -42 -135 7 -8 38 60 46 16 15 32 -45 161 28 421 -7 -110 23 19 -67 19 32
-2 63 -79 18 99 -20 47 -106 8 71 -142 -28 -39 -57 -46 -54 44 -28 -22 -71 60 33 140 14 -120 110 -87 -50 12 18 -1 -29 -19 -103 -85 -42 47 -7 490 13 122 -83 -130 -41 22
97 -28 -158 -108 -70 95 -19 20 -68 71 77 -111 -2 29 105 -30 -101 -58 -15 117 -94 -95 -1 45 -14 119 -32 96 50 -20 -40 33 115 -99 -30 20 66 -110 13 474 -31 70 -82 -44 26
-118 76 2 -52 -40 5 -7 12 -18 -16 -110 94 -70 32 -9 47 -24 62 -102 33 -4 16 89 -12 -61 39 -38 -81 -53 85 0 9 -37 -12 -102 -2 12 23 122 -31 353 -7 -68 36 -52
29 -59 -38 125 -33 25 91 -62 226 -28 -50 -29 73 13 86 -36 3 -54 -79 36 -80 91 -74 0 18 2 87 -116 17 45 53 84 -92 -2 -35 28 68 19 -83 70 -7 519 -71 -53 61
35 -12 30 26 -6 -97 -6 27 13 -94 105 77 10 -3 14 38 79 -65 101 18 -17 73 -37 64 71 -142 40 51 96 -106 4 21 -23 -3 112 -122 9 -67 -130 -82 -68 -71 492 78 -22
71 -81 151 49 3 -54 -48 -74 21 38 -5 114 1 60 63 11 23 64 107 31 51 -4 120 16 -79 -36 -9 -27 10 7 39 -17 53 -13 38 -5 -78 19 -41 -44 36 -53 78 335 -75
36 58 53 -83 59 35 31 20 -35 57 140 -5 -26 -10 -66 -77 -20 -85 110 20 83 49 -48 11 -139 50 -9 16 64 -68 -55 104 -9 115 -80 86 -34 32 22 26 -52 61 -22 -75 422

Q_cnstr 
166 30 3 0 45 -4 -6 15 28 37 45 -4 -24 -22 56 -12 -15 -28 -12 -4 10 -43 17 -13 26 -30 9 7 30 84 31 -6 99 -26 22 21 34 16 53 10 14 -14 1 -34 -9
30 171 -40 9 -33 2 -31 -8 -41 -19 -21 -7 23 -18 -8 -12 6 -21 -22 -3 -8 9 20 -11 82 -51 -5 -32 -33 12 31 3 18 -30 42 8 -41 20 4 11 6 -9 10 28 19
3 -40 123 12 -21 11 9 22 20 13 21 -26 -16 7 31 -3 -6 33 7 -12 7 32 18 7 -35 6 39 8 5 0 -13 -5 -13 24 20 13 33 -2 27 18 -17 -7 -15 -26 -59
0 9 12 107 -8 -24 33 1 -24 -30 3 -2 -6 11 6 6 -33 18 -25 10 4 -4 -19 6 -1 4 15 3 -1 2 -8 -13 39 -39 0 -34 -20 -8 11 -17 31 5 18 -3 15
45 -33 -21 -8 109 3 -13 -16 30 0 47 21 -11 35 27 3 12 -11 -2 -5 15 -44 -10 2 -2 -7 -17 5 31 37 16 4 25 2 -43 -3 18 -30 10 5 -7 9 -15 -15 -1
-4 2 11 -24 3 135 -20 -6 4 -3 -6 12 2 19 6 -10 10 14 36 -2 15 7 7 -2 -28 3 -15 21 31 -7 -15 38 7 35 25 16 29 6 12 5 -4 -20 -11 -18 11
-6 -31 9 33 -13 -20 150 -5 18 -5 -8 -25 -11 -7 -7 27 -2 -23 -42 -35 -3 -26 -10 -3 -33 6 11 18 26 14 -17 2 33 14 15 -19 -33 4 33 -14 15 1 23 -10 -6
15 -8 22 1 -16 -6 -5 107 -11 13 27 -35 25 -56 -23 -22 -11 20 20 -11 -3 14 13 -21 2 5 8 -4 19 -4 -36 -3 -24 -19 -3 0 7 27 1 9 6 -12 -3 -5 -3
28 -41 20 -24 30 4 18 -11 154 -21 -5 8 -8 29 28 13 12 -17 -6 -16 7 27 11 -3 -30 10 4 11 32 33 0 11 47 23 7 13 3 -4 12 -10 -3 3 19 -38 -31
37 -19 13 -30 0 -3 -5 13 -21 183 91 -39 12 -60 57 -4 -2 -12 5 37 -15 -26 18 4 11 15 -19 -14 31 5 12 -31 -15 29 35 16 36 -7 -25 3 -4 -13 -18 -29 -23
45 -21 21 3 47 -6 -8 27 -5 91 231 -30 5 -40 109 30 -6 -33 2 -2 7 -8 -10 -19 -8 48 9 -39 19 -3 26 -10 3 4 -6 -26 52 -21 6 10 -15 30 -3 6 -33
-4 -7 -26 -2 21 12 -25 -35 8 -39 -30 126 7 27 8 3 10 -6 38 42 10 -24 -25 24 -32 19 -17 7 -4 19 18 25 23 25 -11 7 -1 -4 7 -23 -13 17 -10 -2 15
-24 23 -16 -6 -11 2 -11 25 -8 12 5 7 73 -31 -8 -17 20 10 26 12 -11 13 7 -2 18 24 -17 9 -8 -11 -21 5 -18 7 2 19 -10 -8 -24 8 1 12 -8 -12 14
-22 -18 7 11 35 19 -7 -56 29 -60 -40 27 -31 169 8 25 5 10 17 14 -12 3 -22 5 -17 -11 7 -6 23 -8 27 33 5 2 -19 10 -25 -39 -20 23 -14 -4 -5 -7 -8
56 -8 31 6 27 6 -7 -23 28 57 109 8 -8 8 198 19 36 -31 20 11 -6 -1 21 -3 -32 26 -4 -20 25 48 37 -5 18 18 -9 9 24 -2 18 31 -21 37 6 -23 -33
-12 -12 -3 6 3 -10 27 -22 13 -4 30 3 -17 25 19 77 -27 -32 27 -17 7 22 -7 -4 -24 11 10 -21 14 0 25 15 15 16 3 -23 10 -15 -18 5 -1 12 12 4 -11
-15 6 -6 -33 12 10 -2 -11 12 -2 -6 10 20 5 36 -27 145 5 -12 43 -8 -16 9 2 -10 -1 11 -2 14 10 -22 21 -32 35 -47 9 -18 13 17 25 -28 15 -1 27 6
-28 -21 33 18 -11 14 -23 20 -17 -12 -33 -6 10 10 -31 -32 5 154 19 15 -26 3 -14 11 -12 45 13 27 -15 -37 -20 -3 -16 -2 -34 20 23 -13 -26 -9 15 9 -40 -2 10
-12 -22 7 -25 -2 36 -42 20 -6 5 2 38 26 17 20 27 -12 19 175 2 -12 32 -17 -6 -29 23 15 -9 3 16 17 16 -45 29 5 28 37 -3 -11 5 14 4 -14 -6 -20
-4 -3 -12 10 -5 -2 -35 -11 -16 37 -2 42 12 14 11 -17 43 15 2 126 -2 -7 -10 8 -16 22 -16 -6 -1 -6 -13 10 2 26 -46 9 -10 -9 -16 -6 -20 -9 18 -5 28
10 -8 7 4 15 15 -3 -3 7 -15 7 10 -11 -12 -6 7 -8 -26 -12 -2 99 -5 -12 14 -25 -10 24 7 18 9 9 15 7 19 -1 9 -12 -6 -2 -16 -19 23 0 -17 5
-43 9 32 -4 -44 7 -26 14 27 -26 -8 -24 13 3 -1 22 -16 3 32 -7 -5 108 26 6 16 40 18 -30 -11 -18 -18 1 -25 -3 10 9 0 13 -20 1 -14 6 5 2 -4
17 20 18 -19 -10 7 -10 13 11 18 -10 -25 7 -22 21 -7 9 -14 -17 -10 -12 26 119 -20 15 -10 -33 -1 21 -4 -27 -5 2 10 2 12 33 19 15 -6 -29 -9 -2 -1 0
-13 -11 7 6 2 -2 -3 -21 -3 4 -19 24 -2 5 -3 -4 2 11 -6 8 14 6 -20 110 5 0 21 21 13 11 0 -7 21 10 41 17 -43 2 -1 -27 -10 17 1 4 21
26 82 -35 -1 -2 -28 -33 2 -30 11 -8 -32 18 -17 -32 -24 -10 -12 -29 -16 -25 16 15 5 145 -19 -2 -16 -25 11 15 -27 3 -22 41 -1 -25 13 8 0 10 -18 8 14 14
-30 -51 6 4 -7 3 6 5 10 15 48 19 24 -11 26 11 -1 45 23 22 -10 40 -10 0 -19 190 -6 -3 -7 -28 -35 -6 -3 23 -65 3 11 9 -24 -39 6 33 -33 40 15
9 -5 39 15 -17 -15 11 8 4 -19 9 -17 -17 7 -4 10 11 13 15 -16 24 18 -33 21 -2 -6 105 -10 3 4 13 -3 -2 -6 12 -19 -22 3 14 4 2 18 9 5 -6
7 -32 8 3 5 21 18 -4 11 -14 -39 7 9 -6 -20 -21 -2 27 -9 -6 7 -30 -1 21 -16 -3 -10 98 -5 3 -31 16 36 24 -1 34 -25 21 5 -10 1 -6 11 -7 23
30 -33 5 -1 31 31 26 19 32 31 19 -4 -8 23 25 14 14 -15 3 -1 18 -11 21 13 -25 -7 3 -5 118 26 -13 17 20 27 32 1 -4 -6 14 1 1 1 -16 -26 18
84 12 0 2 37 -7 14 -4 33 5 -3 19 -11 -8 48 0 10 -37 16 -6 9 -18 -4 11 11 -28 4 3 26 99 23 0 42 -2 16 16 -1 11 33 3 12 -3 2 -37 3
31 31 -13 -8 16 -15 -17 -36 0 12 26 18 -21 27 37 25 -22 -20 17 -13 9 -18 -27 0 15 -35 13 -31 -13 23 114 -10 8 -9 28 -7 19 -6 -25 9 -6 20 -4 -8 -10
-6 3 -5 -13 4 38 2 -3 11 -31 -10 25 5 33 -5 15 21 -3 16 10 15 1 -5 -7 -27 -6 -3 16 17 0 -10 54 3 32 -24 17 -2 -2 0 6 -10 -9 -2 -10 15
99 18 -13 39 25 7 33 -24 47 -15 3 23 -18 5 18 15 -32 -16 -45 2 7 -25 2 21 3 -3 -2 36 20 42 8 3 209 -55 24 1 -35 -10 33 -26 -5 12 -3 -36 -22
-26 -30 24 -39 2 35 14 -19 23 29 4 25 7 2 18 16 35 -2 29 26 19 -3 10 10 -22 23 -6 24 27 -2 -9 32 -55 138 7 10 22 17 6 -2 -9 -4 13 17 8
22 42 20 0 -43 25 15 -3 7 35 -6 -11 2 -19 -9 3 -47 -34 5 -46 -1 10 2 41 41 -65 12 -1 32 16 28 -24 24 7 205 21 0 27 -3 17 23 -14 22 -18 -12
21 8 13 -34 -3 16 -19 0 13 16 -26 7 19 10 9 -23 9 20 28 9 9 9 12 17 -1 3 -19 34 1 16 -7 17 1 10 21 108 4 23 -18 9 -18 -7 -26 -21 11
34 -41 33 -20 18 29 -33 7 3 36 52 -1 -10 -25 24 10 -18 23 37 -10 -12 0 33 -43 -25 11 -22 -25 -4 -1 19 -2 -35 22 0 4 163 -12 15 13 12 -30 -19 -22 -15
16 20 -2 -8 -30 6 4 27 -4 -7 -21 -4 -8 -39 -2 -15 13 -13 -3 -9 -6 13 19 2 13 9 3 21 -6 11 -6 -2 -10 17 27 23 -12 127 -15 -16 16 -4 9 57 25
53 4 27 11 10 12 33 1 12 -25 6 7 -24 -20 18 -18 17 -26 -11 -16 -2 -20 15 -1 8 -24 14 5 14 33 -25 0 33 6 -3 -18 15 -15 140 0 1 -22 10 -7 -29
10 11 18 -17 5 5 -14 9 -10 3 10 -23 8 23 31 5 25 -9 5 -6 -16 1 -6 -27 0 -39 4 -10 1 3 9 6 -26 -2 17 9 13 -16 0 92 -9 8 11 -22 -12
14 6 -17 31 -7 -4 15 6 -3 -4 -15 -13 1 -14 -21 -1 -28 15 14 -20 -19 -14 -29 -10 10 6 2 1 1 12 -6 -10 -5 -9 23 -18 12 16 1 -9 77 -11 7 -1 10
-14 -9 -7 5 9 -20 1 -12 3 -13 30 17 12 -4 37 12 15 9 4 -9 23 6 -9 17 -18 33 18 -6 1 -3 20 -9 12 -4 -14 -7 -30 -4 -22 8 -11 104 -20 -2 -7
1 10 -15 18 -15 -11 23 -3 19 -18 -3 -10 -8 -5 6 12 -1 -40 -14 18 0 5 -2 1 8 -33 9 11 -16 2 -4 -2 -3 13 22 -26 -19 9 10 11 7 -20 133 6 39
-34 28 -26 -3 -15 -18 -10 -5 -38 -29 6 -2 -12 -7 -23 4 27 -2 -6 -5 -17 2 -1 4 14 40 5 -7 -26 -37 -8 -10 -36 17 -18 -21 -22 57 -7 -22 -1 -2 6 144 24
-9 19 -59 15 -1 11 -6 -3 -31 -23 -33 15 14 -8 -33 -11 6 10 -20 28 5 -4 0 21 14 15 -6 23 18 3 -10 15 -22 8 -12 11 -15 25 -29 -12 10 -7 39 24 134

