Q_obj 
160 7 44 0 -24 56 36 -45 -38 -20 -50 -22 -76 74 -4
7 165 1 35 0 9 -31 -8 -7 12 41 -65 79 -14 -39
44 1 129 -2 -7 0 24 -56 11 -55 8 21 -15 29 15
0 35 -2 109 -32 -22 0 -44 -39 8 26 -64 54 -40 -18
-24 0 -7 -32 172 -65 -23 56 12 -52 7 -29 46 49 29
56 9 0 -22 -65 158 8 -7 -26 25 -39 37 -49 39 27
36 -31 24 0 -23 8 103 -50 -8 -10 -18 -40 4 -1 91
-45 -8 -56 -44 56 -7 -50 181 38 66 -38 76 40 -59 2
-38 -7 11 -39 12 -26 -8 38 125 48 -9 17 1 -17 -24
-20 12 -55 8 -52 25 -10 66 48 176 9 -7 19 -36 -22
-50 41 8 26 7 -39 -18 -38 -9 9 126 -34 45 -23 12
-22 -65 21 -64 -29 37 -40 76 17 -7 -34 184 -82 -25 -2
-76 79 -15 54 46 -49 4 40 1 19 45 -82 165 -66 57
74 -14 29 -40 49 39 -1 -59 -17 -36 -23 -25 -66 141 13
-4 -39 15 -18 29 27 91 2 -24 -22 12 -2 57 13 222

Q_cnstr 
52 -23 24 1 7 7 -21 -22 -7 12 11 29 -4 3 -23
-23 47 -18 3 -15 1 7 9 3 7 -22 -13 6 -6 32
24 -18 84 -50 17 -25 11 -79 9 -5 17 2 -10 3 12
1 3 -50 93 -35 38 19 51 -15 6 -8 22 33 2 -45
7 -15 17 -35 58 -4 -1 -9 -6 -11 1 13 -26 16 -20
7 1 -25 38 -4 51 -4 19 -16 27 7 12 5 -2 -8
-21 7 11 19 -1 -4 63 7 11 4 -5 -5 22 -1 -4
-22 9 -79 51 -9 19 7 103 -2 21 -20 8 21 4 -8
-7 3 9 -15 -6 -16 11 -2 70 30 17 -15 18 10 14
12 7 -5 6 -11 27 4 21 30 83 14 5 16 -1 38
11 -22 17 -8 1 7 -5 -20 17 14 30 -4 6 8 6
29 -13 2 22 13 12 -5 8 -15 5 -4 46 7 5 -36
-4 6 -10 33 -26 5 22 21 18 16 6 7 53 6 -1
3 -6 3 2 16 -2 -1 4 10 -1 8 5 6 32 -8
-23 32 12 -45 -20 -8 -4 -8 14 38 6 -36 -1 -8 164

