Q_obj 
361 -38 36 -1 34 25 -47 36 -93 -26 -52 -20 58 -17 -8 63 -39 -35 -99 -70 -33 -64 134 -80 -67 11 104 -74 -1 27 22 12 83 -7 28
-38 300 -66 73 75 -81 -9 36 -60 9 132 74 -73 30 61 -27 -48 -19 -15 84 -103 37 -151 20 14 -134 -64 37 5 42 -53 36 68 59 -44
36 -66 332 -30 -73 79 -12 41 1 58 19 16 -42 72 -128 35 46 -83 -14 0 41 52 49 -76 72 25 -35 -45 -18 28 32 -51 41 -142 -40
-1 73 -30 225 28 18 86 -42 4 -129 83 -22 14 -5 -44 -52 -14 -33 -1 -29 -36 57 -81 46 -79 -34 -19 18 21 48 -53 -24 2 91 -56
34 75 -73 28 408 -49 41 141 -52 16 49 -1 -17 64 104 -53 123 26 50 -60 -135 -57 4 72 -24 -38 52 54 -111 -102 62 83 -13 103 13
25 -81 79 18 -49 307 52 -84 9 55 -52 -140 -42 20 15 55 -26 -27 -22 -81 56 99 95 54 -5 43 19 6 15 -38 72 -53 -153 -8 45
-47 -9 -12 86 41 52 344 26 74 -127 -16 -50 -20 -11 -62 -45 40 -22 -7 -99 -44 77 18 9 -16 44 -70 61 -61 -97 97 49 -76 -7 -14
36 36 41 -42 141 -84 26 341 -40 40 98 46 45 87 -13 -53 90 -105 24 -65 -85 -147 -6 5 55 16 -62 -78 44 -61 88 36 126 -30 -17
-93 -60 1 4 -52 9 74 -40 339 -46 -64 64 -13 -30 -67 -39 -29 15 62 -40 139 9 -34 71 42 29 -63 -14 -29 17 -12 0 -45 61 -26
-26 9 58 -129 16 55 -127 40 -46 342 -45 6 -64 96 69 60 24 15 56 -5 28 -14 112 37 61 9 108 -21 -3 -98 15 30 -24 10 78
-52 132 19 83 49 -52 -16 98 -64 -45 427 81 -36 78 44 -14 9 -185 -4 77 -82 -71 -222 81 15 51 -115 -40 141 31 -22 7 78 23 -99
-20 74 16 -22 -1 -140 -50 46 64 6 81 357 -20 -67 -83 -8 45 25 122 116 18 -66 -153 14 106 -62 -13 -28 -46 26 -45 56 94 48 -64
58 -73 -42 14 -17 -42 -20 45 -13 -64 -36 -20 412 -2 -102 -79 52 -31 -29 -117 -7 -156 13 -14 -103 -19 8 -48 69 -38 -36 -56 105 -52 2
-17 30 72 -5 64 20 -11 87 -30 96 78 -67 -2 422 61 -20 -69 -133 -1 -60 16 -33 -13 -27 21 10 -85 -123 68 4 8 74 78 -97 38
-8 61 -128 -44 104 15 -62 -13 -67 69 44 -83 -102 61 392 -37 28 77 96 -27 37 -58 -22 -2 -7 -24 25 36 -25 7 -18 42 -71 101 94
63 -27 35 -52 -53 55 -45 -53 -39 60 -14 -8 -79 -20 -37 324 -31 -14 -81 56 20 40 -12 -42 -128 -21 71 -8 3 33 8 -72 11 -23 24
-39 -48 46 -14 123 -26 40 90 -29 24 9 45 52 -69 28 -31 424 90 -10 -70 -87 -12 4 65 -3 0 96 82 -46 -55 60 -55 86 -30 72
-35 -19 -83 -33 26 -27 -22 -105 15 15 -185 25 -31 -133 77 -14 90 339 112 45 -21 -25 81 23 -11 -80 58 48 -131 -29 61 48 2 77 113
-99 -15 -14 -1 50 -22 -7 24 62 56 -4 122 -29 -1 96 -81 -10 112 308 27 73 -64 -59 61 70 -1 -25 -49 -142 3 3 55 19 99 -17
-70 84 0 -29 -60 -81 -99 -65 -40 -5 77 116 -117 -60 -27 56 -70 45 27 384 -75 -22 -117 3 178 -54 -12 -17 -7 32 -50 139 59 49 -47
-33 -103 41 -36 -135 56 -44 -85 139 28 -82 18 -7 16 37 20 -87 -21 73 -75 346 31 -5 -37 6 48 -31 -13 34 12 -58 -31 -60 36 -11
-64 37 52 57 -57 99 77 -147 9 -14 -71 -66 -156 -33 -58 40 -12 -25 -64 -22 31 413 -5 16 -36 20 28 75 -78 103 17 -51 -69 -113 52
134 -151 49 -81 4 95 18 -6 -34 112 -222 -153 13 -13 -22 -12 4 81 -59 -117 -5 -5 364 -24 37 71 95 73 -36 -113 105 -31 -109 -21 81
-80 20 -76 46 72 54 9 5 71 37 81 14 -14 -27 -2 -42 65 23 61 3 -37 16 -24 339 40 19 56 67 -50 -99 22 -3 22 149 61
-67 14 72 -79 -24 -5 -16 55 42 61 15 106 -103 21 -7 -128 -3 -11 70 178 6 -36 37 40 404 -9 -80 4 6 -76 19 134 -2 10 -81
11 -134 25 -34 -38 43 44 16 29 9 51 -62 -19 10 -24 -21 0 -80 -1 -54 48 20 71 19 -9 325 -53 24 62 -26 110 -39 -60 -10 10
104 -64 -35 -19 52 19 -70 -62 -63 108 -115 -13 8 -85 25 71 96 58 -25 -12 -31 28 95 56 -80 -53 290 59 -88 -51 -36 -19 24 75 62
-74 37 -45 18 54 6 61 -78 -14 -21 -40 -28 -48 -123 36 -8 82 48 -49 -17 -13 75 73 67 4 24 59 344 -47 -73 0 -135 -124 122 7
-1 5 -18 21 -111 15 -61 44 -29 -3 141 -46 69 68 -25 3 -46 -131 -142 -7 34 -78 -36 -50 6 62 -88 -47 351 1 -23 -23 -32 -64 -62
27 42 28 48 -102 -38 -97 -61 17 -98 31 26 -38 4 7 33 -55 -29 3 32 12 103 -113 -99 -76 -26 -51 -73 1 296 -58 -68 68 -84 -63
22 -53 32 -53 62 72 97 88 -12 15 -22 -45 -36 8 -18 8 60 61 3 -50 -58 17 105 22 19 110 -36 0 -23 -58 307 34 -50 -34 51
12 36 -51 -24 83 -53 49 36 0 30 7 56 -56 74 42 -72 -55 48 55 139 -31 -51 -31 -3 134 -39 -19 -135 -23 -68 34 343 16 42 22
83 68 41 2 -13 -153 -76 126 -45 -24 78 94 105 78 -71 11 86 2 19 59 -60 -69 -109 22 -2 -60 24 -124 -32 68 -50 16 426 -68 -29
-7 59 -142 91 103 -8 -7 -30 61 10 23 48 -52 -97 101 -23 -30 77 99 49 36 -113 -21 149 10 -10 75 122 -64 -84 -34 42 -68 346 5
28 -44 -40 -56 13 45 -14 -17 -26 78 -99 -64 2 38 94 24 72 113 -17 -47 -11 52 81 61 -81 10 62 7 -62 -63 51 22 -29 5 332

Q_cnstr 
260 96 -54 -7 -41 27 50 22 3 13 36 -23 -13 51 13 -26 10 7 4 -15 91 -40 -3 -3 -27 -44 -31 -17 -25 -66 -11 16 -16 7 -35
96 149 -31 27 -43 10 -3 -16 16 4 33 -26 -35 -13 31 -6 28 3 14 15 16 0 -3 -4 -23 -7 43 -36 -20 7 -27 2 -4 15 -20
-54 -31 173 -1 21 -22 -1 0 42 -24 -17 9 1 53 35 10 -14 5 -10 7 31 -56 -71 29 40 -10 -2 24 -61 40 36 6 5 -20 4
-7 27 -1 117 8 -1 23 22 -12 55 -14 13 -4 5 22 23 30 -18 -18 26 -41 36 25 11 4 15 -5 -19 -1 16 18 48 3 23 33
-41 -43 21 8 126 -49 -45 7 0 -20 -14 -9 7 -29 -14 -36 11 -19 -8 10 11 15 -7 -22 22 11 21 14 11 17 20 -19 -8 -6 14
27 10 -22 -1 -49 148 86 -2 7 56 22 -35 54 73 37 23 14 19 23 -19 17 14 31 3 -12 44 24 -29 64 -22 -7 14 11 -18 -15
50 -3 -1 23 -45 86 237 -5 -27 28 1 -34 70 148 24 38 -53 8 9 -35 2 -3 3 -50 -16 56 -32 -49 48 1 28 138 5 12 -11
22 -16 0 22 7 -2 -5 91 -4 -2 4 -1 31 -3 -14 15 32 -20 -19 12 33 0 1 -16 3 -23 6 9 28 -10 3 5 -5 0 25
3 16 42 -12 0 7 -27 -4 115 6 8 1 -13 -29 40 -1 17 -1 12 -35 -5 -12 -43 17 6 7 6 0 -15 14 -17 -64 -26 -13 -3
13 4 -24 55 -20 56 28 -2 6 163 -16 -9 17 10 25 -19 52 21 -11 29 -25 30 62 5 -21 -2 -3 16 20 -27 3 36 -33 27 23
36 33 -17 -14 -14 22 1 4 8 -16 90 -61 -8 -5 8 9 3 -9 -4 -9 34 20 17 -31 -24 18 -9 -17 -12 -2 0 -17 -11 0 -15
-23 -26 9 13 -9 -35 -34 -1 1 -9 -61 185 -11 41 -20 41 -57 -27 -29 -27 -27 16 47 88 36 -7 -25 10 -4 -35 -10 -14 5 -43 13
-13 -35 1 -4 7 54 70 31 -13 17 -8 -11 168 40 48 10 -3 -28 -1 1 -22 17 18 -38 -8 49 34 12 77 -23 18 50 32 -17 35
51 -13 53 5 -29 73 148 -3 -29 10 -5 41 40 239 13 39 -50 -1 -40 -43 79 -30 3 36 51 29 -56 -3 14 -25 39 107 29 -23 -35
13 31 35 22 -14 37 24 -14 40 25 8 -20 48 13 273 2 42 -7 26 11 -86 54 -65 -32 8 21 62 -7 13 23 20 53 15 -6 25
-26 -6 10 23 -36 23 38 15 -1 -19 9 41 10 39 2 137 -53 -6 -1 -14 -14 4 -8 23 -3 22 -54 -14 -16 23 47 32 3 -8 17
10 28 -14 30 11 14 -53 32 17 52 3 -57 -3 -50 42 -53 162 -11 11 54 7 36 10 1 36 -3 66 1 43 22 -35 -35 13 15 19
7 3 5 -18 -19 19 8 -20 -1 21 -9 -27 -28 -1 -7 -6 -11 130 24 29 19 -26 -23 25 -6 -16 -23 -3 27 4 -8 3 19 -7 -1
4 14 -10 -18 -8 23 9 -19 12 -11 -4 -29 -1 -40 26 -1 11 24 145 22 -33 -28 -37 35 7 30 24 -24 31 12 -30 -31 0 -5 -3
-15 15 7 26 10 -19 -35 12 -35 29 -9 -27 1 -43 11 -14 54 29 22 106 -9 7 -5 31 22 2 41 20 14 18 -8 20 1 15 41
91 16 31 -41 11 17 2 33 -5 -25 34 -27 -22 79 -86 -14 7 19 -33 -9 269 -53 39 33 12 -28 -31 10 -17 5 -3 -4 -17 -9 -36
-40 0 -56 36 15 14 -3 0 -12 30 20 16 17 -30 54 4 36 -26 -28 7 -53 152 85 -42 -7 54 53 -25 41 5 6 2 13 -9 37
-3 -3 -71 25 -7 31 3 1 -43 62 17 47 18 3 -65 -8 10 -23 -37 -5 39 85 198 28 -18 33 9 -28 45 -39 -11 -24 -7 -23 17
-3 -4 29 11 -22 3 -50 -16 17 5 -31 88 -38 36 -32 23 1 25 35 31 33 -42 28 234 77 31 -21 32 36 6 -7 -60 16 -21 11
-27 -23 40 4 22 -12 -16 3 6 -21 -24 36 -8 51 8 -3 36 -6 7 22 12 -7 -18 77 94 19 6 22 24 3 -1 -21 21 -16 3
-44 -7 -10 15 11 44 56 -23 7 -2 18 -7 49 29 21 22 -3 -16 30 2 -28 54 33 31 19 145 22 -15 58 6 -11 10 29 -15 26
-31 43 -2 -5 21 24 -32 6 6 -3 -9 -25 34 -56 62 -54 66 -23 24 41 -31 53 9 -21 6 22 193 -38 70 -2 -1 -21 6 -24 11
-17 -36 24 -19 14 -29 -49 9 0 16 -17 10 12 -3 -7 -14 1 -3 -24 20 10 -25 -28 32 22 -15 -38 119 -16 -17 -3 -22 -32 20 14
-25 -20 -61 -1 11 64 48 28 -15 20 -12 -4 77 14 13 -16 43 27 31 14 -17 41 45 36 24 58 70 -16 203 -29 -45 -7 34 -20 16
-66 7 40 16 17 -22 1 -10 14 -27 -2 -35 -23 -25 23 23 22 4 12 18 5 5 -39 6 3 6 -2 -17 -29 130 10 19 12 16 6
-11 -27 36 18 20 -7 28 3 -17 3 0 -10 18 39 20 47 -35 -8 -30 -8 -3 6 -11 -7 -1 -11 -1 -3 -45 10 127 53 -4 4 30
16 2 6 48 -19 14 138 5 -64 36 -17 -14 50 107 53 32 -35 3 -31 20 -4 2 -24 -60 -21 10 -21 -22 -7 19 53 219 8 22 23
-16 -4 5 3 -8 11 5 -5 -26 -33 -11 5 32 29 15 3 13 19 0 1 -17 13 -7 16 21 29 6 -32 34 12 -4 8 103 -14 9
7 15 -20 23 -6 -18 12 0 -13 27 0 -43 -17 -23 -6 -8 15 -7 -5 15 -9 -9 -23 -21 -16 -15 -24 20 -20 16 4 22 -14 62 -5
-35 -20 4 33 14 -15 -11 25 -3 23 -15 13 35 -35 25 17 19 -1 -3 41 -36 37 17 11 3 26 11 14 16 6 30 23 9 -5 97

