Q_obj 
288 73 -24 21 -106 -105 62 2 123 68 -11 -85 -79 9 7 57 -7 95 59 -40 -65 6 67 1 -27
73 275 -31 -26 -39 -25 81 -15 -8 -36 -42 -63 39 -4 10 29 22 29 -81 -89 24 92 -6 51 -30
-24 -31 333 100 -60 -75 -26 50 28 -37 -25 22 43 -5 -24 -3 -49 34 -6 -100 -26 -54 31 -112 -76
21 -26 100 242 40 -58 -81 92 30 39 11 3 42 -32 -49 53 28 35 78 -19 -38 -56 28 -14 -4
-106 -39 -60 40 319 55 -41 82 -47 0 -24 128 8 25 -14 -19 -12 -19 15 35 50 -43 -63 69 103
-105 -25 -75 -58 55 233 33 -43 -60 20 -27 8 32 -76 82 -69 83 -69 0 25 -16 1 -68 34 18
62 81 -26 -81 -41 33 230 17 -10 -23 17 -11 4 7 30 17 82 -9 -66 -23 -5 29 -27 -46 -46
2 -15 50 92 82 -43 17 286 -27 -25 25 68 62 63 -63 10 15 21 25 -30 -5 -87 -74 -14 96
123 -8 28 30 -47 -60 -10 -27 244 -17 13 -22 -42 13 -27 -13 -79 32 0 10 -29 5 68 -47 -38
68 -36 -37 39 0 20 -23 -25 -17 262 -49 18 -24 -139 -28 2 62 74 113 55 -97 -22 42 16 40
-11 -42 -25 11 -24 -27 17 25 13 -49 232 16 -53 127 2 104 24 53 -44 -4 15 -63 -71 -19 -7
-85 -63 22 3 128 8 -11 68 -22 18 16 285 -7 5 -25 -23 -65 24 -19 3 -39 -86 -46 10 -35
-79 39 43 42 8 32 4 62 -42 -24 -53 -7 199 -4 -3 35 5 -39 -5 51 -16 -45 -56 29 1
9 -4 -5 -32 25 -76 7 63 13 -139 127 5 -4 245 -9 45 -41 73 -104 -58 15 -78 -79 8 29
7 10 -24 -49 -14 82 30 -63 -27 -28 2 -25 -3 -9 152 -18 24 -28 -1 -32 -34 -17 -56 11 -29
57 29 -3 53 -19 -69 17 10 -13 2 104 -23 35 45 -18 302 72 92 -2 24 31 -65 -8 -13 -4
-7 22 -49 28 -12 83 82 15 -79 62 24 -65 5 -41 24 72 235 46 29 -24 -7 42 -38 20 14
95 29 34 35 -19 -69 -9 21 32 74 53 24 -39 73 -28 92 46 227 -28 -127 -66 -44 -2 -47 -17
59 -81 -6 78 15 0 -66 25 0 113 -44 -19 -5 -104 -1 -2 29 -28 223 58 -21 -7 3 65 35
-40 -89 -100 -19 35 25 -23 -30 10 55 -4 3 51 -58 -32 24 -24 -127 58 269 43 9 -31 99 40
-65 24 -26 -38 50 -16 -5 -5 -29 -97 15 -39 -16 15 -34 31 -7 -66 -21 43 195 105 -2 -23 11
6 92 -54 -56 -43 1 29 -87 5 -22 -63 -86 -45 -78 -17 -65 42 -44 -7 9 105 250 110 -3 -79
67 -6 31 28 -63 -68 -27 -74 68 42 -71 -46 -56 -79 -56 -8 -38 -2 3 -31 -2 110 309 -123 -71
1 51 -112 -14 69 34 -46 -14 -47 16 -19 10 29 8 11 -13 20 -47 65 99 -23 -3 -123 266 42
-27 -30 -76 -4 103 18 -46 96 -38 40 -7 -35 1 29 -29 -4 14 -17 35 40 11 -79 -71 42 199

Q_cnstr 
60 -11 18 7 -14 10 -10 -20 26 -22 -11 -3 1 19 8 -13 -28 6 4 -11 -9 27 -7 -3 6
-11 117 -4 -13 -21 13 -11 15 22 -16 14 16 3 -25 -49 3 -30 -41 -4 -19 0 -19 0 14 -29
18 -4 96 -20 -23 35 -21 -43 -17 6 -36 20 7 -1 13 -20 -19 22 -13 -17 19 54 -1 2 -16
7 -13 -20 106 -10 19 17 13 13 -14 32 25 11 -29 -30 15 15 49 26 69 -3 -14 18 -12 14
-14 -21 -23 -10 151 -2 12 29 -26 31 10 -1 3 -6 12 36 -3 10 -16 29 -41 -10 6 33 40
10 13 35 19 -2 124 10 -10 -20 -4 5 11 28 -15 -22 -17 24 1 0 12 36 -5 0 -35 13
-10 -11 -21 17 12 10 75 26 -37 -26 -21 24 8 -29 -24 1 29 -13 10 47 -41 -6 14 11 12
-20 15 -43 13 29 -10 26 83 17 -2 4 1 -8 3 -2 47 27 1 16 17 -48 -35 32 32 15
26 22 -17 13 -26 -20 -37 17 117 1 26 -25 -13 45 6 4 -19 -2 25 -20 -41 6 15 38 10
-22 -16 6 -14 31 -4 -26 -2 1 53 1 -14 -17 12 33 1 13 11 -6 -4 9 -10 9 5 7
-11 14 -36 32 10 5 -21 4 26 1 79 -11 8 -7 -12 11 19 -3 -7 -20 52 -29 -19 -15 10
-3 16 20 25 -1 11 24 1 -25 -14 -11 112 -12 -45 3 2 1 49 39 44 -8 5 29 19 -23
1 3 7 11 3 28 8 -8 -13 -17 8 -12 77 -33 -65 3 5 22 2 -8 0 1 -18 -15 -19
19 -25 -1 -29 -6 -15 -29 3 45 12 -7 -45 -33 120 56 5 0 -2 3 -54 -1 2 -9 -4 46
8 -49 13 -30 12 -22 -24 -2 6 33 -12 3 -65 56 137 -5 7 7 -9 -4 26 -11 -9 2 22
-13 3 -20 15 36 -17 1 47 4 1 11 2 3 5 -5 60 13 29 -13 9 -16 -26 6 3 15
-28 -30 -19 15 -3 24 29 27 -19 13 19 1 5 0 7 13 119 -1 -24 2 27 -50 16 -15 42
6 -41 22 49 10 1 -13 1 -2 11 -3 49 22 -2 7 29 -1 134 19 26 4 15 30 -11 4
4 -4 -13 26 -16 0 10 16 25 -6 -7 39 2 3 -9 -13 -24 19 144 50 -40 8 16 43 -18
-11 -19 -17 69 29 12 47 17 -20 -4 -20 44 -8 -54 -4 9 2 26 50 162 -57 12 17 19 22
-9 0 19 -3 -41 36 -41 -48 -41 9 52 -8 0 -1 26 -16 27 4 -40 -57 171 -31 -47 -82 -2
27 -19 54 -14 -10 -5 -6 -35 6 -10 -29 5 1 2 -11 -26 -50 15 8 12 -31 109 2 37 -3
-7 0 -1 18 6 0 14 32 15 9 -19 29 -18 -9 -9 6 16 30 16 17 -47 2 95 26 7
-3 14 2 -12 33 -35 11 32 38 5 -15 19 -15 -4 2 3 -15 -11 43 19 -82 37 26 117 1
6 -29 -16 14 40 13 12 15 10 7 10 -23 -19 46 22 15 42 4 -18 22 -2 -3 7 1 76

