Q_obj 
107 -52 17 -8 -11 71 -67 -41 -36 44
-52 143 -49 49 90 -22 4 6 80 -28
17 -49 110 -12 -62 45 -28 -58 -5 -3
-8 49 -12 73 35 17 3 -39 50 -14
-11 90 -62 35 125 -23 16 -12 40 15
71 -22 45 17 -23 100 -50 -65 7 3
-67 4 -28 3 16 -50 105 48 28 -2
-41 6 -58 -39 -12 -65 48 110 -1 13
-36 80 -5 50 40 7 28 -1 103 -29
44 -28 -3 -14 15 3 -2 13 -29 72

Q_cnstr 
36 0 14 6 18 -4 0 6 22 21
0 44 41 9 -4 23 -7 17 19 7
14 41 72 11 7 16 -35 10 34 22
6 9 11 35 19 -10 6 29 9 -11
18 -4 7 19 50 -15 18 8 10 8
-4 23 16 -10 -15 47 11 15 17 27
0 -7 -35 6 18 11 68 3 2 -12
6 17 10 29 8 15 3 84 -4 9
22 19 34 9 10 17 2 -4 44 16
21 7 22 -11 8 27 -12 9 16 64

