Q_obj 
85 -15 38 -7 17 -7 -6 -7 -37 -8 1 2
-15 150 -35 -17 36 -45 -77 -15 -40 -15 -2 15
38 -35 146 -23 8 -8 40 55 -34 23 -92 -22
-7 -17 -23 85 -23 -18 -4 -2 27 16 18 20
17 36 8 -23 135 15 -74 8 -35 7 -40 -18
-7 -45 -8 -18 15 81 2 -28 29 -48 -12 2
-6 -77 40 -4 -74 2 116 -17 15 16 19 16
-7 -15 55 -2 8 -28 -17 135 -34 46 -30 -80
-37 -40 -34 27 -35 29 15 -34 87 -1 15 18
-8 -15 23 16 7 -48 16 46 -1 134 -7 -40
1 -2 -92 18 -40 -12 19 -30 15 -7 119 18
2 15 -22 20 -18 2 16 -80 18 -40 18 75

Q_cnstr 
59 -7 24 -18 -9 42 22 3 -1 -5 -9 -54
-7 77 8 7 -1 9 25 4 -10 -1 -6 3
24 8 63 2 17 7 -4 -2 13 -10 3 -22
-18 7 2 81 11 -11 -13 25 -41 7 17 20
-9 -1 17 11 19 6 -15 -7 4 -7 0 3
42 9 7 -11 6 104 20 -16 1 -16 -37 -42
22 25 -4 -13 -15 20 42 -4 -3 7 -2 -24
3 4 -2 25 -7 -16 -4 50 -33 -4 11 17
-1 -10 13 -41 4 1 -3 -33 56 6 0 -10
-5 -1 -10 7 -7 -16 7 -4 6 29 12 -7
-9 -6 3 17 0 -37 -2 11 0 12 30 9
-54 3 -22 20 3 -42 -24 17 -10 -7 9 76

