Q_obj 
124 -14 -3 14 -8 -9 -48 3 18 -37 15 15 4 8 -15
-14 125 55 4 -10 -13 -18 87 -3 -5 -44 -45 57 12 -15
-3 55 98 -6 -31 -96 6 46 -23 -24 3 -7 45 34 -6
14 4 -6 123 -6 1 0 -4 -27 13 -37 26 -2 -33 65
-8 -10 -31 -6 95 47 26 -51 -28 9 -5 -13 -12 -16 3
-9 -13 -96 1 47 184 18 46 37 -12 5 -49 -27 0 -10
-48 -18 6 0 26 18 131 13 -21 -29 30 4 -57 28 13
3 87 46 -4 -51 46 13 203 34 -79 0 -69 27 61 -30
18 -3 -23 -27 -28 37 -21 34 114 -48 42 14 5 5 -41
-37 -5 -24 13 9 -12 -29 -79 -48 98 -54 12 -36 -32 8
15 -44 3 -37 -5 5 30 0 42 -54 128 -16 8 71 57
15 -45 -7 26 -13 -49 4 -69 14 12 -16 73 -34 -50 -23
4 57 45 -2 -12 -27 -57 27 5 -36 8 -34 174 -20 65
8 12 34 -33 -16 0 28 61 5 -32 71 -50 -20 130 26
-15 -15 -6 65 3 -10 13 -30 -41 8 57 -23 65 26 194

Q_cnstr 
83 1 2 -18 -17 22 -29 -1 15 -2 -6 24 1 -1 12
1 24 -1 -8 -3 8 -12 6 -3 -3 13 -11 12 6 -4
2 -1 97 39 3 -40 -10 -15 10 -9 38 -11 -72 1 0
-18 -8 39 49 4 -16 -1 -10 -3 -11 0 -18 -26 -3 1
-17 -3 3 4 22 -5 11 3 14 2 1 4 6 -9 -23
22 8 -40 -16 -5 52 -13 16 -15 0 -5 15 39 7 -7
-29 -12 -10 -1 11 -13 55 -1 4 10 -13 -10 -22 7 7
-1 6 -15 -10 3 16 -1 27 -6 -5 16 17 29 14 7
15 -3 10 -3 14 -15 4 -6 63 5 7 23 7 -21 -14
-2 -3 -9 -11 2 0 10 -5 5 44 4 0 -18 -2 -28
-6 13 38 0 1 -5 -13 16 7 4 73 9 -10 10 -6
24 -11 -11 -18 4 15 -10 17 23 0 9 50 27 -2 2
1 12 -72 -26 6 39 -22 29 7 -18 -10 27 133 5 -49
-1 6 1 -3 -9 7 7 14 -21 -2 10 -2 5 29 4
12 -4 0 1 -23 -7 7 7 -14 -28 -6 2 -49 4 146

