Q_obj 
161 9 35 56 26 13 -7 12 -61 -52 32 -21 34 -27 -6 -10 -5
9 181 -9 -7 -10 -5 -80 35 17 -19 -16 13 2 -20 57 12 -85
35 -9 169 108 -57 -8 87 79 0 -9 -8 47 -4 -29 19 89 1
56 -7 108 197 -75 -23 61 -31 28 22 21 -1 -29 -52 -43 31 13
26 -10 -57 -75 167 13 6 13 -4 -21 -75 -12 44 48 31 -21 -9
13 -5 -8 -23 13 173 -15 73 -33 10 30 47 10 -47 33 29 -42
-7 -80 87 61 6 -15 157 66 18 -31 -21 -40 -29 18 -7 -36 37
12 35 79 -31 13 73 66 191 -11 -51 -1 20 -29 -33 68 2 -26
-61 17 0 28 -4 -33 18 -11 147 36 -53 -9 -29 -40 -9 3 37
-52 -19 -9 22 -21 10 -31 -51 36 132 10 66 14 -24 -17 53 -30
32 -16 -8 21 -75 30 -21 -1 -53 10 224 -11 38 -85 -1 -16 30
-21 13 47 -1 -12 47 -40 20 -9 66 -11 157 -5 -25 -35 151 -31
34 2 -4 -29 44 10 -29 -29 -29 14 38 -5 154 -52 78 45 -39
-27 -20 -29 -52 48 -47 18 -33 -40 -24 -85 -25 -52 280 -53 -60 -2
-6 57 19 -43 31 33 -7 68 -9 -17 -1 -35 78 -53 180 -10 -47
-10 12 89 31 -21 29 -36 2 3 53 -16 151 45 -60 -10 232 -35
-5 -85 1 13 -9 -42 37 -26 37 -30 30 -31 -39 -2 -47 -35 138

Q_cnstr 
20 -5 -1 -10 -3 5 10 -1 -8 7 5 1 1 12 -9 6 4
-5 63 -2 -4 1 -9 -3 2 -11 4 16 3 1 -25 0 -20 15
-1 -2 26 -5 -4 -9 0 -1 16 19 -6 -7 8 -3 -10 11 -11
-10 -4 -5 37 9 1 6 2 12 -2 -14 3 0 8 26 1 12
-3 1 -4 9 81 18 1 14 26 -11 -2 -6 1 -19 41 -10 14
5 -9 -9 1 18 34 9 13 5 -13 7 8 -2 9 12 -7 12
10 -3 0 6 1 9 27 6 3 7 4 -3 -5 21 -2 5 10
-1 2 -1 2 14 13 6 22 15 1 2 -1 -7 14 6 0 4
-8 -11 16 12 26 5 3 15 45 11 -7 -11 5 8 13 7 1
7 4 19 -2 -11 -13 7 1 11 56 10 -10 -12 10 -14 6 3
5 16 -6 -14 -2 7 4 2 -7 10 34 6 3 4 2 -20 17
1 3 -7 3 -6 8 -3 -1 -11 -10 6 17 13 -3 14 -6 4
1 1 8 0 1 -2 -5 -7 5 -12 3 13 46 -11 18 1 2
12 -25 -3 8 -19 9 21 14 8 10 4 -3 -11 58 -8 11 14
-9 0 -10 26 41 12 -2 6 13 -14 2 14 18 -8 57 -15 24
6 -20 11 1 -10 -7 5 0 7 6 -20 -6 1 11 -15 25 -16
4 15 -11 12 14 12 10 4 1 3 17 4 2 14 24 -16 53

