Q_obj 
133 -51 -23 -19 51 9 -30 10 65 31 36 25
-51 86 -22 -38 -1 41 -19 -15 -8 -2 -29 -9
-23 -22 125 20 -19 1 33 20 -14 8 -7 5
-19 -38 20 111 9 -11 -5 28 -50 -21 7 -19
51 -1 -19 9 92 24 4 20 18 42 5 2
9 41 1 -11 24 119 -24 3 -1 -46 -27 31
-30 -19 33 -5 4 -24 94 -13 7 47 -22 -18
10 -15 20 28 20 3 -13 40 0 5 -2 3
65 -8 -14 -50 18 -1 7 0 137 89 56 -17
31 -2 8 -21 42 -46 47 5 89 139 -3 -32
36 -29 -7 7 5 -27 -22 -2 56 -3 132 -36
25 -9 5 -19 2 31 -18 3 -17 -32 -36 60

Q_cnstr 
35 -12 22 -13 2 0 -1 12 9 19 10 -2
-12 63 -25 -31 -10 11 -6 -8 -11 6 -18 -2
22 -25 56 -5 19 6 20 4 1 11 49 -28
-13 -31 -5 91 7 -9 17 -24 32 -20 1 22
2 -10 19 7 104 -13 -4 2 21 30 -22 13
0 11 6 -9 -13 42 -5 15 11 6 2 -3
-1 -6 20 17 -4 -5 35 -12 3 -6 25 -25
12 -8 4 -24 2 15 -12 35 5 9 -20 -14
9 -11 1 32 21 11 3 5 75 15 -24 1
19 6 11 -20 30 6 -6 9 15 34 -7 -4
10 -18 49 1 -22 2 25 -20 -24 -7 91 -22
-2 -2 -28 22 13 -3 -25 -14 1 -4 -22 78

