Q_obj 
346 -90 -15 -55 93 -57 88 -37 66 1 -23 -26 -19 10 20 -118 98 1 23 54 -45 49 7 43 11 13 145 -139 14 32 -9 73 -3 -67 -63
-90 337 -25 36 57 -14 -26 51 -69 -88 54 3 76 24 -85 -67 -102 48 29 -89 14 -96 -39 6 -9 -25 30 9 -11 -31 -46 -64 1 82 110
-15 -25 382 88 154 -48 -101 7 19 -1 0 44 -34 -2 10 49 126 -28 -62 -42 76 88 -113 14 90 40 86 -115 -39 69 6 10 -33 -71 60
-55 36 88 404 -5 9 -103 -88 -122 -105 3 127 121 5 -15 82 57 54 -31 -29 89 7 -25 62 -95 -43 -50 -2 -124 47 -31 29 17 -111 76
93 57 154 -5 407 -47 68 30 55 -86 34 -51 31 -61 52 -120 39 -25 -79 -53 -134 30 -63 29 43 63 250 35 -89 94 72 -49 -155 19 54
-57 -14 -48 9 -47 343 -77 -23 72 -23 -49 -86 3 20 -32 36 -17 44 -36 90 8 -101 -83 27 -13 -36 -75 81 -13 -7 -9 -69 -29 59 55
88 -26 -101 -103 68 -77 349 -43 34 71 57 -42 23 -6 72 -114 19 -2 45 -54 -59 56 12 -59 7 92 44 31 101 -54 9 -37 7 -14 16
-37 51 7 -88 30 -23 -43 369 89 32 -61 -110 -97 -29 -51 -6 -66 -62 -33 -22 -44 -6 -31 7 19 0 52 42 109 64 -25 49 -72 10 -49
66 -69 19 -122 55 72 34 89 420 -36 -71 -177 -96 -25 63 81 85 -17 -132 -20 -9 89 -99 -40 91 -52 88 87 69 2 22 109 -28 71 2
1 -88 -1 -105 -86 -23 71 32 -36 280 43 18 -89 71 13 -37 -2 1 83 65 -29 -39 -3 -46 6 -17 -147 -8 127 -11 -30 -68 -17 -81 -86
-23 54 0 3 34 -49 57 -61 -71 43 355 122 55 -45 29 -4 -50 81 103 -43 11 -43 50 0 84 -68 3 28 -25 -124 -33 -71 -12 -9 34
-26 3 44 127 -51 -86 -42 -110 -177 18 122 343 97 25 -77 29 -52 57 93 -74 88 -74 45 -71 -51 -49 -68 -52 -79 -36 -26 -25 139 -28 33
-19 76 -34 121 31 3 23 -97 -96 -89 55 97 378 -93 -50 23 -96 75 -8 -42 -11 -58 58 -87 -13 -13 13 -32 -11 -10 -10 52 51 48 85
10 24 -2 5 -61 20 -6 -29 -25 71 -45 25 -93 299 -29 -73 -26 63 15 -47 -2 8 -80 15 44 69 -17 -60 5 -43 68 -47 14 -16 -29
20 -85 10 -15 52 -32 72 -51 63 13 29 -77 -50 -29 361 54 31 -28 -46 -60 -29 172 7 77 61 27 -32 82 31 -50 49 67 8 58 -10
-118 -67 49 82 -120 36 -114 -6 81 -37 -4 29 23 -73 54 408 -69 68 -4 -37 86 89 19 7 64 -35 -127 77 9 2 -86 133 63 35 -6
98 -102 126 57 39 -17 19 -66 85 -2 -50 -52 -96 -26 31 -69 377 -99 -97 110 100 102 -43 15 52 -10 74 -113 0 186 29 32 -19 -95 72
1 48 -28 54 -25 44 -2 -62 -17 1 81 57 75 63 -28 68 -99 276 -16 -29 -19 26 7 -5 -33 -21 -29 -17 -59 -67 -31 19 62 36 -22
23 29 -62 -31 -79 -36 45 -33 -132 83 103 93 -8 15 -46 -4 -97 -16 345 -63 36 -114 49 -32 60 -117 -78 39 8 -125 -91 -34 15 -83 -13
54 -89 -42 -29 -53 90 -54 -22 -20 65 -43 -74 -42 -47 -60 -37 110 -29 -63 307 -58 -60 46 27 -69 -17 -41 -13 19 116 3 -58 -45 -50 -60
-45 14 76 89 -134 8 -59 -44 -9 -29 11 88 -11 -2 -29 86 100 -19 36 -58 274 42 5 -63 38 -23 -133 -93 -23 -10 -27 64 132 -55 112
49 -96 88 7 30 -101 56 -6 89 -39 -43 -74 -58 8 172 89 102 26 -114 -60 42 386 -22 -13 92 137 44 -77 -51 23 -7 90 -69 -12 12
7 -39 -113 -25 -63 -83 12 -31 -99 -3 50 45 58 -80 7 19 -43 7 49 46 5 -22 281 -15 -5 -53 -78 80 -12 -65 18 24 34 -50 -68
43 6 14 62 29 27 -59 7 -40 -46 0 -71 -87 15 77 7 15 -5 -32 27 -63 -13 -15 262 1 -22 67 26 -23 -16 -26 -7 -73 -23 2
11 -9 90 -95 43 -13 7 19 91 6 84 -51 -13 44 61 64 52 -33 60 -69 38 92 -5 1 334 -57 50 2 27 -34 -63 18 -68 11 140
13 -25 40 -43 63 -36 92 0 -52 -17 -68 -49 -13 69 27 -35 -10 -21 -117 -17 -23 137 -53 -22 -57 362 64 -93 5 35 69 -17 22 42 -69
145 30 86 -50 250 -75 44 52 88 -147 3 -68 13 -17 -32 -127 74 -29 -78 -41 -133 44 -78 67 50 64 429 -50 7 46 30 51 -57 8 45
-139 9 -115 -2 35 81 31 42 87 -8 28 -52 -32 -60 82 77 -113 -17 39 -13 -93 -77 80 26 2 -93 -50 402 49 -58 -61 -83 -36 29 23
14 -11 -39 -124 -89 -13 101 109 69 127 -25 -79 -11 5 31 9 0 -59 8 19 -23 -51 -12 -23 27 5 7 49 386 48 -76 -42 106 19 -8
32 -31 69 47 94 -7 -54 64 2 -11 -124 -36 -10 -43 -50 2 186 -67 -125 116 -10 23 -65 -16 -34 35 46 -58 48 389 61 -20 -70 -3 -15
-9 -46 6 -31 72 -9 9 -25 22 -30 -33 -26 -10 68 49 -86 29 -31 -91 3 -27 -7 18 -26 -63 69 30 -61 -76 61 338 39 -42 47 -139
73 -64 10 29 -49 -69 -37 49 109 -68 -71 -25 52 -47 67 133 32 19 -34 -58 64 90 24 -7 18 -17 51 -83 -42 -20 39 363 110 -3 -34
-3 1 -33 17 -155 -29 7 -72 -28 -17 -12 139 51 14 8 63 -19 62 15 -45 132 -69 34 -73 -68 22 -57 -36 106 -70 -42 110 346 62 33
-67 82 -71 -111 19 59 -14 10 71 -81 -9 -28 48 -16 58 35 -95 36 -83 -50 -55 -12 -50 -23 11 42 8 29 19 -3 47 -3 62 267 8
-63 110 60 76 54 55 16 -49 2 -86 34 33 85 -29 -10 -6 72 -22 -13 -60 112 12 -68 2 140 -69 45 23 -8 -15 -139 -34 33 8 321

Q_cnstr 
82 14 -5 -21 -28 -20 13 9 -18 6 -24 4 -17 -27 -2 35 5 -10 23 14 19 -8 -8 -6 -3 -8 -21 2 7 -33 32 3 -4 -2 7
14 67 -7 -4 25 -12 25 -17 23 -24 22 -30 -1 -14 -8 6 -1 1 -8 -18 -14 15 41 -15 15 -31 -10 19 12 -12 16 1 27 12 7
-5 -7 122 -19 -8 7 -22 18 -8 -2 -24 1 19 11 17 -15 -46 17 -4 34 18 -26 4 -9 25 19 13 -4 -10 16 -48 -29 -5 6 16
-21 -4 -19 134 -18 10 0 3 25 50 19 9 8 5 -33 -12 1 22 12 20 0 51 16 14 -11 13 24 1 -6 -34 31 19 -39 -41 8
-28 25 -8 -18 133 -22 8 -11 19 -32 23 -12 6 -7 28 -9 -5 9 -78 -7 -16 41 10 -30 13 20 -3 26 33 20 -13 -12 36 17 -36
-20 -12 7 10 -22 267 1 -60 27 81 -14 90 49 -5 -13 -32 36 -1 -39 70 9 23 -52 -21 2 7 -31 11 -23 -33 -1 20 43 -43 -84
13 25 -22 0 8 1 124 15 18 5 -24 31 -29 16 -25 -29 50 -6 -12 45 0 33 13 -4 30 -25 -25 0 30 -18 62 0 -2 30 18
9 -17 18 3 -11 -60 15 174 -5 5 22 -10 -25 11 -19 -21 -25 -2 28 29 36 -33 15 22 35 12 14 -6 38 27 19 16 -39 -28 43
-18 23 -8 25 19 27 18 -5 139 32 14 24 -31 -32 18 -8 -12 17 -56 11 -31 11 32 28 41 -17 -12 -6 24 56 63 4 20 11 9
6 -24 -2 50 -32 81 5 5 32 243 -47 98 -17 51 -22 4 17 12 -27 35 3 30 -24 -19 -33 33 42 44 -13 11 47 18 -10 -12 -38
-24 22 -24 19 23 -14 -24 22 14 -47 184 -72 26 -8 -19 24 -16 47 33 -41 -25 -11 28 18 5 5 15 -28 -40 25 47 -1 0 -25 -31
4 -30 1 9 -12 90 31 -10 24 98 -72 177 -3 -35 -24 -18 48 -1 -49 58 4 68 -63 -19 -3 21 -14 20 27 -4 46 -21 13 26 -19
-17 -1 19 8 6 49 -29 -25 -31 -17 26 -3 94 -10 7 -23 -4 20 -13 -6 1 -21 -18 -29 16 5 12 -6 -7 -38 -34 -17 13 -21 -31
-27 -14 11 5 -7 -5 16 11 -32 51 -8 -35 -10 151 0 -33 40 -1 -4 8 -13 -2 63 12 7 12 52 26 -2 -17 9 -5 -41 13 -13
-2 -8 17 -33 28 -13 -25 -19 18 -22 -19 -24 7 0 123 -4 -15 7 -32 12 -9 -45 27 0 -1 -9 -30 -2 -21 -15 -71 -2 16 -50 -3
35 6 -15 -12 -9 -32 -29 -21 -8 4 24 -18 -23 -33 -4 146 4 -6 19 -18 -11 25 -16 0 10 12 -7 4 -33 29 25 10 -13 -21 40
5 -1 -46 1 -5 36 50 -25 -12 17 -16 48 -4 40 -15 4 244 -3 -11 46 -63 33 47 30 29 22 -25 30 -1 -53 47 -5 6 21 -3
-10 1 17 22 9 -1 -6 -2 17 12 47 -1 20 -1 7 -6 -3 62 6 16 -1 12 3 -9 15 24 11 -26 -19 13 34 -9 -8 15 -42
23 -8 -4 12 -78 -39 -12 28 -56 -27 33 -49 -13 -4 -32 19 -11 6 180 -35 2 -26 -46 -9 -31 -24 -20 -57 -33 8 -2 9 -20 -11 44
14 -18 34 20 -7 70 45 29 11 35 -41 58 -6 8 12 -18 46 16 -35 172 34 29 -12 -27 22 57 -22 -27 55 -4 27 3 -35 5 -18
19 -14 18 0 -16 9 0 36 -31 3 -25 4 1 -13 -9 -11 -63 -1 2 34 146 12 -45 14 -45 6 19 -44 38 20 -19 17 -40 33 9
-8 15 -26 51 41 23 33 -33 11 30 -11 68 -21 -2 -45 25 33 12 -26 29 12 264 -13 -51 -6 14 4 22 42 1 44 18 -36 69 -28
-8 41 4 16 10 -52 13 15 32 -24 28 -63 -18 63 27 -16 47 3 -46 -12 -45 -13 206 23 45 -28 24 41 -8 -42 -2 8 1 -14 -6
-6 -15 -9 14 -30 -21 -4 22 28 -19 18 -19 -29 12 0 0 30 -9 -9 -27 14 -51 23 135 -4 -9 23 3 -31 -17 34 0 -18 -25 28
-3 15 25 -11 13 2 30 35 41 -33 5 -3 16 7 -1 10 29 15 -31 22 -45 -6 45 -4 120 6 -17 12 16 -4 31 -16 4 -9 17
-8 -31 19 13 20 7 -25 12 -17 33 5 21 5 12 -9 12 22 24 -24 57 6 14 -28 -9 6 125 7 2 28 9 -27 2 3 26 -21
-21 -10 13 24 -3 -31 -25 14 -12 42 15 -14 12 52 -30 -7 -25 11 -20 -22 19 4 24 23 -17 7 101 5 17 22 17 -22 -42 26 -7
2 19 -4 1 26 11 0 -6 -6 44 -28 20 -6 26 -2 4 30 -26 -57 -27 -44 22 41 3 12 2 5 107 -33 -46 -31 2 17 -24 -17
7 12 -10 -6 33 -23 30 38 24 -13 -40 27 -7 -2 -21 -33 -1 -19 -33 55 38 42 -8 -31 16 28 17 -33 157 32 15 -14 -5 62 35
-33 -12 16 -34 20 -33 -18 27 56 11 25 -4 -38 -17 -15 29 -53 13 8 -4 20 1 -42 -17 -4 9 22 -46 32 186 32 -4 0 82 21
32 16 -48 31 -13 -1 62 19 63 47 47 46 -34 9 -71 25 47 34 -2 27 -19 44 -2 34 31 -27 17 -31 15 32 238 -5 -39 52 -21
3 1 -29 19 -12 20 0 16 4 18 -1 -21 -17 -5 -2 10 -5 -9 9 3 17 18 8 0 -16 2 -22 2 -14 -4 -5 67 5 -11 -1
-4 27 -5 -39 36 43 -2 -39 20 -10 0 13 13 -41 16 -13 6 -8 -20 -35 -40 -36 1 -18 4 3 -42 17 -5 0 -39 5 120 -4 -19
-2 12 6 -41 17 -43 30 -28 11 -12 -25 26 -21 13 -50 -21 21 15 -11 5 33 69 -14 -25 -9 26 26 -24 62 82 52 -11 -4 209 14
7 7 16 8 -36 -84 18 43 9 -38 -31 -19 -31 -13 -3 40 -3 -42 44 -18 9 -28 -6 28 17 -21 -7 -17 35 21 -21 -1 -19 14 182

