Q_obj 
194 35 -93 25 6 73 -91 -22 43 88 24 20 -66 4 -6 -102 -30 100 17 72
35 169 -52 -40 65 -29 7 15 1 -10 55 39 -98 -41 -47 57 31 -9 -90 29
-93 -52 186 24 -32 -21 18 -53 -5 -31 -24 -36 64 -16 -20 45 20 -58 48 -35
25 -40 24 113 -26 -18 -69 -25 -51 17 -4 33 41 16 61 -45 2 20 64 18
6 65 -32 -26 281 -40 -22 19 45 16 -1 -10 -33 -70 -7 18 54 14 -65 47
73 -29 -21 -18 -40 189 -55 -63 85 -21 33 -53 -19 -5 -26 -44 -72 57 74 -8
-91 7 18 -69 -22 -55 238 69 19 70 -72 11 -33 41 -49 103 59 -70 -101 19
-22 15 -53 -25 19 -63 69 263 -49 100 -35 -4 -56 -10 49 -65 -64 -61 -35 -58
43 1 -5 -51 45 85 19 -49 208 42 -45 -62 -3 -15 -37 74 -21 37 -64 18
88 -10 -31 17 16 -21 70 100 42 204 -50 43 -30 32 5 -47 -27 29 -45 37
24 55 -24 -4 -1 33 -72 -35 -45 -50 145 -18 -15 7 -17 -8 29 6 17 -35
20 39 -36 33 -10 -53 11 -4 -62 43 -18 138 -16 -2 -16 -21 -13 21 -36 36
-66 -98 64 41 -33 -19 -33 -56 -3 -30 -15 -16 163 9 41 -1 -10 -2 64 -48
4 -41 -16 16 -70 -5 41 -10 -15 32 7 -2 9 208 52 13 39 69 44 49
-6 -47 -20 61 -7 -26 -49 49 -37 5 -17 -16 41 52 214 -32 2 -17 69 -74
-102 57 45 -45 18 -44 103 -65 74 -47 -8 -21 -1 13 -32 261 119 -38 -84 34
-30 31 20 2 54 -72 59 -64 -21 -27 29 -13 -10 39 2 119 225 -23 -21 69
100 -9 -58 20 14 57 -70 -61 37 29 6 21 -2 69 -17 -38 -23 147 27 106
17 -90 48 64 -65 74 -101 -35 -64 -45 17 -36 64 44 69 -84 -21 27 200 -1
72 29 -35 18 47 -8 19 -58 18 37 -35 36 -48 49 -74 34 69 106 -1 230

Q_cnstr 
44 -15 25 13 -1 -5 -15 -13 18 3 19 -6 -14 -28 -14 -9 18 -29 -27 -7
-15 78 -21 -9 -5 38 8 48 5 -3 -15 13 -1 -3 -9 19 -35 4 19 -3
25 -21 106 37 26 6 -38 -5 8 -11 -13 6 -1 -43 -31 -31 -23 -8 6 -24
13 -9 37 88 -16 6 5 24 -7 -10 22 14 5 -12 18 -13 -12 -21 17 1
-1 -5 26 -16 73 2 -4 16 -15 4 -10 3 -8 -3 -26 5 6 32 14 -30
-5 38 6 6 2 81 31 48 -17 -21 -20 -5 -10 -21 21 -18 -47 19 24 -10
-15 8 -38 5 -4 31 105 3 -24 -20 -19 -12 0 26 5 9 -26 8 -1 6
-13 48 -5 24 16 48 3 198 32 21 94 2 -13 24 48 -12 -20 35 50 -25
18 5 8 -7 -15 -17 -24 32 96 34 33 0 -26 10 -12 -1 -7 -18 10 -6
3 -3 -11 -10 4 -21 -20 21 34 58 15 7 5 16 10 11 17 10 3 -10
19 -15 -13 22 -10 -20 -19 94 33 15 139 -18 -21 6 37 5 33 -7 -9 -8
-6 13 6 14 3 -5 -12 2 0 7 -18 54 2 21 7 13 -12 -17 5 2
-14 -1 -1 5 -8 -10 0 -13 -26 5 -21 2 45 3 4 -5 8 -8 2 1
-28 -3 -43 -12 -3 -21 26 24 10 16 6 21 3 99 26 21 10 -1 -8 21
-14 -9 -31 18 -26 21 5 48 -12 10 37 7 4 26 83 -8 -1 21 13 10
-9 19 -31 -13 5 -18 9 -12 -1 11 5 13 -5 21 -8 56 -5 9 -7 17
18 -35 -23 -12 6 -47 -26 -20 -7 17 33 -12 8 10 -1 -5 97 -21 -18 3
-29 4 -8 -21 32 19 8 35 -18 10 -7 -17 -8 -1 21 9 -21 92 36 0
-27 19 6 17 14 24 -1 50 10 3 -9 5 2 -8 13 -7 -18 36 70 -8
-7 -3 -24 1 -30 -10 6 -25 -6 -10 -8 2 1 21 10 17 3 0 -8 48

