Q_obj 
161 -28 -10 -74 4 -12 -25 -37 -40 -19 23 -47 76 -46 -46
-28 196 16 -23 14 -12 -27 -38 39 58 98 11 34 84 -85
-10 16 99 -1 9 -20 -43 33 1 -30 11 -61 -2 25 7
-74 -23 -1 128 1 -6 -38 -39 15 40 -22 -2 -47 -3 64
4 14 9 1 128 -56 40 40 -51 -49 -40 -64 77 9 35
-12 -12 -20 -6 -56 102 -14 -24 5 31 12 18 -80 26 -33
-25 -27 -43 -38 40 -14 190 54 -65 -51 -34 7 34 23 30
-37 -38 33 -39 40 -24 54 153 0 -51 -57 42 20 -27 76
-40 39 1 15 -51 5 -65 0 102 36 11 108 -43 -20 -5
-19 58 -30 40 -49 31 -51 -51 36 128 32 39 1 12 -18
23 98 11 -22 -40 12 -34 -57 11 32 172 -42 -6 39 -83
-47 11 -61 -2 -64 18 7 42 108 39 -42 270 -19 -75 61
76 34 -2 -47 77 -80 34 20 -43 1 -6 -19 167 -18 22
-46 84 25 -3 9 26 23 -27 -20 12 39 -75 -18 105 -61
-46 -85 7 64 35 -33 30 76 -5 -18 -83 61 22 -61 156

Q_cnstr 
66 22 19 -7 8 14 -34 -16 -6 6 -6 35 19 -22 8
22 71 16 9 -7 10 -23 21 -9 13 8 -7 21 -11 27
19 16 58 24 -3 7 -10 -4 15 9 -30 40 34 -18 -3
-7 9 24 75 22 8 7 -22 7 -6 18 3 8 7 2
8 -7 -3 22 55 10 -33 -43 6 4 30 -15 42 15 4
14 10 7 8 10 48 -10 17 20 17 18 26 -9 4 43
-34 -23 -10 7 -33 -10 151 7 19 -31 -24 30 -34 9 -10
-16 21 -4 -22 -43 17 7 115 16 13 0 1 -35 -1 24
-6 -9 15 7 6 20 19 16 54 4 -15 38 17 -6 4
6 13 9 -6 4 17 -31 13 4 34 15 -5 24 -9 21
-6 8 -30 18 30 18 -24 0 -15 15 145 -60 5 11 44
35 -7 40 3 -15 26 30 1 38 -5 -60 125 7 19 4
19 21 34 8 42 -9 -34 -35 17 24 5 7 114 -5 -7
-22 -11 -18 7 15 4 9 -1 -6 -9 11 19 -5 75 10
8 27 -3 2 4 43 -10 24 4 21 44 4 -7 10 57

