Q_obj 
196 -25 -19 -14 22 -7 25 12 -76 36 -17 10 -67 5 1 105 45 61 12 13 -20 -9 26 10 43
-25 214 18 -58 0 -24 0 61 14 69 -32 -63 114 5 85 -76 -28 -139 -67 -50 99 6 22 78 12
-19 18 164 99 6 -72 -22 2 41 -20 29 24 13 -39 65 -57 -75 -41 34 -31 -21 56 8 5 -32
-14 -58 99 277 46 40 1 8 67 6 -55 -15 2 -95 52 -24 -69 -14 72 -5 -47 43 -15 -54 -2
22 0 6 46 188 -13 -11 -36 91 52 -4 -30 -33 -58 28 12 44 26 -96 38 -26 -5 2 13 18
-7 -24 -72 40 -13 264 118 -111 -8 23 -10 41 12 24 -48 20 -2 -30 67 30 14 -71 -74 1 22
25 0 -22 1 -11 118 227 -53 -78 7 83 -30 25 -4 4 19 44 -15 -13 -53 -37 34 -14 29 80
12 61 2 8 -36 -111 -53 261 44 91 -99 -3 81 -43 75 5 40 17 2 -79 71 106 47 43 29
-76 14 41 67 91 -8 -78 44 238 19 -85 -18 64 -43 -9 -8 4 -25 -42 -34 15 74 -30 10 -12
36 69 -20 6 52 23 7 91 19 289 -92 -2 -30 47 42 -7 -8 2 -46 36 167 65 59 20 78
-17 -32 29 -55 -4 -10 83 -99 -85 -92 335 -65 -69 -21 -1 -57 0 36 -27 -35 -83 10 -49 -11 -13
10 -63 24 -15 -30 41 -30 -3 -18 -2 -65 335 12 -29 50 -42 -6 62 41 104 26 -48 -37 -36 -62
-67 114 13 2 -33 12 25 81 64 -30 -69 12 244 -6 73 -59 -45 -91 -22 -14 -5 78 -12 76 -43
5 5 -39 -95 -58 24 -4 -43 -43 47 -21 -29 -6 183 -108 33 -72 23 -14 48 44 12 31 64 -67
1 85 65 52 28 -48 4 75 -9 42 -1 50 73 -108 223 -45 8 -65 -4 -25 0 26 35 33 25
105 -76 -57 -24 12 20 19 5 -8 -7 -57 -42 -59 33 -45 247 132 82 -19 -27 -97 13 69 81 64
45 -28 -75 -69 44 -2 44 40 4 -8 0 -6 -45 -72 8 132 282 49 -51 -27 -49 -15 39 46 113
61 -139 -41 -14 26 -30 -15 17 -25 2 36 62 -91 23 -65 82 49 275 -47 40 -6 105 59 4 -45
12 -67 34 72 -96 67 -13 2 -42 -46 -27 41 -22 -14 -4 -19 -51 -47 262 -5 -19 -57 -48 -104 -29
13 -50 -31 -5 38 30 -53 -79 -34 36 -35 104 -14 48 -25 -27 -27 40 -5 197 21 -56 -19 -13 -59
-20 99 -21 -47 -26 14 -37 71 15 167 -83 26 -5 44 0 -97 -49 -6 -19 21 318 55 48 31 -42
-9 6 56 43 -5 -71 34 106 74 65 10 -48 78 12 26 13 -15 105 -57 -56 55 290 72 44 -21
26 22 8 -15 2 -74 -14 47 -30 59 -49 -37 -12 31 35 69 39 59 -48 -19 48 72 224 38 -17
10 78 5 -54 13 1 29 43 10 20 -11 -36 76 64 33 81 46 4 -104 -13 31 44 38 248 -53
43 12 -32 -2 18 22 80 29 -12 78 -13 -62 -43 -67 25 64 113 -45 -29 -59 -42 -21 -17 -53 238

Q_cnstr 
68 -23 -7 -11 -3 12 -21 9 -14 25 -34 -15 18 -2 15 16 2 2 -5 11 -32 -6 10 22 7
-23 65 -4 45 -5 12 9 -5 -13 9 15 15 -13 8 -18 31 35 -13 -1 0 6 0 -19 14 -16
-7 -4 148 -23 -18 -19 -12 5 -6 -33 45 24 -29 -15 -2 -15 41 -3 67 12 3 13 -27 -24 -30
-11 45 -23 197 -14 31 23 -54 -31 -42 39 33 14 6 10 19 69 20 11 -32 -22 -13 -18 82 -13
-3 -5 -18 -14 30 10 5 2 13 17 -1 0 0 11 19 -7 -27 -10 -2 -2 -22 3 15 -1 -5
12 12 -19 31 10 164 24 14 35 13 -25 -13 -28 14 44 20 -21 -17 8 -12 46 4 36 114 30
-21 9 -12 23 5 24 114 0 -9 22 20 -8 -4 -37 8 -1 -15 0 29 9 19 34 19 -6 22
9 -5 5 -54 2 14 0 116 15 8 14 -23 -4 -14 -36 -36 5 -11 -17 22 8 4 7 2 -6
-14 -13 -6 -31 13 35 -9 15 193 -23 -29 34 -38 8 20 -11 -36 3 4 -31 18 5 -35 -25 22
25 9 -33 -42 17 13 22 8 -23 145 -45 -51 2 -22 12 48 5 -15 -34 40 -32 5 45 -1 30
-34 15 45 39 -1 -25 20 14 -29 -45 114 15 20 -2 -3 -60 11 -16 6 -24 -4 14 15 -23 -27
-15 15 24 33 0 -13 -8 -23 34 -51 15 66 -13 20 -11 -4 23 -13 35 -19 15 -2 -50 -16 -24
18 -13 -29 14 0 -28 -4 -4 -38 2 20 -13 76 5 12 -14 -20 -2 -34 -11 -35 -3 10 13 0
-2 8 -15 6 11 14 -37 -14 8 -22 -2 20 5 98 16 23 -13 12 -38 -9 41 -27 -40 59 -2
15 -18 -2 10 19 44 8 -36 20 12 -3 -11 12 16 94 26 -40 1 7 9 -6 22 60 37 17
16 31 -15 19 -7 20 -1 -36 -11 48 -60 -4 -14 23 26 111 27 23 -7 23 12 -4 -4 46 22
2 35 41 69 -27 -21 -15 5 -36 5 11 23 -20 -13 -40 27 161 50 21 36 -7 -14 -25 10 20
2 -13 -3 20 -10 -17 0 -11 3 -15 -16 -13 -2 12 1 23 50 96 -7 13 -3 -26 -17 33 50
-5 -1 67 11 -2 8 29 -17 4 -34 6 35 -34 -38 7 -7 21 -7 124 20 -1 4 -22 -20 -8
11 0 12 -32 -2 -12 9 22 -31 40 -24 -19 -11 -9 9 23 36 13 20 85 22 5 13 -1 28
-32 6 3 -22 -22 46 19 8 18 -32 -4 15 -35 41 -6 12 -7 -3 -1 22 185 -11 -6 28 71
-6 0 13 -13 3 4 34 4 5 5 14 -2 -3 -27 22 -4 -14 -26 4 5 -11 54 32 -37 -28
10 -19 -27 -18 15 36 19 7 -35 45 15 -50 10 -40 60 -4 -25 -17 -22 13 -6 32 151 -5 43
22 14 -24 82 -1 114 -6 2 -25 -1 -23 -16 13 59 37 46 10 33 -20 -1 28 -37 -5 190 44
7 -16 -30 -13 -5 30 22 -6 22 30 -27 -24 0 -2 17 22 20 50 -8 28 71 -28 43 44 148

