Q_obj 
377 54 -56 -53 -41 -18 -16 74 192 29 -27 134 14 93 66 -39 -80 -10 -9 120 -11 -28 34 34 13 -10 29 40 38 50 30 88 94 24 41 86 -3 19 89 50
54 374 -54 -48 44 140 57 -82 106 -30 0 -47 -12 -45 -75 40 -17 52 -2 12 -19 15 -63 -46 -1 -16 -13 56 -50 -40 -2 46 75 15 6 25 -22 -81 61 34
-56 -54 422 -67 -71 26 168 41 -68 -6 -99 101 67 29 6 -92 -7 3 65 -40 3 -35 57 -42 -11 -100 -60 85 166 12 73 -6 -80 133 -50 -65 114 69 -94 21
-53 -48 -67 461 -18 13 -68 15 -76 -34 166 -152 -39 5 -133 49 -14 -28 -5 11 21 -4 18 166 39 8 14 -45 -5 -19 -54 38 -30 63 -6 -21 -92 -144 -37 -30
-41 44 -71 -18 389 -101 -39 4 108 -18 5 7 20 136 -87 -12 -39 145 -101 -42 48 0 23 -116 -22 155 168 -21 -3 -102 -12 -104 -54 -30 17 -42 22 85 36 4
-18 140 26 13 -101 493 71 -83 -65 -43 -48 -63 -21 -202 5 9 31 -14 88 -20 18 4 2 48 -76 -36 -25 -26 -36 -53 12 -20 198 35 -102 66 21 -49 13 171
-16 57 168 -68 -39 71 429 3 36 -4 -17 13 60 25 4 -107 6 -44 72 -33 -33 -44 105 -55 -107 -87 7 99 72 8 75 5 17 96 -88 7 -17 -13 -17 -20
74 -82 41 15 4 -83 3 312 27 130 -36 112 41 73 -7 26 -56 -11 -121 6 -38 50 58 34 60 8 89 37 48 74 -9 12 14 -13 51 -22 20 -98 -56 -55
192 106 -68 -76 108 -65 36 27 383 13 -80 50 -49 27 29 -12 -131 54 24 23 -123 19 -63 3 -14 57 109 38 16 69 -40 -38 72 -3 -22 4 -22 11 51 -32
29 -30 -6 -34 -18 -43 -4 130 13 391 -65 25 122 47 110 85 -88 -52 -169 -12 -44 58 18 -44 71 10 -20 -140 -35 28 8 30 27 36 6 -22 102 -98 38 -26
-27 0 -99 166 5 -48 -17 -36 -80 -65 477 -112 -22 -30 -56 16 28 73 37 31 65 -59 70 -18 -51 45 -20 -6 -127 28 -16 -47 19 24 -59 -48 73 -101 -20 -139
134 -47 101 -152 7 -63 13 112 50 25 -112 443 88 105 55 12 -2 91 -62 15 -9 -61 38 47 39 79 110 31 116 75 69 84 -85 -114 30 14 84 69 33 104
14 -12 67 -39 20 -21 60 41 -49 122 -22 88 408 125 17 49 38 -4 -99 109 -2 48 -22 -26 -9 63 -52 -48 30 24 35 17 -161 -69 -17 1 52 82 14 -71
93 -45 29 5 136 -202 25 73 27 47 -30 105 125 427 -29 -75 -5 109 -68 134 78 -20 36 -12 48 -35 -4 72 68 -70 9 75 -138 -49 65 39 1 53 -38 -78
66 -75 6 -133 -87 5 4 -7 29 110 -56 55 17 -29 510 -21 -1 -72 63 42 -39 -1 67 -60 -52 24 -108 -18 16 78 25 76 18 -16 -52 -63 109 85 -42 -3
-39 40 -92 49 -12 9 -107 26 -12 85 16 12 49 -75 -21 279 -6 92 -57 69 -49 37 -74 42 -40 7 -7 -91 -18 101 51 -19 -22 9 20 -66 12 -28 15 14
-80 -17 -7 -14 -39 31 6 -56 -131 -88 28 -2 38 -5 -1 -6 420 -22 45 98 32 34 -14 14 21 32 -55 -30 -36 -81 40 -20 -80 -103 33 21 -41 72 -51 -46
-10 52 3 -28 145 -14 -44 -11 54 -52 73 91 -4 109 -72 92 -22 514 -32 57 -19 -53 -3 14 -68 -54 -39 44 52 -57 49 -60 -23 6 138 36 55 87 5 72
-9 -2 65 -5 -101 88 72 -121 24 -169 37 -62 -99 -68 63 -57 45 -32 439 13 -80 1 24 -34 -32 -110 -68 24 74 41 16 -44 60 9 -7 21 11 8 -111 5
120 12 -40 11 -42 -20 -33 6 23 -12 31 15 109 134 42 69 98 57 13 353 62 -37 -27 33 -38 -89 -47 13 22 97 63 54 -87 -16 37 21 -34 -32 -1 -107
-11 -19 3 21 48 18 -33 -38 -123 -44 65 -9 -2 78 -39 -49 32 -19 -80 62 381 -116 49 -28 -55 -79 10 15 18 -70 12 -27 2 48 -30 20 -120 -65 117 64
-28 15 -35 -4 0 4 -44 50 19 58 -59 -61 48 -20 -1 37 34 -53 1 -37 -116 325 -90 -57 73 54 -85 -83 -24 -17 -17 -1 40 -120 16 -20 -14 -3 -63 -6
34 -63 57 18 23 2 105 58 -63 18 70 38 -22 36 67 -74 -14 -3 24 -27 49 -90 360 20 -17 14 -7 -62 -14 -11 15 71 49 83 -12 39 13 -57 -147 -16
34 -46 -42 166 -116 48 -55 34 3 -44 -18 47 -26 -12 -60 42 14 14 -34 33 -28 -57 20 380 64 14 -72 -41 15 -14 3 131 -34 16 -1 -32 -116 -117 -32 26
13 -1 -11 39 -22 -76 -107 60 -14 71 -51 39 -9 48 -52 -40 21 -68 -32 -38 -55 73 -17 64 384 83 41 -86 -67 35 42 65 -1 -46 101 39 3 -99 -37 -65
-10 -16 -100 8 155 -36 -87 8 57 10 45 79 63 -35 24 7 32 -54 -110 -89 -79 54 14 14 83 402 107 -177 -67 -38 -25 -25 -71 -103 -50 -43 131 27 -21 -48
29 -13 -60 14 168 -25 7 89 109 -20 -20 110 -52 -4 -108 -7 -55 -39 -68 -47 10 -85 -7 -72 41 107 508 69 50 21 -16 -53 74 -41 -113 -14 10 -31 6 -57
40 56 85 -45 -21 -26 99 37 38 -140 -6 31 -48 72 -18 -91 -30 44 24 13 15 -83 -62 -41 -86 -177 69 378 53 -44 -24 -15 -44 51 -36 -22 -12 100 -31 -14
38 -50 166 -5 -3 -36 72 48 16 -35 -127 116 30 68 16 -18 -36 52 74 22 18 -24 -14 15 -67 -67 50 53 378 -8 48 -5 -114 97 85 -9 16 -7 -2 127
50 -40 12 -19 -102 -53 8 74 69 28 28 75 24 -70 78 101 -81 -57 41 97 -70 -17 -11 -14 35 -38 21 -44 -8 385 4 41 39 -23 14 -79 27 -133 5 -80
30 -2 73 -54 -12 12 75 -9 -40 8 -16 69 35 9 25 51 40 49 16 63 12 -17 15 3 42 -25 -16 -24 48 4 279 67 -7 71 83 38 68 73 -52 44
88 46 -6 38 -104 -20 5 12 -38 30 -47 84 17 75 76 -19 -20 -60 -44 54 -27 -1 71 131 65 -25 -53 -15 -5 41 67 391 27 -45 -14 -3 -13 -102 -77 12
94 75 -80 -30 -54 198 17 14 72 27 19 -85 -161 -138 18 -22 -80 -23 60 -87 2 40 49 -34 -1 -71 74 -44 -114 39 -7 27 383 -14 -81 53 -3 -99 -14 79
24 15 133 63 -30 35 96 -13 -3 36 24 -114 -69 -49 -16 9 -103 6 9 -16 48 -120 83 16 -46 -103 -41 51 97 -23 71 -45 -14 330 -1 -17 17 -43 22 41
41 6 -50 -6 17 -102 -88 51 -22 6 -59 30 -17 65 -52 20 33 138 -7 37 -30 16 -12 -1 101 -50 -113 -36 85 14 83 -14 -81 -1 403 111 -28 -27 26 14
86 25 -65 -21 -42 66 7 -22 4 -22 -48 14 1 39 -63 -66 21 36 21 21 20 -20 39 -32 39 -43 -14 -22 -9 -79 38 -3 53 -17 111 307 -44 96 34 90
-3 -22 114 -92 22 21 -17 20 -22 102 73 84 52 1 109 12 -41 55 11 -34 -120 -14 13 -116 3 131 10 -12 16 27 68 -13 -3 17 -28 -44 448 76 -155 -9
19 -81 69 -144 85 -49 -13 -98 11 -98 -101 69 82 53 85 -28 72 87 8 -32 -65 -3 -57 -117 -99 27 -31 100 -7 -133 73 -102 -99 -43 -27 96 76 504 13 104
89 61 -94 -37 36 13 -17 -56 51 38 -20 33 14 -38 -42 15 -51 5 -111 -1 117 -63 -147 -32 -37 -21 6 -31 -2 5 -52 -77 -14 22 26 34 -155 13 426 115
50 34 21 -30 4 171 -20 -55 -32 -26 -139 104 -71 -78 -3 14 -46 72 5 -107 64 -6 -16 26 -65 -48 -57 -14 127 -80 44 12 79 41 14 90 -9 104 115 399

Q_cnstr 
104 -15 -42 -10 14 -7 -10 0 -19 -16 6 -38 -17 -13 -23 0 8 18 7 -23 -10 -2 -5 -4 -1 -12 7 13 -9 -10 6 3 -1 -6 -12 -19 -7 11 7 -7
-15 79 19 7 -14 17 21 -8 19 13 -7 4 -16 25 -9 21 -33 -22 13 -16 22 6 22 21 -8 13 6 14 29 0 45 -13 -23 -18 -22 7 5 -3 35 -11
-42 19 163 12 10 50 54 -31 -11 -3 25 8 44 8 61 9 -5 8 -55 9 35 4 -5 19 2 8 -20 25 15 10 26 26 -7 17 -9 -15 -27 -10 -6 -37
-10 7 12 147 -7 22 -16 1 22 6 -22 12 -11 10 -5 -32 24 23 -7 -70 78 -8 28 -3 -63 9 -1 -13 6 7 6 -4 3 -10 4 22 -15 -3 -8 41
14 -14 10 -7 89 24 -21 -16 -11 -23 -6 -11 -4 -19 22 -44 10 32 -20 -38 -19 -5 12 -12 16 -14 14 -15 40 25 -7 2 33 -8 2 -10 -34 -8 -1 41
-7 17 50 22 24 114 4 -26 6 -1 17 22 8 -23 21 11 19 33 14 -1 42 -28 29 23 0 16 3 6 26 19 20 0 8 1 -6 12 -30 19 -36 -28
-10 21 54 -16 -21 4 95 -23 2 19 -25 -1 5 5 28 -21 -5 -7 -23 31 23 -7 11 10 16 11 -27 6 2 6 8 4 -18 35 -11 9 13 2 15 -40
0 -8 -31 1 -16 -26 -23 81 18 -13 11 -11 11 -2 -1 8 2 -11 6 3 -14 33 7 12 4 -3 -4 26 -45 10 -1 -3 -15 -16 -1 -28 13 8 25 9
-19 19 -11 22 -11 6 2 18 92 34 -32 -6 -3 22 -30 6 -5 -1 17 -29 14 15 15 23 -7 10 5 -13 -8 -3 -28 -2 -22 -17 -15 6 7 1 11 -29
-16 13 -3 6 -23 -1 19 -13 34 97 -36 1 2 39 -15 30 -13 23 -35 -5 -32 34 8 12 17 22 17 -2 -4 -13 16 -16 -28 5 9 36 27 5 -35 -51
6 -7 25 -22 -6 17 -25 11 -32 -36 146 6 28 -18 14 43 -1 11 9 17 1 0 -17 -6 2 -33 -11 11 -20 -44 5 14 19 -11 -5 -21 -23 -6 25 -8
-38 4 8 12 -11 22 -1 -11 -6 1 6 86 2 -31 8 -5 -17 -12 20 11 2 21 8 3 0 1 -24 1 23 14 27 -22 -16 5 4 12 12 10 10 4
-17 -16 44 -11 -4 8 5 11 -3 2 28 2 106 -13 15 40 19 16 -21 3 -3 -13 -29 8 16 5 15 10 -11 1 -14 -4 -3 -3 0 -13 13 22 -7 -33
-13 25 8 10 -19 -23 5 -2 22 39 -18 -31 -13 170 -15 31 8 -35 -10 -10 12 22 14 9 -31 -5 32 -1 -19 -49 41 11 -9 -32 15 14 -22 21 3 8
-23 -9 61 -5 22 21 28 -1 -30 -15 14 8 15 -15 219 -30 -20 -12 -64 48 14 -14 30 31 -12 38 16 -17 35 30 22 26 -33 14 10 -5 23 -11 -42 -11
0 21 9 -32 -44 11 -21 8 6 30 43 -5 40 31 -30 200 -34 -1 12 18 17 31 -10 38 -11 -19 51 35 -57 -40 46 -32 -36 -48 -6 22 -1 28 -24 -56
8 -33 -5 24 10 19 -5 2 -5 -13 -1 -17 19 8 -20 -34 128 24 4 -17 20 -24 -4 -23 -12 -6 15 -15 -8 2 -44 -5 19 1 -6 -20 -32 27 -7 41
18 -22 8 23 32 33 -7 -11 -1 23 11 -12 16 -35 -12 -1 24 128 -25 -15 2 -12 12 14 1 -3 31 15 14 -5 -2 16 39 8 -3 2 6 32 -32 -22
7 13 -55 -7 -20 14 -23 6 17 -35 9 20 -21 -10 -64 12 4 -25 161 7 -4 -39 -30 6 7 -7 -33 -13 3 -22 -40 -1 14 1 -10 -18 27 3 10 25
-23 -16 9 -70 -38 -1 31 3 -29 -5 17 11 3 -10 48 18 -17 -15 7 215 26 -13 6 27 19 27 -1 16 -13 6 -7 2 22 13 54 -9 26 45 -53 -62
-10 22 35 78 -19 42 23 -14 14 -32 1 2 -3 12 14 17 20 2 -4 26 222 -62 71 40 -73 -4 4 -17 -2 26 -19 -10 -13 1 20 22 -30 3 10 25
-2 6 4 -8 -5 -28 -7 33 15 34 0 21 -13 22 -14 31 -24 -12 -39 -13 -62 136 -10 3 20 -14 -16 20 -24 12 61 -25 -26 -18 24 5 23 20 13 -6
-5 22 -5 28 12 29 11 7 15 8 -17 8 -29 14 30 -10 -4 12 -30 6 71 -10 142 20 -25 -3 45 3 3 9 23 -13 -24 -14 0 -7 -30 -16 -2 -11
-4 21 19 -3 -12 23 10 12 23 12 -6 3 8 9 31 38 -23 14 6 27 40 3 20 73 3 6 20 10 -7 10 16 -17 -11 -2 -7 -11 21 9 -19 -25
-1 -8 2 -63 16 0 16 4 -7 17 2 0 16 -31 -12 -11 -12 1 7 19 -73 20 -25 3 119 -4 -4 -5 5 22 -25 -35 21 28 -10 -2 5 -6 -12 -43
-12 13 8 9 -14 16 11 -3 10 22 -33 1 5 -5 38 -19 -6 -3 -7 27 -4 -14 -3 6 -4 101 6 5 30 -6 18 12 -16 9 6 11 61 -5 -29 -27
7 6 -20 -1 14 3 -27 -4 5 17 -11 -24 15 32 16 51 15 31 -33 -1 4 -16 45 20 -4 6 136 8 18 -25 32 -26 -15 -48 -13 -24 -24 23 -30 -16
13 14 25 -13 -15 6 6 26 -13 -2 11 1 10 -1 -17 35 -15 15 -13 16 -17 20 3 10 -5 5 8 86 -23 1 42 14 -26 -20 -24 -27 -3 33 25 -51
-9 29 15 6 40 26 2 -45 -8 -4 -20 23 -11 -19 35 -57 -8 14 3 -13 -2 -24 3 -7 5 30 18 -23 123 -1 10 9 14 -11 -3 6 8 -9 -7 43
-10 0 10 7 25 19 6 10 -3 -13 -44 14 1 -49 30 -40 2 -5 -22 6 26 12 9 10 22 -6 -25 1 -1 117 -23 -23 -19 30 12 -4 1 7 2 5
6 45 26 6 -7 20 8 -1 -28 16 5 27 -14 41 22 46 -44 -2 -40 -7 -19 61 23 16 -25 18 32 42 10 -23 178 12 -20 -11 4 28 8 34 10 -3
3 -13 26 -4 2 0 4 -3 -2 -16 14 -22 -4 11 26 -32 -5 16 -1 2 -10 -25 -13 -17 -35 12 -26 14 9 -23 12 105 15 28 8 -6 -3 4 -6 16
-1 -23 -7 3 33 8 -18 -15 -22 -28 19 -16 -3 -9 -33 -36 19 39 14 22 -13 -26 -24 -11 21 -16 -15 -26 14 -19 -20 15 119 11 17 8 -25 15 -20 48
-6 -18 17 -10 -8 1 35 -16 -17 5 -11 5 -3 -32 14 -48 1 8 1 13 1 -18 -14 -2 28 9 -48 -20 -11 30 -11 28 11 96 13 10 33 -12 -29 10
-12 -22 -9 4 2 -6 -11 -1 -15 9 -5 4 0 15 10 -6 -6 -3 -10 54 20 24 0 -7 -10 6 -13 -24 -3 12 4 8 17 13 86 26 12 9 -31 26
-19 7 -15 22 -10 12 9 -28 6 36 -21 12 -13 14 -5 22 -20 2 -18 -9 22 5 -7 -11 -2 11 -24 -27 6 -4 28 -6 8 10 26 132 -1 -9 -32 -19
-7 5 -27 -15 -34 -30 13 13 7 27 -23 12 13 -22 23 -1 -32 6 27 26 -30 23 -30 21 5 61 -24 -3 8 1 8 -3 -25 33 12 -1 150 -1 -33 -19
11 -3 -10 -3 -8 19 2 8 1 5 -6 10 22 21 -11 28 27 32 3 45 3 20 -16 9 -6 -5 23 33 -9 7 34 4 15 -12 9 -9 -1 129 -11 -29
7 35 -6 -8 -1 -36 15 25 11 -35 25 10 -7 3 -42 -24 -7 -32 10 -53 10 13 -2 -19 -12 -29 -30 25 -7 2 10 -6 -20 -29 -31 -32 -33 -11 162 16
-7 -11 -37 41 41 -28 -40 9 -29 -51 -8 4 -33 8 -11 -56 41 -22 25 -62 25 -6 -11 -25 -43 -27 -16 -51 43 5 -3 16 48 10 26 -19 -19 -29 16 218

