Q_obj 
330 66 -94 -51 31 25 25 17 -80 36 38 15 0 26 -20 86 -94 -88 -76 49 -96 -73 -4 -53 -24 -52 11 2 -34 109 -42 38 -47 -12 -32 -33 -19 23 -81 51
66 411 -36 -6 11 -105 5 60 -23 4 62 104 19 -70 41 81 -86 -94 -32 0 44 0 -45 15 7 23 -34 21 -108 42 31 -30 -41 17 -32 16 -65 7 -19 -46
-94 -36 335 -14 5 110 2 14 60 29 -7 -23 8 -59 1 -44 0 -21 -7 -26 66 23 -57 44 48 21 41 75 23 -145 -26 -65 -13 -3 -63 -15 -11 95 3 54
-51 -6 -14 415 29 -14 38 -69 79 -86 -9 23 -79 75 94 -2 -14 23 -4 -39 51 60 130 96 0 -17 127 -102 58 123 97 -65 9 106 25 89 1 6 33 16
31 11 5 29 253 -57 13 91 -10 3 28 11 -86 -16 -78 -19 65 3 7 -53 41 66 23 -6 -1 75 6 -35 5 53 -34 100 15 -89 -48 35 -41 84 -32 19
25 -105 110 -14 -57 335 72 -18 25 84 28 -46 52 93 -27 -19 3 11 -79 33 -72 -52 -105 -67 66 -96 88 28 96 -49 49 -51 -49 -52 33 -7 -23 -24 -8 -28
25 5 2 38 13 72 333 74 31 21 -6 -42 0 68 -21 -55 2 83 10 -19 -114 48 173 -32 -8 -101 52 -80 30 63 -10 13 -6 -64 -19 47 27 105 5 -42
17 60 14 -69 91 -18 74 357 22 -41 -7 -36 55 -41 -21 40 -3 -12 43 -7 -5 82 -69 -19 50 51 -60 -25 -25 -8 19 41 95 -31 -2 133 93 48 76 5
-80 -23 60 79 -10 25 31 22 419 8 -13 -72 101 -17 80 25 122 73 51 -96 -11 -25 30 -94 72 -111 -41 -63 102 -14 165 -76 51 30 141 105 -93 19 150 -72
36 4 29 -86 3 84 21 -41 8 466 132 34 31 42 -53 -76 10 134 27 -42 1 -77 -61 -102 158 -40 -46 -3 4 -82 41 9 -59 -56 -14 -67 -90 15 90 61
38 62 -7 -9 28 28 -6 -7 -13 132 405 124 -68 -135 -62 -64 39 83 96 -56 12 -23 -43 -2 89 9 25 -101 -40 -8 -68 -38 40 -67 -132 -53 -55 -34 62 53
15 104 -23 23 11 -46 -42 -36 -72 34 124 448 -107 -63 131 -24 -61 61 65 -64 49 18 -68 4 -17 107 -80 5 -116 -23 -57 119 -73 38 -97 9 -6 -53 -101 -30
0 19 8 -79 -86 52 0 55 101 31 -68 -107 349 -15 -17 44 24 -4 -27 51 -52 -3 -60 -21 28 -144 -55 -3 17 -10 65 -64 -64 94 120 22 15 22 41 -98
26 -70 -59 75 -16 93 68 -41 -17 42 -135 -63 -15 376 17 78 -31 -35 -23 13 -70 67 13 -28 108 22 153 -27 122 84 138 39 -58 26 29 71 139 -57 -31 -22
-20 41 1 94 -78 -27 -21 -21 80 -53 -62 131 -17 17 432 -83 -61 40 25 40 61 20 -1 2 -45 11 -79 54 -14 40 75 -24 -8 51 10 66 78 -133 -131 21
86 81 -44 -2 -19 -19 -55 40 25 -76 -64 -24 44 78 -83 345 -22 -117 -49 -88 11 -25 -111 -66 3 -31 78 -9 -18 82 20 85 -109 102 21 -3 -24 -63 68 -16
-94 -86 0 -14 65 3 2 -3 122 10 39 -61 24 -31 -61 -22 351 170 125 -29 -14 46 43 -65 -38 -72 16 -94 84 29 1 -71 48 1 35 -24 -81 -27 107 -34
-88 -94 -21 23 3 11 83 -12 73 134 83 61 -4 -35 40 -117 170 374 57 14 -44 1 112 24 45 -130 16 33 101 -10 53 -55 86 -96 -18 -16 -29 -10 46 -26
-76 -32 -7 -4 7 -79 10 43 51 27 96 65 -27 -23 25 -49 125 57 321 -60 11 110 27 -22 8 94 -48 -126 -5 11 -5 -51 42 73 1 80 63 -16 97 36
49 0 -26 -39 -53 33 -19 -7 -96 -42 -56 -64 51 13 40 -88 -29 14 -60 262 -79 18 5 78 -5 -57 -21 159 94 20 4 -121 9 11 56 -60 38 31 -121 -39
-96 44 66 51 41 -72 -114 -5 -11 1 12 49 -52 -70 61 11 -14 -44 11 -79 413 -75 -69 40 -41 64 -28 56 -52 3 0 154 -27 147 -43 -55 0 -44 7 24
-73 0 23 60 66 -52 48 82 -25 -77 -23 18 -3 67 20 -25 46 1 110 18 -75 339 50 24 9 84 46 -59 80 16 -50 -86 0 -8 -72 96 108 27 -45 -68
-4 -45 -57 130 23 -105 173 -69 30 -61 -43 -68 -60 13 -1 -111 43 112 27 5 -69 50 458 86 -104 -73 80 -46 -19 149 -31 -4 105 -60 57 25 56 68 26 21
-53 15 44 96 -6 -67 -32 -19 -94 -102 -2 4 -21 -28 2 -66 -65 24 -22 78 40 24 86 377 0 42 35 70 4 -15 14 -49 18 -76 -17 -62 94 81 -33 27
-24 7 48 0 -1 66 -8 50 72 158 89 -17 28 108 -45 3 -38 45 8 -5 -41 9 -104 0 302 108 -5 -39 70 -67 133 0 38 -26 -77 39 44 90 14 35
-52 23 21 -17 75 -96 -101 51 -111 -40 9 107 -144 22 11 -31 -72 -130 94 -57 64 84 -73 42 108 467 -139 -67 -26 0 3 126 33 -37 -169 -3 78 95 -71 103
11 -34 41 127 6 88 52 -60 -41 -46 25 -80 -55 153 -79 78 16 16 -48 -21 -28 46 80 35 -5 -139 354 -6 8 27 -25 -87 6 19 0 37 61 -147 24 6
2 21 75 -102 -35 28 -80 -25 -63 -3 -101 5 -3 -27 54 -9 -94 33 -126 159 56 -59 -46 70 -39 -67 -6 401 95 -81 2 -52 36 2 56 -65 -54 -28 -82 -24
-34 -108 23 58 5 96 30 -25 102 4 -40 -116 17 122 -14 -18 84 101 -5 94 -52 80 -19 4 70 -26 8 95 418 20 194 -119 16 -50 50 -2 -58 135 51 -106
109 42 -145 123 53 -49 63 -8 -14 -82 -8 -23 -10 84 40 82 29 -10 11 20 3 16 149 -15 -67 0 27 -81 20 383 17 26 -32 9 -14 54 54 -20 -67 -39
-42 31 -26 97 -34 49 -10 19 165 41 -68 -57 65 138 75 20 1 53 -5 4 0 -50 -31 14 133 3 -25 2 194 17 416 -64 88 14 143 128 23 89 86 -64
38 -30 -65 -65 100 -51 13 41 -76 9 -38 119 -64 39 -24 85 -71 -55 -51 -121 154 -86 -4 -49 0 126 -87 -52 -119 26 -64 441 -112 40 -42 -62 33 28 -53 14
-47 -41 -13 9 15 -49 -6 95 51 -59 40 -73 -64 -58 -8 -109 48 86 42 9 -27 0 105 18 38 33 6 36 16 -32 88 -112 356 -36 -10 120 11 -54 100 56
-12 17 -3 106 -89 -52 -64 -31 30 -56 -67 38 94 26 51 102 1 -96 73 11 147 -8 -60 -76 -26 -37 19 2 -50 9 14 40 -36 422 73 30 1 -91 30 -7
-32 -32 -63 25 -48 33 -19 -2 141 -14 -132 -97 120 29 10 21 35 -18 1 56 -43 -72 57 -17 -77 -169 0 56 50 -14 143 -42 -10 73 398 88 -39 -11 92 -50
-33 16 -15 89 35 -7 47 133 105 -67 -53 9 22 71 66 -3 -24 -16 80 -60 -55 96 25 -62 39 -3 37 -65 -2 54 128 -62 120 30 88 327 83 -21 -4 17
-19 -65 -11 1 -41 -23 27 93 -93 -90 -55 -6 15 139 78 -24 -81 -29 63 38 0 108 56 94 44 78 61 -54 -58 54 23 33 11 1 -39 83 330 2 -28 -22
23 7 95 6 84 -24 105 48 19 15 -34 -53 22 -57 -133 -63 -27 -10 -16 31 -44 27 68 81 90 95 -147 -28 135 -20 89 28 -54 -91 -11 -21 2 472 -18 -18
-81 -19 3 33 -32 -8 5 76 150 90 62 -101 41 -31 -131 68 107 46 97 -121 7 -45 26 -33 14 -71 24 -82 51 -67 86 -53 100 30 92 -4 -28 -18 441 -72
51 -46 54 16 19 -28 -42 5 -72 61 53 -30 -98 -22 21 -16 -34 -26 36 -39 24 -68 21 27 35 103 6 -24 -106 -39 -64 14 56 -7 -50 17 -22 -18 -72 342

Q_cnstr 
143 17 -13 8 29 15 21 12 45 12 -34 1 1 -10 29 -14 -24 -9 2 23 2 2 1 -21 -4 -24 12 -9 13 36 2 -12 -1 28 -11 -28 12 22 -59 -17
17 159 -12 -29 80 6 -13 32 8 -11 -8 -3 -1 16 61 -13 18 0 19 3 -4 -14 -42 23 -43 -22 36 -21 8 12 14 -4 2 -11 -7 12 -19 -35 -5 -9
-13 -12 117 6 -53 -6 3 -1 -22 47 -4 -22 -9 20 6 -26 -7 -4 24 10 -22 21 -12 -9 10 -16 -15 21 13 2 8 -38 -29 0 6 8 28 -15 6 9
8 -29 6 75 -27 10 -8 -14 32 21 -26 -5 6 10 -36 -11 -34 -21 -27 -5 -16 3 3 -22 13 14 -11 -15 9 -2 -10 -21 14 -11 1 -20 3 16 1 2
29 80 -53 -27 279 -4 5 27 -11 -42 -33 32 -11 76 76 22 71 -16 2 -6 24 -21 -19 11 -54 -40 4 25 -27 23 52 27 -14 3 -38 14 10 18 -42 5
15 6 -6 10 -4 129 1 1 33 -13 0 30 1 12 33 -3 1 9 -25 28 -5 6 -5 19 -22 -1 -17 -22 -22 23 2 11 -9 -16 2 37 3 7 -37 11
21 -13 3 -8 5 1 77 -17 24 14 -16 18 -5 -11 12 -6 23 -5 25 5 -11 33 16 35 -20 -13 14 19 24 2 -10 -4 31 2 22 -9 12 25 -24 22
12 32 -1 -14 27 1 -17 129 -27 16 23 36 -2 10 16 -15 22 -5 -2 -1 18 -19 -9 -8 -2 -11 -21 2 -1 11 17 45 -14 17 4 13 9 -21 9 -5
45 8 -22 32 -11 33 24 -27 129 5 -34 23 15 -30 22 -11 -16 -23 0 -9 -13 5 -3 -23 -38 5 6 -19 14 -9 -12 -12 13 -23 -23 6 -13 45 -68 -17
12 -11 47 21 -42 -13 14 16 5 134 9 -19 -5 29 -9 -7 -4 8 10 13 -69 -4 -24 18 28 4 -6 4 25 0 -18 -8 -1 23 -10 -15 -2 -28 -2 13
-34 -8 -4 -26 -33 0 -16 23 -34 9 112 -19 17 -11 -1 2 23 40 21 -6 3 -21 23 4 14 9 -11 2 -12 -24 -22 34 -5 8 17 9 -11 -28 28 -1
1 -3 -22 -5 32 30 18 36 23 -19 -19 110 -16 -14 23 8 17 -12 0 -21 24 20 9 8 -25 -2 -22 -13 -28 12 27 51 -21 -2 5 5 13 13 -22 4
1 -1 -9 6 -11 1 -5 -2 15 -5 17 -16 35 -6 -12 -11 -8 -17 1 -4 -3 3 2 -9 -7 5 0 -7 5 -6 -14 5 1 -1 2 3 -3 -6 -2 -3
-10 16 20 10 76 12 -11 10 -30 29 -11 -14 -6 118 43 -9 9 17 2 -15 -7 -13 -33 3 -5 -15 13 32 -5 15 34 -19 2 -16 -25 7 -7 -26 16 30
29 61 6 -36 76 33 12 16 22 -9 -1 23 -12 43 172 -8 41 30 25 -24 43 -17 -35 2 -59 -28 11 1 8 -4 33 7 -6 -14 -28 -2 -6 7 -33 7
-14 -13 -26 -11 22 -3 -6 -15 -11 -7 2 8 -11 -9 -8 103 6 -17 -14 -17 18 -32 4 -13 -1 37 -4 16 -1 13 -10 29 -8 9 13 -19 -6 3 5 25
-24 18 -7 -34 71 1 23 22 -16 -4 23 17 -8 9 41 6 130 23 17 -34 15 -3 23 27 -6 -19 -18 9 2 -7 -3 20 15 -11 -12 30 1 0 -9 8
-9 0 -4 -21 -16 9 -5 -5 -23 8 40 -12 -17 17 30 -17 23 164 45 -14 -6 3 12 34 28 -12 19 13 -20 -23 9 -12 13 -3 -9 -6 3 -11 2 -1
2 19 24 -27 2 -25 25 -2 0 10 21 0 1 2 25 -14 17 45 115 -41 -45 4 17 25 -13 -18 28 26 15 -45 24 -14 30 -2 -3 -14 -3 2 -3 -20
23 3 10 -5 -6 28 5 -1 -9 13 -6 -21 -4 -15 -24 -17 -34 -14 -41 125 -16 10 -15 32 4 -21 -10 -13 -19 41 -32 1 -31 21 -4 33 -10 -6 -3 29
2 -4 -22 -16 24 -5 -11 18 -13 -69 3 24 -3 -7 43 18 15 -6 -45 -16 146 -11 -2 -43 -7 -3 -4 3 -16 25 17 22 -14 -2 0 2 12 10 -3 17
2 -14 21 3 -21 6 33 -19 5 -4 -21 20 3 -13 -17 -32 -3 3 4 10 -11 113 0 16 -31 -5 1 12 -23 6 10 -17 1 -14 60 -9 -5 10 -24 13
1 -42 -12 3 -19 -5 16 -9 -3 -24 23 9 2 -33 -35 4 23 12 17 -15 -2 0 106 -9 16 6 -4 8 30 -21 -28 21 2 4 6 -10 4 23 1 13
-21 23 -9 -22 11 19 35 -8 -23 18 4 8 -9 3 2 -13 27 34 25 32 -43 16 -9 151 3 -4 -2 -27 -19 -8 -14 14 28 7 -24 30 -37 19 -20 22
-4 -43 10 13 -54 -22 -20 -2 -38 28 14 -25 -7 -5 -59 -1 -6 28 -13 4 -7 -31 16 3 108 -1 -16 -5 7 5 1 -14 -9 7 -14 -4 4 -26 36 2
-24 -22 -16 14 -40 -1 -13 -11 5 4 9 -2 5 -15 -28 37 -19 -12 -18 -21 -3 -5 6 -4 -1 71 -5 -3 -1 -26 -15 16 -1 -10 12 0 -20 -6 -3 3
12 36 -15 -11 4 -17 14 -21 6 -6 -11 -22 0 13 11 -4 -18 19 28 -10 -4 1 -4 -2 -16 -5 98 31 16 4 -13 -45 44 5 17 -27 -15 -1 11 -2
-9 -21 21 -15 25 -22 19 2 -19 4 2 -13 -7 32 1 16 9 13 26 -13 3 12 8 -27 -5 -3 31 151 21 13 -3 -21 -25 -8 -6 -15 12 -22 17 30
13 8 13 9 -27 -22 24 -1 14 25 -12 -28 5 -5 8 -1 2 -20 15 -19 -16 -23 30 -19 7 -1 16 21 106 -21 -28 -1 20 -14 -36 -21 10 -9 1 14
36 12 2 -2 23 23 2 11 -9 0 -24 12 -6 15 -4 13 -7 -23 -45 41 25 6 -21 -8 5 -26 4 13 -21 85 -5 -8 -32 25 7 -3 15 -3 6 28
2 14 8 -10 52 2 -10 17 -12 -18 -22 27 -14 34 33 -10 -3 9 24 -32 17 10 -28 -14 1 -15 -13 -3 -28 -5 105 -3 -20 -5 14 4 3 12 7 -7
-12 -4 -38 -21 27 11 -4 45 -12 -8 34 51 5 -19 7 29 20 -12 -14 1 22 -17 21 14 -14 16 -45 -21 -1 -8 -3 100 -27 -5 -4 12 2 -9 1 4
-1 2 -29 14 -14 -9 31 -14 13 -1 -5 -21 1 2 -6 -8 15 13 30 -31 -14 1 2 28 -9 -1 44 -25 20 -32 -20 -27 119 -16 16 -19 -8 30 -10 -17
28 -11 0 -11 3 -16 2 17 -23 23 8 -2 -1 -16 -14 9 -11 -3 -2 21 -2 -14 4 7 7 -10 5 -8 -14 25 -5 -5 -16 75 -5 -20 7 11 1 7
-11 -7 6 1 -38 2 22 4 -23 -10 17 5 2 -25 -28 13 -12 -9 -3 -4 0 60 6 -24 -14 12 17 -6 -36 7 14 -4 16 -5 181 -44 19 -12 37 -16
-28 12 8 -20 14 37 -9 13 6 -15 9 5 3 7 -2 -19 30 -6 -14 33 2 -9 -10 30 -4 0 -27 -15 -21 -3 4 12 -19 -20 -44 102 -13 -7 -17 9
12 -19 28 3 10 3 12 9 -13 -2 -11 13 -3 -7 -6 -6 1 3 -3 -10 12 -5 4 -37 4 -20 -15 12 10 15 3 2 -8 7 19 -13 98 2 -2 -23
22 -35 -15 16 18 7 25 -21 45 -28 -28 13 -6 -26 7 3 0 -11 2 -6 10 10 23 19 -26 -6 -1 -22 -9 -3 12 -9 30 11 -12 -7 2 109 -46 -1
-59 -5 6 1 -42 -37 -24 9 -68 -2 28 -22 -2 16 -33 5 -9 2 -3 -3 -3 -24 1 -20 36 -3 11 17 1 6 7 1 -10 1 37 -17 -2 -46 111 11
-17 -9 9 2 5 11 22 -5 -17 13 -1 4 -3 30 7 25 8 -1 -20 29 17 13 13 22 2 3 -2 30 14 28 -7 4 -17 7 -16 9 -23 -1 11 94

