Q_obj 
2181 50 669 9 508 249 195 -96 -473 566 3 -25 445 303 -698 201 687 94 223 392 -50 91 253 261 365 -379 209 -245 -606 674 -421 108 34 286 -230 382 139 184 286 -287 -87 -197 -164 39 -419 -6 -574 -128 180 -3 -273 308
50 2167 -210 344 -130 -383 -269 -371 -470 -480 215 -271 172 -27 -335 -197 -26 -644 201 149 516 -669 348 -462 78 -403 -10 -82 138 348 -263 -250 255 -509 -149 -133 -109 -854 138 -101 440 247 14 335 -34 182 -283 -196 -151 176 72 159
669 -210 2643 231 -337 -62 -320 241 -24 -400 473 -53 -272 -193 -272 305 -29 617 568 595 -119 213 773 -258 251 -423 216 353 -637 265 -123 -8 454 -212 -306 112 1053 648 401 -238 -190 -87 -29 178 -479 -493 -477 -791 460 792 -63 -35
9 344 231 2812 -516 273 -196 383 310 352 -509 -100 433 690 241 -303 46 279 229 315 126 -144 -205 -222 442 -208 292 1011 275 -175 586 -180 -2 -382 -904 569 193 -476 840 544 76 21 -379 129 84 -405 -317 -14 -193 -125 264 -515
508 -130 -337 -516 2492 200 799 -289 22 374 -277 300 311 -79 -504 151 -134 -528 132 28 -556 7 -332 657 163 110 -366 -80 -281 793 -166 -116 241 -189 -6 383 222 18 -80 -64 -193 -308 199 121 224 -80 554 355 556 -25 196 357
249 -383 -62 273 200 3126 663 -202 111 346 -787 222 234 487 -555 103 -236 -406 544 36 -258 160 -95 974 -150 391 -6 -407 -144 135 -187 403 65 182 -4 504 -415 -263 259 97 -500 361 -20 433 416 -265 113 557 -323 -566 834 -469
195 -269 -320 -196 799 663 2531 -129 -358 530 362 -259 -199 319 -367 436 -74 -249 -513 -1 293 281 21 197 20 183 -132 -221 415 536 -597 530 73 3 346 216 -140 -119 42 561 23 190 400 -45 295 -565 94 331 52 -236 517 414
-96 -371 241 383 -289 -202 -129 2351 341 -365 529 448 386 -9 513 -869 229 -490 85 -320 -308 567 -88 590 -69 91 -1089 77 333 -448 -61 75 241 -197 -226 239 77 334 221 304 25 -401 -12 -86 730 -621 628 296 -127 207 70 -310
-473 -470 -24 310 22 111 -358 341 2795 323 338 563 275 305 -217 -277 605 287 412 -189 -871 -330 -255 -162 -111 701 2 731 158 432 409 330 73 -645 179 -280 -150 105 -581 -103 -492 655 65 392 170 -89 234 -165 -441 -432 375 -148
566 -480 -400 352 374 346 530 -365 323 3145 -876 76 482 718 146 168 319 431 -720 -140 -573 -32 -143 440 113 361 205 352 -415 493 424 -192 -276 99 -173 454 347 -345 64 -452 -327 -187 219 -129 -385 266 -323 -190 -477 -133 76 251
3 215 473 -509 -277 -787 362 529 338 -876 3052 378 -281 17 -11 -182 -330 119 89 -219 -476 -347 239 -596 393 -13 165 -216 194 52 -42 -54 356 -914 240 -631 29 532 44 123 -739 228 527 19 -159 -84 -279 -485 97 -122 118 375
-25 -271 -53 -100 300 222 -259 448 563 76 378 3280 73 200 1213 -291 41 25 -156 -185 -569 426 -246 -125 435 206 -29 -490 -326 -256 295 -502 132 -555 -1038 69 -503 349 -11 216 -352 -240 139 -508 -365 -404 -451 -253 265 562 338 -150
445 172 -272 433 311 234 -199 386 275 482 -281 73 2873 349 24 -95 -273 674 -187 418 63 -839 443 164 557 -588 -608 630 -138 -89 84 -426 1079 185 -443 341 -141 -582 286 601 -676 16 427 -205 35 61 640 -228 -367 -156 36 -319
303 -27 -193 690 -79 487 319 -9 305 718 17 200 349 2490 -151 -615 503 -139 498 752 -519 -560 -295 136 25 801 454 -153 65 51 674 436 266 -199 -178 -88 236 349 215 273 -454 410 285 250 10 -330 -334 713 -489 -276 362 -402
-698 -335 -272 241 -504 -555 -367 513 -217 146 -11 1213 24 -151 2986 -337 314 441 -623 78 488 671 295 -33 451 -191 -385 144 739 -1233 528 -486 -108 -380 -769 264 -624 -180 100 -16 -646 -158 -58 -475 344 -351 -55 -622 133 -60 28 -23
201 -197 305 -303 151 103 436 -869 -277 168 -182 -291 -95 -615 -337 3166 -874 765 -76 550 221 -130 202 379 557 -54 167 -30 -628 171 -766 -811 -384 328 188 165 519 -909 -588 156 -106 -80 -210 -334 -538 502 -45 -573 -37 222 -491 -491
687 -26 -29 46 -134 -236 -74 229 605 319 -330 41 -273 503 314 -874 2990 -6 -26 -133 -89 124 -58 -203 -333 644 -487 466 37 -129 491 260 -65 -392 91 322 46 452 -284 47 89 431 450 150 336 -298 173 194 -17 -722 -541 -148
94 -644 617 279 -528 -406 -249 -490 287 431 119 25 674 -139 441 765 -6 2469 -98 201 217 -159 264 -653 442 -337 188 414 -622 -466 219 -334 269 194 -519 103 -31 -153 -212 305 -486 248 329 -126 -265 -112 -25 -798 -43 214 -31 25
223 201 568 229 132 544 -513 85 412 -720 89 -156 -187 498 -623 -76 -26 -98 2214 362 -431 -229 -389 40 -135 -58 -133 -166 -590 346 -94 281 263 -151 -58 -163 275 306 -375 120 -40 238 -182 742 -87 -376 640 299 -38 -120 675 -337
392 149 595 315 28 36 -1 -320 -189 -140 -219 -185 418 752 78 550 -133 201 362 2136 187 -608 456 357 619 9 370 40 -43 -34 -157 124 243 -100 208 106 358 -236 62 69 -468 330 -300 390 148 -460 4 56 53 164 125 -702
-50 516 -119 126 -556 -258 293 -308 -871 -573 -476 -569 63 -519 488 221 -89 217 -431 187 2688 236 491 -253 240 -939 192 -431 596 -524 -449 354 -201 376 273 24 -119 -666 -146 46 38 -11 -227 -49 151 108 -160 -225 -175 213 -179 182
91 -669 213 -144 7 160 281 567 -330 -32 -347 426 -839 -560 671 -130 124 -159 -229 -608 236 3156 465 121 -609 -303 -34 -1 286 -340 183 85 -241 770 -607 44 -183 392 -900 -17 427 -877 -190 53 -46 -417 -288 -201 300 340 254 700
253 348 773 -205 -332 -95 21 -88 -255 -143 239 -246 443 -295 295 202 -58 264 -389 456 491 465 2779 -554 -5 -229 -566 600 -471 289 -182 -443 -117 204 74 -544 -69 -135 -81 -531 -84 9 -87 876 411 -457 -579 -199 -945 481 613 879
261 -462 -258 -222 657 974 197 590 -162 440 -596 -125 164 136 -33 379 -203 -653 40 357 -253 121 -554 2702 -169 405 -336 -871 521 162 112 115 -261 66 166 609 371 150 -135 109 -863 124 71 -181 494 137 718 73 181 -392 -60 -889
365 78 251 442 163 -150 20 -69 -111 113 393 435 557 25 451 557 -333 442 -135 619 240 -609 -5 -169 2875 -777 530 245 255 -425 133 -245 82 -661 -77 -30 357 -716 -292 252 -82 311 421 -482 -221 345 -80 -539 299 407 -466 -234
-379 -403 -423 -208 110 391 183 91 701 361 -13 206 -588 801 -191 -54 644 -337 -58 9 -939 -303 -229 405 -777 2544 -337 -164 -157 199 -193 -383 -42 104 160 57 217 439 133 -634 -381 417 29 133 147 -494 82 655 -30 -1110 765 -313
209 -10 216 292 -366 -6 -132 -1089 2 205 165 -29 -608 454 -385 167 -487 188 -133 370 192 -34 -566 -336 530 -337 3077 225 382 -165 -31 146 -574 -29 165 -75 127 943 -175 -468 288 344 -431 -365 -994 494 -1227 -648 531 243 23 480
-245 -82 353 1011 -80 -407 -221 77 731 352 -216 -490 630 -153 144 -30 466 414 -166 40 -431 -1 600 -871 245 -164 225 2697 -299 246 515 -499 20 -612 -270 -113 10 -9 67 199 706 49 -210 100 -58 141 65 -61 -368 -96 168 73
-606 138 -637 275 -281 -144 415 333 158 -415 194 -326 -138 65 739 -628 37 -622 -590 -43 596 286 -471 521 255 -157 382 -299 2581 -93 378 695 -161 -458 -137 47 -2 72 -161 597 -104 329 249 -296 329 -218 -508 -288 498 -479 -340 -287
674 348 265 -175 793 135 536 -448 432 493 52 -256 -89 51 -1233 171 -129 -466 346 -34 -524 -340 289 162 -425 199 -165 246 -93 2553 -138 704 -386 -304 535 -307 560 164 11 -34 277 209 -283 593 -331 -204 -361 175 -227 58 265 366
-421 -263 -123 586 -166 -187 -597 -61 409 424 -42 295 84 674 528 -766 491 219 -94 -157 -449 183 -182 112 133 -193 -31 515 378 -138 2289 -81 75 -356 -356 -321 154 282 145 744 -328 140 351 31 67 345 4 -55 -434 267 -435 -581
108 -250 -8 -180 -116 403 530 75 330 -192 -54 -502 -426 436 -486 -811 260 -334 281 124 354 85 -443 115 -245 -383 146 -499 695 704 -81 3183 -246 -261 602 138 39 320 -789 560 164 552 47 232 -34 -1092 -390 -37 -106 241 -259 273
34 255 454 -2 241 65 73 241 73 -276 356 132 1079 266 -108 -384 -65 269 263 243 -201 -241 -117 -261 82 -42 -574 20 -161 -386 75 -246 2174 195 -441 233 180 -183 297 402 -596 81 600 109 -406 -243 716 -139 198 -269 203 -259
286 -509 -212 -382 -189 182 3 -197 -645 99 -914 -555 185 -199 -380 328 -392 194 -151 -100 376 770 204 66 -661 104 -29 -612 -458 -304 -356 -261 195 2477 204 -64 -402 51 37 -306 -213 -384 -294 250 118 340 524 5 -51 44 46 121
-230 -149 -306 -904 -6 -4 346 -226 179 -173 240 -1038 -443 -178 -769 188 91 -519 -58 208 273 -607 74 166 -77 160 165 -270 -137 535 -356 602 -441 204 2751 -802 101 -48 -165 -479 96 465 43 364 259 530 131 578 -107 130 -97 458
382 -133 112 569 383 504 216 239 -280 454 -631 69 341 -88 264 165 322 103 -163 106 24 44 -544 609 -30 57 -75 -113 47 -307 -321 138 233 -64 -802 2200 15 -110 46 -85 -346 -446 -72 136 209 -309 198 -316 -13 -295 -324 12
139 -109 1053 193 222 -415 -140 77 -150 347 29 -503 -141 236 -624 519 46 -31 275 358 -119 -183 -69 371 357 217 127 10 -2 560 154 39 180 -402 101 15 2868 575 -112 -81 15 -97 358 -330 -569 -296 -242 -767 362 563 -812 -348
184 -854 648 -476 18 -263 -119 334 105 -345 532 349 -582 349 -180 -909 452 -153 306 -236 -666 392 -135 150 -716 439 943 -9 72 164 282 320 -183 51 -48 -110 575 2388 -63 -110 149 -16 -267 -240 -316 -438 -115 -168 460 128 143 349
286 138 401 840 -80 259 42 221 -581 64 44 -11 286 215 100 -588 -284 -212 -375 62 -146 -900 -81 -135 -292 133 -175 67 -161 11 145 -789 297 37 -165 46 -112 -63 2930 223 156 -72 -351 29 7 474 -364 244 508 188 11 -365
-287 -101 -238 544 -64 97 561 304 -103 -452 123 216 601 273 -16 156 47 305 120 69 46 -17 -531 109 252 -634 -468 199 597 -34 744 560 402 -306 -479 -85 -81 -110 223 2290 257 350 280 -181 -203 -199 534 1 141 173 -211 -1113
-87 440 -190 76 -193 -500 23 25 -492 -327 -739 -352 -676 -454 -646 -106 89 -486 -40 -468 38 427 -84 -863 -82 -381 288 706 -104 277 -328 164 -596 -213 96 -346 15 149 156 257 2578 -266 -593 -724 -189 187 -493 480 298 964 -39 469
-197 247 -87 21 -308 361 190 -401 655 -187 228 -240 16 410 -158 -80 431 248 238 330 -11 -877 9 124 311 417 344 49 329 209 140 552 81 -384 465 -446 -97 -16 -72 350 -266 2481 583 419 -104 -583 -335 -342 262 -548 566 -595
-164 14 -29 -379 199 -20 400 -12 65 219 527 139 427 285 -58 -210 450 329 -182 -300 -227 -190 -87 71 421 29 -431 -210 249 -283 351 47 600 -294 43 -72 358 -267 -351 280 -593 583 2014 -180 -43 -159 84 -232 366 -26 -164 -164
39 335 178 129 121 433 -45 -86 392 -129 19 -508 -205 250 -475 -334 150 -126 742 390 -49 53 876 -181 -482 133 -365 100 -296 593 31 232 109 250 364 136 -330 -240 29 -181 -724 419 -180 2957 350 -89 -171 71 -888 -315 465 373
-419 -34 -479 84 224 416 295 730 170 -385 -159 -365 35 10 344 -538 336 -265 -87 148 151 -46 411 494 -221 147 -994 -58 329 -331 67 -34 -406 118 259 209 -569 -316 7 -203 -189 -104 -43 350 2686 -168 1209 890 -510 -191 82 108
-6 182 -493 -405 -80 -265 -565 -621 -89 266 -84 -404 61 -330 -351 502 -298 -112 -376 -460 108 -417 -457 137 345 -494 494 141 -218 -204 345 -1092 -243 340 530 -309 -296 -438 474 -199 187 -583 -159 -89 -168 2758 55 66 -104 -42 -970 7
-574 -283 -477 -317 554 113 94 628 234 -323 -279 -451 640 -334 -55 -45 173 -25 640 4 -160 -288 -579 718 -80 82 -1227 65 -508 -361 4 -390 716 524 131 198 -242 -115 -364 534 -493 -335 84 -171 1209 55 3342 830 -231 -460 115 -657
-128 -196 -791 -14 355 557 331 296 -165 -190 -485 -253 -228 713 -622 -573 194 -798 299 56 -225 -201 -199 73 -539 655 -648 -61 -288 175 -55 -37 -139 5 578 -316 -767 -168 244 1 480 -342 -232 71 890 66 830 2400 -566 -512 411 -20
180 -151 460 -193 556 -323 52 -127 -441 -477 97 265 -367 -489 133 -37 -17 -43 -38 53 -175 300 -945 181 299 -30 531 -368 498 -227 -434 -106 198 -51 -107 -13 362 460 508 141 298 262 366 -888 -510 -104 -231 -566 2143 -130 -195 -300
-3 176 792 -125 -25 -566 -236 207 -432 -133 -122 562 -156 -276 -60 222 -722 214 -120 164 213 340 481 -392 407 -1110 243 -96 -479 58 267 241 -269 44 130 -295 563 128 188 173 964 -548 -26 -315 -191 -42 -460 -512 -130 2512 -382 387
-273 72 -63 264 196 834 517 70 375 76 118 338 36 362 28 -491 -541 -31 675 125 -179 254 613 -60 -466 765 23 168 -340 265 -435 -259 203 46 -97 -324 -812 143 11 -211 -39 566 -164 465 82 -970 115 411 -195 -382 2481 199
308 159 -35 -515 357 -469 414 -310 -148 251 375 -150 -319 -402 -23 -491 -148 25 -337 -702 182 700 879 -889 -234 -313 480 73 -287 366 -581 273 -259 121 458 12 -348 349 -365 -1113 469 -595 -164 373 108 7 -657 -20 -300 387 199 2504

Q_cnstr 
96 -18 8 8 4 6 25 -6 -15 -16 -7 4 19 0 6 18 17 -18 2 -17 58 14 -15 -2 19 49 25 10 -3 10 -21 14 0 16 0 1 20 27 -23 -19 15 1 -1 -5 -5 13 6 -6 5 15 -16 17
-18 113 -15 -2 32 8 14 -32 -1 -20 11 25 -7 -19 -31 -26 9 18 -9 20 -22 2 -3 33 -15 -33 35 6 -17 -15 29 10 12 34 -32 1 14 -35 -21 18 -1 -8 -10 4 17 14 7 -2 7 24 2 0
8 -15 227 -31 27 -11 -30 6 -11 20 -19 -30 24 -6 -18 9 0 12 32 10 -68 -61 8 51 -9 -25 -26 -5 -53 14 3 1 17 12 -19 20 34 -17 26 2 29 54 17 19 16 -14 -26 -44 22 23 -9 25
8 -2 -31 128 1 -1 -21 5 19 13 7 -1 33 26 28 -34 -3 -16 18 -8 29 59 -8 -3 -10 6 25 -22 -1 17 11 18 2 3 22 -17 17 14 -24 -1 -22 21 21 39 27 62 6 29 -24 9 -10 35
4 32 27 1 157 13 14 -12 -34 -27 -13 3 54 10 23 -8 2 32 8 28 -13 26 10 30 25 2 9 23 -7 -6 18 -23 13 18 -2 0 4 -1 -21 7 32 24 20 24 36 16 -5 -7 34 12 -28 -1
6 8 -11 -1 13 111 -3 2 18 6 -31 -6 10 -1 15 -9 37 -9 -7 -7 -9 1 10 23 -2 12 9 11 -13 5 14 -10 -3 -5 0 -23 4 -3 -14 6 -3 12 13 2 0 -34 -1 -5 17 -1 -4 -4
25 14 -30 -21 14 -3 105 6 -32 -17 6 18 -5 21 9 7 18 -12 -18 5 12 31 -11 -15 11 3 19 25 -24 3 -6 39 6 -7 -21 32 -17 26 -23 -28 -21 -13 6 -37 -31 0 5 -24 -6 -14 3 -6
-6 -32 6 5 -12 2 6 114 20 13 12 -7 -1 -10 34 0 -16 5 -11 -23 48 15 0 -27 14 2 1 7 -22 12 -20 24 -8 12 -21 -15 5 10 -2 -9 -3 -10 22 -3 -30 -12 9 23 2 -3 -9 6
-15 -1 -11 19 -34 18 -32 20 151 67 29 -2 -19 -8 -11 22 -33 -24 -21 -7 -8 -8 -10 9 -15 -9 55 -3 4 10 -16 13 0 -51 -17 21 -13 3 48 2 -14 -26 10 9 0 -15 14 8 -11 29 8 -9
-16 -20 20 13 -27 6 -17 13 67 160 32 -8 -36 -17 8 6 -2 -31 -20 -3 -29 -29 18 -22 -20 -35 8 14 9 0 -19 -35 15 1 -37 41 -43 -13 24 28 5 24 -8 -2 13 -20 -34 0 -11 25 -9 -7
-7 11 -19 7 -13 -31 6 12 29 32 122 10 -8 -15 -6 -6 -41 -31 -13 7 -13 9 -14 -28 -13 -11 -12 -6 36 9 -7 7 -11 1 43 -4 13 3 15 4 -5 -35 -25 5 10 -1 4 -6 4 32 -18 -31
4 25 -30 -1 3 -6 18 -7 -2 -8 10 78 10 -8 9 8 -20 5 0 4 13 11 -4 -6 0 8 14 -2 -8 6 3 2 -7 9 -2 -4 -7 19 -17 -7 -2 -11 -15 -1 3 4 -1 14 -16 10 10 -22
19 -7 24 33 54 10 -5 -1 -19 -36 -8 10 147 21 45 5 -52 -2 12 11 -4 18 26 -6 14 14 33 -4 -21 8 -10 3 10 35 20 -62 -25 30 -27 -5 -3 6 -5 25 -7 9 21 7 25 8 -10 29
0 -19 -6 26 10 -1 21 -10 -8 -17 -15 -8 21 132 -6 19 29 14 6 32 4 46 -21 -20 -3 19 1 -16 -8 -21 -10 -12 -8 6 23 -13 -3 16 2 -6 -5 -9 18 -12 -21 31 17 2 -10 -1 28 35
6 -31 -18 28 23 15 9 34 -11 8 -6 9 45 -6 126 18 -34 10 -3 -5 -45 19 23 -26 -4 24 -3 3 -8 4 2 -13 4 -5 13 -21 12 28 -12 0 -43 13 10 26 22 26 -12 4 13 -14 -22 1
18 -26 9 -34 -8 -9 7 0 22 6 -6 8 5 19 18 160 8 31 -16 4 -1 -17 -10 -33 24 9 13 -17 10 -5 -33 -2 7 3 4 -6 -25 17 29 -11 -39 -33 15 -22 3 -1 14 -6 0 18 13 -20
17 9 0 -3 2 37 18 -16 -33 -2 -41 -20 -52 29 -34 8 212 -3 -10 2 32 -3 -16 32 2 -11 -47 21 -6 -5 18 -18 -2 24 19 27 -1 -25 -7 36 44 11 30 -29 9 8 -3 -5 -3 -1 -7 -22
-18 18 12 -16 32 -9 -12 5 -24 -31 -31 5 -2 14 10 31 -3 161 -7 22 -40 32 4 7 27 6 -52 -1 -7 -19 -11 -35 -9 16 -11 -14 2 16 -5 13 -15 -4 27 12 2 13 -11 23 -6 -27 40 6
2 -9 32 18 8 -7 -18 -11 -21 -20 -13 0 12 6 -3 -16 -10 -7 85 14 22 -12 -6 -7 -21 7 -2 -12 -4 9 16 13 0 3 -5 -2 15 -4 -11 -14 0 14 -18 11 23 -12 -9 8 -7 5 8 -3
-17 20 10 -8 28 -7 5 -23 -7 -3 7 4 11 32 -5 4 2 22 14 122 -31 20 -16 12 -11 -1 -9 10 18 13 4 -15 -11 5 18 10 -5 -13 7 13 6 32 -23 -17 18 4 3 4 -6 10 13 16
58 -22 -68 29 -13 -9 12 48 -8 -29 -13 13 -4 4 -45 -1 32 -40 22 -31 231 25 -4 -35 27 41 44 5 9 25 -57 45 -1 35 4 -39 -29 -14 -40 -34 23 -22 -5 -32 -15 -6 30 44 -29 25 3 6
14 2 -61 59 26 1 31 15 -8 -29 9 11 18 46 19 -17 -3 32 -12 20 25 242 -11 17 16 63 33 -13 33 -3 33 -1 -15 -12 56 39 1 57 -15 -5 5 3 38 7 3 19 26 32 -6 -12 5 53
-15 -3 8 -8 10 10 -11 0 -10 18 -14 -4 26 -21 23 -10 -16 4 -6 -16 -4 -11 72 8 -3 -11 3 16 18 -9 -8 4 0 5 -1 -21 -28 -8 12 15 -8 4 -4 2 24 -6 -5 -1 5 0 5 -7
-2 33 51 -3 30 23 -15 -27 9 -22 -28 -6 -6 -20 -26 -33 32 7 -7 12 -35 17 8 225 9 -15 -22 30 -12 -18 34 31 -33 -39 14 11 63 -42 10 3 51 8 11 -4 0 -11 13 -8 43 4 19 30
19 -15 -9 -10 25 -2 11 14 -15 -20 -13 0 14 -3 -4 24 2 27 -21 -11 27 16 -3 9 102 27 -6 3 -13 5 -37 4 -3 -28 9 1 -41 40 -13 -7 1 -4 51 -15 -10 -7 28 -8 -1 -15 -3 13
49 -33 -25 6 2 12 3 2 -9 -35 -11 8 14 19 24 9 -11 6 7 -1 41 63 -11 -15 27 129 -7 -9 4 2 -23 -6 -8 -43 27 -12 3 50 -5 -6 -11 -13 24 -13 -30 -17 23 3 -4 6 -3 16
25 35 -26 25 9 9 19 1 55 8 -12 14 33 1 -3 13 -47 -52 -2 -9 44 33 3 -22 -6 -7 155 0 9 8 7 38 22 -2 -26 9 -18 15 0 -26 -22 -4 9 5 8 12 33 8 -2 33 -11 35
10 6 -5 -22 23 11 25 7 -3 14 -6 -2 -4 -16 3 -17 21 -1 -12 10 5 -13 16 30 3 -9 0 54 1 -7 -8 8 -17 0 -4 11 -21 3 -2 0 17 8 -6 -24 -5 -21 -5 -1 14 -1 0 -2
-3 -17 -53 -1 -7 -13 -24 -22 4 9 36 -8 -21 -8 -8 10 -6 -7 -4 18 9 33 18 -12 -13 4 9 1 126 4 15 -14 7 -16 38 -6 7 7 40 6 0 -11 -19 4 32 6 6 8 9 12 -6 -30
10 -15 14 17 -6 5 3 12 10 0 9 6 8 -21 4 -5 -5 -19 9 13 25 -3 -9 -18 5 2 8 -7 4 77 8 -6 16 -11 18 -5 -3 8 10 -23 -17 9 -1 10 9 -3 -8 11 -6 8 -9 -20
-21 29 3 11 18 14 -6 -20 -16 -19 -7 3 -10 -10 2 -33 18 -11 16 4 -57 33 -8 34 -37 -23 7 -8 15 8 132 -6 10 2 -32 15 34 -19 2 22 25 25 6 41 11 9 -13 12 24 2 2 10
14 10 1 18 -23 -10 39 24 13 -35 7 2 3 -12 -13 -2 -18 -35 13 -15 45 -1 4 31 4 -6 38 8 -14 -6 -6 154 -7 -53 9 13 -9 11 -14 -13 -31 -18 -7 -11 -9 12 35 -13 -20 17 11 26
0 12 17 2 13 -3 6 -8 0 15 -11 -7 10 -8 4 7 -2 -9 0 -11 -1 -15 0 -33 -3 -8 22 -17 7 16 10 -7 92 4 -37 11 -12 -22 -13 -3 -1 22 10 -4 1 6 -5 -17 3 17 -6 -16
16 34 12 3 18 -5 -7 12 -51 1 1 9 35 6 -5 3 24 16 3 5 35 -12 5 -39 -28 -43 -2 0 -16 -11 2 -53 4 169 -21 -48 23 -35 -30 29 55 18 -19 2 -6 13 -16 18 9 18 -15 9
0 -32 -19 22 -2 0 -21 -21 -17 -37 43 -2 20 23 13 4 19 -11 -5 18 4 56 -1 14 9 27 -26 -4 38 18 -32 9 -37 -21 221 -18 0 24 14 8 -11 -4 -5 -6 15 -4 21 11 -16 31 -3 3
1 1 20 -17 0 -23 32 -15 21 41 -4 -4 -62 -13 -21 -6 27 -14 -2 10 -39 39 -21 11 1 -12 9 11 -6 -5 15 13 11 -48 -18 124 -22 6 10 1 21 20 4 -19 18 0 -17 -21 -16 -2 -7 -3
20 14 34 17 4 4 -17 5 -13 -43 13 -7 -25 -3 12 -25 -1 2 15 -5 -29 1 -28 63 -41 3 -18 -21 7 -3 34 -9 -12 23 0 -22 174 -28 15 -19 16 3 -9 44 12 33 -13 -7 22 4 -13 0
27 -35 -17 14 -1 -3 26 10 3 -13 3 19 30 16 28 17 -25 16 -4 -13 -14 57 -8 -42 40 50 15 3 7 8 -19 11 -22 -35 24 6 -28 142 5 -13 -29 -8 32 -5 -34 8 18 11 2 -17 -1 -8
-23 -21 26 -24 -21 -14 -23 -2 48 24 15 -17 -27 2 -12 29 -7 -5 -11 7 -40 -15 12 10 -13 -5 0 -2 40 10 2 -14 -13 -30 14 10 15 5 93 9 -5 -28 5 6 8 -33 10 -14 4 0 0 -20
-19 18 2 -1 7 6 -28 -9 2 28 4 -7 -5 -6 0 -11 36 13 -14 13 -34 -5 15 3 -7 -6 -26 0 6 -23 22 -13 -3 29 8 1 -19 -13 9 78 26 19 4 8 8 3 2 5 -1 9 -4 6
15 -1 29 -22 32 -3 -21 -3 -14 5 -5 -2 -3 -5 -43 -39 44 -15 0 6 23 5 -8 51 1 -11 -22 17 0 -17 25 -31 -1 55 -11 21 16 -29 -5 26 158 34 -9 5 -20 18 -3 -7 24 22 -4 11
1 -8 54 21 24 12 -13 -10 -26 24 -35 -11 6 -9 13 -33 11 -4 14 32 -22 3 4 8 -4 -13 -4 8 -11 9 25 -18 22 18 -4 20 3 -8 -28 19 34 128 3 21 25 43 -23 15 -1 11 -12 16
-1 -10 17 21 20 13 6 22 10 -8 -25 -15 -5 18 10 15 30 27 -18 -23 -5 38 -4 11 51 24 9 -6 -19 -1 6 -7 10 -19 -5 4 -9 32 5 4 -9 3 154 2 -23 -4 22 -11 -27 -17 -8 43
-5 4 19 39 24 2 -37 -3 9 -2 5 -1 25 -12 26 -22 -29 12 11 -17 -32 7 2 -4 -15 -13 5 -24 4 10 41 -11 -4 2 -6 -19 44 -5 6 8 5 21 2 108 30 44 -27 15 1 -5 -19 17
-5 17 16 27 36 0 -31 -30 0 13 10 3 -7 -21 22 3 9 2 23 18 -15 3 24 0 -10 -30 8 -5 32 9 11 -9 1 -6 15 18 12 -34 8 8 -20 25 -23 30 157 40 -8 20 4 -6 -25 -15
13 14 -14 62 16 -34 0 -12 -15 -20 -1 4 9 31 26 -1 8 13 -12 4 -6 19 -6 -11 -7 -17 12 -21 6 -3 9 12 6 13 -4 0 33 8 -33 3 18 43 -4 44 40 176 1 19 -10 9 -12 12
6 7 -26 6 -5 -1 5 9 14 -34 4 -1 21 17 -12 14 -3 -11 -9 3 30 26 -5 13 28 23 33 -5 6 -8 -13 35 -5 -16 21 -17 -13 18 10 2 -3 -23 22 -27 -8 1 76 -2 -9 -3 0 26
-6 -2 -44 29 -7 -5 -24 23 8 0 -6 14 7 2 4 -6 -5 23 8 4 44 32 -1 -8 -8 3 8 -1 8 11 12 -13 -17 18 11 -21 -7 11 -14 5 -7 15 -11 15 20 19 -2 90 3 8 15 -1
5 7 22 -24 34 17 -6 2 -11 -11 4 -16 25 -10 13 0 -3 -6 -7 -6 -29 -6 5 43 -1 -4 -2 14 9 -6 24 -20 3 9 -16 -16 22 2 4 -1 24 -1 -27 1 4 -10 -9 3 74 11 -11 -21
15 24 23 9 12 -1 -14 -3 29 25 32 10 8 -1 -14 18 -1 -27 5 10 25 -12 0 4 -15 6 33 -1 12 8 2 17 17 18 31 -2 4 -17 0 9 22 11 -17 -5 -6 9 -3 8 11 111 7 -14
-16 2 -9 -10 -28 -4 3 -9 8 -9 -18 10 -10 28 -22 13 -7 40 8 13 3 5 5 19 -3 -3 -11 0 -6 -9 2 11 -6 -15 -3 -7 -13 -1 0 -4 -4 -12 -8 -19 -25 -12 0 15 -11 7 71 6
17 0 25 35 -1 -4 -6 6 -9 -7 -31 -22 29 35 1 -20 -22 6 -3 16 6 53 -7 30 13 16 35 -2 -30 -20 10 26 -16 9 3 -3 0 -8 -20 6 11 16 43 17 -15 12 26 -1 -21 -14 6 124

