Q_obj 
364 -5 -14 -66 -2 -37 63 -29 142 -44 -27 102 78 44 -57 102 -124 108 -158 -47 -35 21 -36 -91 84 -30 -14 -37 38 27
-5 330 68 13 -21 13 -55 55 -62 32 -45 94 -39 -2 14 12 9 16 31 -6 18 55 -11 -45 -63 -15 17 -83 91 -5
-14 68 282 -11 1 -35 68 -36 14 -3 34 -78 33 14 -10 -57 -9 62 20 25 143 2 -103 -24 -17 -19 -35 -95 20 -83
-66 13 -11 277 -36 9 -51 -81 -68 12 0 65 62 -43 -66 46 137 -85 -28 -91 -3 -30 1 6 -40 77 -5 30 35 68
-2 -21 1 -36 268 -116 -15 -25 -2 59 38 12 -39 -7 91 41 -123 -27 70 -11 -34 -149 -19 -64 -44 -39 65 37 -107 -37
-37 13 -35 9 -116 266 9 -57 -39 61 51 57 -10 63 -49 -34 31 -46 -18 4 -4 75 117 73 40 108 29 -8 51 -3
63 -55 68 -51 -15 9 279 -68 73 46 81 -49 70 11 31 30 -48 40 7 54 10 -3 22 -28 -9 15 -91 -160 20 7
-29 55 -36 -81 -25 -57 -68 271 61 -51 -75 -9 9 -32 57 -49 -50 -28 30 11 -38 22 35 -37 28 -132 -84 52 -50 -64
142 -62 14 -68 -2 -39 73 61 320 -52 -4 63 55 -15 48 53 -63 137 -87 60 -74 0 -37 13 69 -9 -9 54 -81 12
-44 32 -3 12 59 61 46 -51 -52 348 121 -28 77 21 23 21 -76 -19 32 29 -43 -12 49 -73 110 -42 57 85 -12 27
-27 -45 34 0 38 51 81 -75 -4 121 271 99 19 -70 15 84 -15 16 -3 -1 7 -64 -17 -59 41 64 120 -78 73 38
102 94 -78 65 12 57 -49 -9 63 -28 99 403 12 -34 14 97 38 36 -47 -54 -46 -14 -38 9 59 50 109 -29 60 26
78 -39 33 62 -39 -10 70 9 55 77 19 12 272 -45 -48 53 -32 -10 -57 6 2 -35 22 -22 130 -4 -52 -14 -55 65
44 -2 14 -43 -7 63 11 -32 -15 21 -70 -34 -45 290 -62 -86 -55 -22 32 57 44 150 61 -24 -28 -100 45 69 -23 -11
-57 14 -10 -66 91 -49 31 57 48 23 15 14 -48 -62 308 -10 -37 22 101 84 8 -147 -18 89 9 -40 102 -14 29 -75
102 12 -57 46 41 -34 30 -49 53 21 84 97 53 -86 -10 369 24 92 -58 -5 -85 -69 -8 -21 101 81 166 -28 6 51
-124 9 -9 137 -123 31 -48 -50 -63 -76 -15 38 -32 -55 -37 24 310 -39 -25 20 58 -24 -32 124 -68 87 53 -22 66 80
108 16 62 -85 -27 -46 40 -28 137 -19 16 36 -10 -22 22 92 -39 308 -65 54 -9 10 -72 31 6 10 47 -25 -18 20
-158 31 20 -28 70 -18 7 30 -87 32 -3 -47 -57 32 101 -58 -25 -65 298 19 20 -52 -4 57 7 -77 -3 -38 -10 -115
-47 -6 25 -91 -11 4 54 11 60 29 -1 -54 6 57 84 -5 20 54 19 247 -7 -5 3 120 -35 40 100 9 -27 90
-35 18 143 -3 -34 -4 10 -38 -74 -43 7 -46 2 44 8 -85 58 -9 20 -7 279 24 22 23 1 -9 -23 -107 48 -31
21 55 2 -30 -149 75 -3 22 0 -12 -64 -14 -35 150 -147 -69 -24 10 -52 -5 24 310 41 -42 42 -47 -91 43 18 -5
-36 -11 -103 1 -19 117 22 35 -37 49 -17 -38 22 61 -18 -8 -32 -72 -4 3 22 41 298 -7 -55 53 -47 6 -36 83
-91 -45 -24 6 -64 73 -28 -37 13 -73 -59 9 -22 -24 89 -21 124 31 57 120 23 -42 -7 373 -7 116 67 -26 -42 61
84 -63 -17 -40 -44 40 -9 28 69 110 41 59 130 -28 9 101 -68 6 7 -35 1 42 -55 -7 375 -69 12 63 12 -116
-30 -15 -19 77 -39 108 15 -132 -9 -42 64 50 -4 -100 -40 81 87 10 -77 40 -9 -47 53 116 -69 381 85 -49 52 128
-14 17 -35 -5 65 29 -91 -84 -9 57 120 109 -52 45 102 166 53 47 -3 100 -23 -91 -47 67 12 85 413 84 65 54
-37 -83 -95 30 37 -8 -160 52 54 85 -78 -29 -14 69 -14 -28 -22 -25 -38 9 -107 43 6 -26 63 -49 84 331 -95 3
38 91 20 35 -107 51 20 -50 -81 -12 73 60 -55 -23 29 6 66 -18 -10 -27 48 18 -36 -42 12 52 65 -95 284 14
27 -5 -83 68 -37 -3 7 -64 12 27 38 26 65 -11 -75 51 80 20 -115 90 -31 -5 83 61 -116 128 54 3 14 312

Q_cnstr 
135 -43 -20 -11 -17 -8 51 -32 -14 22 6 -10 10 16 42 15 -21 -12 47 19 9 7 13 6 17 -19 -18 -2 57 34
-43 180 19 9 -26 -8 -14 18 -3 -20 -31 10 -4 -8 12 -64 34 33 25 -16 33 18 48 3 11 84 15 -25 -5 -14
-20 19 96 17 25 -11 -14 9 -26 -12 -5 0 -5 1 5 -21 4 31 15 -16 45 -6 1 -8 -8 8 8 -23 9 8
-11 9 17 197 5 -10 23 17 -16 14 -59 14 -6 -1 42 41 -6 87 18 -5 20 22 -9 9 4 -4 26 -68 76 31
-17 -26 25 5 116 38 5 2 -14 -34 -7 26 -40 18 35 3 -10 25 -2 -11 10 -17 -24 -13 -14 -11 -4 -2 -39 -1
-8 -8 -11 -10 38 65 -5 2 18 -11 2 19 -25 -10 13 -14 -2 0 -18 -16 -8 -32 -2 -11 -16 5 0 0 -11 14
51 -14 -14 23 5 -5 204 0 23 -1 -49 -33 -8 30 -5 30 -67 3 116 53 -16 -25 -2 15 47 16 -11 -15 28 5
-32 18 9 17 2 2 0 108 10 -35 -8 15 37 -33 26 -16 4 -14 -12 29 30 14 -39 21 51 12 7 24 18 26
-14 -3 -26 -16 -14 18 23 10 242 55 62 43 45 58 -1 30 -23 10 -16 -35 -6 -25 14 31 16 -66 -51 8 5 18
22 -20 -12 14 -34 -11 -1 -35 55 156 40 -41 -19 67 32 28 18 43 -23 -55 4 -29 6 -13 2 -14 10 -20 -3 -17
6 -31 -5 -59 -7 2 -49 -8 62 40 160 22 0 6 28 0 -6 -8 -23 -10 -11 9 20 -19 -1 -58 12 63 -44 -5
-10 10 0 14 26 19 -33 15 43 -41 22 123 71 7 5 20 -3 37 7 -10 -4 -8 6 14 -31 -41 -24 34 -8 32
10 -4 -5 -6 -40 -25 -8 37 45 -19 0 71 157 0 -31 9 8 20 -14 25 -25 17 -29 43 27 -58 -56 53 18 63
16 -8 1 -1 18 -10 30 -33 58 67 6 7 0 205 -1 58 9 11 55 17 -25 -54 -26 -39 28 -49 -76 17 -101 -5
42 12 5 42 35 13 -5 26 -1 32 28 5 -31 -1 219 -4 20 67 -9 -36 63 -7 -8 36 8 18 16 22 5 40
15 -64 -21 41 3 -14 30 -16 30 28 0 20 9 58 -4 124 -18 16 12 9 -25 -16 -14 44 -39 -76 -39 -3 -8 -13
-21 34 4 -6 -10 -2 -67 4 -23 18 -6 -3 8 9 20 -18 106 69 -68 -39 -6 4 -2 5 1 11 -25 25 29 21
-12 33 31 87 25 0 3 -14 10 43 -8 37 20 11 67 16 69 235 -2 -63 -6 33 -11 20 -34 -14 -13 -21 69 40
47 25 15 18 -2 -18 116 -12 -16 -23 -23 7 -14 55 -9 12 -68 -2 173 65 15 -11 32 4 15 20 -15 -20 -3 -28
19 -16 -16 -5 -11 -16 53 29 -35 -55 -10 -10 25 17 -36 9 -39 -63 65 178 -27 16 -18 0 52 19 -11 40 -31 48
9 33 45 20 10 -8 -16 30 -6 4 -11 -4 -25 -25 63 -25 -6 -6 15 -27 151 -31 19 19 23 11 3 -35 22 9
7 18 -6 22 -17 -32 -25 14 -25 -29 9 -8 17 -54 -7 -16 4 33 -11 16 -31 120 -5 -20 6 26 54 -10 27 18
13 48 1 -9 -24 -2 -2 -39 14 6 20 6 -29 -26 -8 -14 -2 -11 32 -18 19 -5 101 8 -31 34 1 -24 57 -44
6 3 -8 9 -13 -11 15 21 31 -13 -19 14 43 -39 36 44 5 20 4 0 19 -20 8 137 -11 -36 -59 2 57 -20
17 11 -8 4 -14 -16 47 51 16 2 -1 -31 27 28 8 -39 1 -34 15 52 23 6 -31 -11 129 12 -23 19 7 34
-19 84 8 -4 -11 5 16 12 -66 -14 -58 -41 -58 -49 18 -76 11 -14 20 19 11 26 34 -36 12 155 72 -34 14 -10
-18 15 8 26 -4 0 -11 7 -51 10 12 -24 -56 -76 16 -39 -25 -13 -15 -11 3 54 1 -59 -23 72 154 -17 -18 -8
-2 -25 -23 -68 -2 0 -15 24 8 -20 63 34 53 17 22 -3 25 -21 -20 40 -35 -10 -24 2 19 -34 -17 152 -46 12
57 -5 9 76 -39 -11 28 18 5 -3 -44 -8 18 -101 5 -8 29 69 -3 -31 22 27 57 57 7 14 -18 -46 277 -11
34 -14 8 31 -1 14 5 26 18 -17 -5 32 63 -5 40 -13 21 40 -28 48 9 18 -44 -20 34 -10 -8 12 -11 188

