Q_obj 
248 9 89 -9 -131 -31 24 22 -51 -64 -33 -29 73 -19 -145 -79 -18 -70 26 -12 38 34 -34 -45 -33
9 279 7 36 -18 3 24 -2 6 -52 -12 -27 -29 -73 -58 -77 64 -56 25 -51 33 108 161 -30 15
89 7 252 -35 -89 18 -22 -52 -7 -21 37 -17 -6 10 -33 9 -51 -1 12 35 42 -2 -5 -68 70
-9 36 -35 248 58 85 63 -14 -7 1 -12 41 -93 -121 -17 38 -10 1 44 -83 -13 0 -12 88 -112
-131 -18 -89 58 235 86 10 -13 12 5 84 40 -4 -67 85 68 -9 65 -87 21 -62 -34 64 105 -15
-31 3 18 85 86 250 20 -8 -13 44 73 49 -51 -29 118 40 -10 33 -10 33 -39 35 -24 39 -12
24 24 -22 63 10 20 196 -68 -38 33 -3 27 7 -83 -5 51 -5 -10 7 -49 -61 67 -56 -8 -22
22 -2 -52 -14 -13 -8 -68 376 7 11 -41 -64 -16 145 12 31 84 -142 -12 -61 151 -32 8 -9 14
-51 6 -7 -7 12 -13 -38 7 203 -25 -41 -55 0 31 116 11 17 -63 -7 -64 39 -3 -18 34 -14
-64 -52 -21 1 5 44 33 11 -25 176 32 34 -11 -6 56 96 79 -2 -21 -23 -110 -17 -44 -57 77
-33 -12 37 -12 84 73 -3 -41 -41 32 228 49 -60 -39 67 13 48 50 -35 -2 -101 19 -49 12 99
-29 -27 -17 41 40 49 27 -64 -55 34 49 178 -26 -54 -13 59 9 -20 -8 32 -90 -9 -5 11 -40
73 -29 -6 -93 -4 -51 7 -16 0 -11 -60 -26 215 58 -106 -57 -18 -49 -44 85 -58 20 25 -14 -16
-19 -73 10 -121 -67 -29 -83 145 31 -6 -39 -54 58 289 62 -68 -19 -73 21 102 42 -14 -58 -21 27
-145 -58 -33 -17 85 118 -5 12 116 56 67 -13 -106 62 330 91 7 22 -47 -65 11 -46 -90 63 56
-79 -77 9 38 68 40 51 31 11 96 13 59 -57 -68 91 309 9 10 -88 -60 54 -65 -36 -27 88
-18 64 -51 -10 -9 -10 -5 84 17 79 48 9 -18 -19 7 9 213 -125 -49 -94 -37 -33 30 -78 41
-70 -56 -1 1 65 33 -10 -142 -63 -2 50 -20 -49 -73 22 10 -125 279 8 63 -56 20 -40 -12 34
26 25 12 44 -87 -10 7 -12 -7 -21 -35 -8 -44 21 -47 -88 -49 8 212 -36 42 40 -38 40 4
-12 -51 35 -83 21 33 -49 -61 -64 -23 -2 32 85 102 -65 -60 -94 63 -36 328 -74 61 63 -21 45
38 33 42 -13 -62 -39 -61 151 39 -110 -101 -90 -58 42 11 54 -37 -56 42 -74 312 -52 30 17 -29
34 108 -2 0 -34 35 67 -32 -3 -17 19 -9 20 -14 -46 -65 -33 20 40 61 -52 227 7 -49 17
-34 161 -5 -12 64 -24 -56 8 -18 -44 -49 -5 25 -58 -90 -36 30 -40 -38 63 30 7 293 9 29
-45 -30 -68 88 105 39 -8 -9 34 -57 12 11 -14 -21 63 -27 -78 -12 40 -21 17 -49 9 256 -63
-33 15 70 -112 -15 -12 -22 14 -14 77 99 -40 -16 27 56 88 41 34 4 45 -29 17 29 -63 300

Q_cnstr 
109 20 -15 64 -8 41 17 5 9 -16 26 30 60 -41 45 21 -11 6 51 -9 -6 46 3 32 -25
20 126 -40 -5 -18 18 -4 -8 45 -4 -18 26 -24 32 -3 -5 -7 13 10 3 47 -34 49 4 9
-15 -40 134 53 5 -13 26 10 8 27 12 4 19 -32 11 -8 -23 -4 2 -7 -24 14 13 -7 -26
64 -5 53 189 9 16 43 -2 28 -34 60 51 52 -11 52 54 -28 -27 1 -7 -35 13 25 30 27
-8 -18 5 9 111 -37 48 32 -71 7 -31 5 2 -1 -17 18 13 3 -6 36 13 54 -36 -5 50
41 18 -13 16 -37 129 -3 5 55 -13 43 29 5 -26 2 2 14 23 14 20 11 8 23 27 21
17 -4 26 43 48 -3 111 21 -15 6 -6 35 -1 -38 24 26 2 36 -4 27 -28 34 9 15 -26
5 -8 10 -2 32 5 21 79 -8 -4 2 -1 19 -21 15 -21 43 8 -7 31 3 16 -10 39 -3
9 45 8 28 -71 55 -15 -8 147 10 50 32 5 -10 32 21 24 23 -41 -24 34 -69 35 27 18
-16 -4 27 -34 7 -13 6 -4 10 79 -16 12 -17 -44 -38 -27 -1 19 -20 22 19 -2 -2 -11 -24
26 -18 12 60 -31 43 -6 2 50 -16 175 17 27 -11 30 14 -50 -12 -20 20 -62 -23 39 -25 -13
30 26 4 51 5 29 35 -1 32 12 17 180 -21 18 1 25 -8 -13 -38 -16 -56 5 38 14 -30
60 -24 19 52 2 5 -1 19 5 -17 27 -21 150 -8 34 5 10 -4 53 -27 2 55 -46 46 -24
-41 32 -32 -11 -1 -26 -38 -21 -10 -44 -11 18 -8 163 -17 29 -1 -61 -23 -61 19 0 10 -30 11
45 -3 11 52 -17 2 24 15 32 -38 30 1 34 -17 87 31 21 6 -3 -25 -8 10 25 37 -23
21 -5 -8 54 18 2 26 -21 21 -27 14 25 5 29 31 171 5 -44 -34 -26 42 7 -20 -35 31
-11 -7 -23 -28 13 14 2 43 24 -1 -50 -8 10 -1 21 5 151 8 11 2 42 31 -7 68 33
6 13 -4 -27 3 23 36 8 23 19 -12 -13 -4 -61 6 -44 8 135 25 58 17 18 1 7 -2
51 10 2 1 -6 14 -4 -7 -41 -20 -20 -38 53 -23 -3 -34 11 25 158 19 0 47 -13 22 -17
-9 3 -7 -7 36 20 27 31 -24 22 20 -16 -27 -61 -25 -26 2 58 19 112 35 14 0 16 23
-6 47 -24 -35 13 11 -28 3 34 19 -62 -56 2 19 -8 42 42 17 0 35 240 27 -2 24 49
46 -34 14 13 54 8 34 16 -69 -2 -23 5 55 0 10 7 31 18 47 14 27 145 -13 21 -47
3 49 13 25 -36 23 9 -10 35 -2 39 38 -46 10 25 -20 -7 1 -13 0 -2 -13 113 -6 -51
32 4 -7 30 -5 27 15 39 27 -11 -25 14 46 -30 37 -35 68 7 22 16 24 21 -6 128 -6
-25 9 -26 27 50 21 -26 -3 18 -24 -13 -30 -24 11 -23 31 33 -2 -17 23 49 -47 -51 -6 202

