Q_obj 
233 -50 26 49 50 34 -54 -5 3 76 -56 -41 -70 -7 -15 -51 -7 84 59 -70
-50 269 -11 -10 -91 29 40 24 -36 7 22 -41 32 48 -68 -30 35 4 12 58
26 -11 141 8 -7 -24 -8 -4 -85 41 25 4 -69 -59 -7 22 44 -26 -4 20
49 -10 8 171 -42 -12 -19 62 17 -23 -24 -35 -26 6 -75 29 5 84 -9 -46
50 -91 -7 -42 253 -13 -32 31 -21 73 -7 22 75 -10 17 -3 12 21 -1 -32
34 29 -24 -12 -13 255 19 -5 -34 95 23 10 -44 30 -112 -25 93 -21 -76 2
-54 40 -8 -19 -32 19 229 -35 51 52 -71 78 33 32 80 -62 66 74 -35 19
-5 24 -4 62 31 -5 -35 180 11 33 33 -51 54 62 -26 40 97 -53 44 -3
3 -36 -85 17 -21 -34 51 11 182 1 -62 20 21 7 45 -46 30 54 18 0
76 7 41 -23 73 95 52 33 1 222 18 33 -23 -11 -22 -47 152 -58 5 -4
-56 22 25 -24 -7 23 -71 33 -62 18 167 -18 -6 -5 -48 -31 48 -128 -11 38
-41 -41 4 -35 22 10 78 -51 20 33 -18 191 2 30 102 -22 40 -26 1 -49
-70 32 -69 -26 75 -44 33 54 21 -23 -6 2 175 56 56 12 25 1 18 -23
-7 48 -59 6 -10 30 32 62 7 -11 -5 30 56 170 88 -19 2 4 27 -65
-15 -68 -7 -75 17 -112 80 -26 45 -22 -48 102 56 88 268 -36 -58 -28 54 -31
-51 -30 22 29 -3 -25 -62 40 -46 -47 -31 -22 12 -19 -36 154 -32 -39 20 -21
-7 35 44 5 12 93 66 97 30 152 48 40 25 2 -58 -32 273 -53 6 31
84 4 -26 84 21 -21 74 -53 54 -58 -128 -26 1 4 -28 -39 -53 275 -18 -21
59 12 -4 -9 -1 -76 -35 44 18 5 -11 1 18 27 54 20 6 -18 165 -4
-70 58 20 -46 -32 2 19 -3 0 -4 38 -49 -23 -65 -31 -21 31 -21 -4 212

Q_cnstr 
76 -9 3 2 -4 17 -2 5 -2 28 9 -7 36 14 -15 12 8 4 -10 24
-9 94 18 35 -38 -23 -14 4 -3 -53 19 1 21 -32 9 -5 -14 10 31 26
3 18 37 27 -39 -10 -13 1 -20 3 6 -3 21 -12 -4 -17 -5 0 7 25
2 35 27 157 -43 -21 15 -10 -34 -31 -14 -29 49 -16 -27 -40 -25 4 33 -3
-4 -38 -39 -43 96 9 -13 -8 29 36 -28 -10 -50 28 23 8 -12 11 3 -28
17 -23 -10 -21 9 50 48 -13 5 20 -26 -5 -10 2 2 1 11 9 -19 -3
-2 -14 -13 15 -13 48 187 12 -18 -8 1 3 -13 13 3 19 8 -3 -6 -31
5 4 1 -10 -8 -13 12 93 -13 -14 27 12 -4 -2 -11 -12 33 -11 27 -2
-2 -3 -20 -34 29 5 -18 -13 45 6 -3 -18 -12 -1 28 -22 -17 4 -7 -6
28 -53 3 -31 36 20 -8 -14 6 80 -24 -9 -10 26 -6 -5 -1 6 -19 6
9 19 6 -14 -28 -26 1 27 -3 -24 123 27 -21 28 -29 -5 13 -6 19 8
-7 1 -3 -29 -10 -5 3 12 -18 -9 27 58 -15 19 -20 24 18 -1 -12 -2
36 21 21 49 -50 -10 -13 -4 -12 -10 -21 -15 104 -9 -4 13 7 -9 -22 12
14 -32 -12 -16 28 2 13 -2 -1 26 28 19 -9 62 -9 20 8 5 -8 -18
-15 9 -4 -27 23 2 3 -11 28 -6 -29 -20 -4 -9 80 -30 -23 10 -13 -13
12 -5 -17 -40 8 1 19 -12 -22 -5 -5 24 13 20 -30 144 16 -6 -11 7
8 -14 -5 -25 -12 11 8 33 -17 -1 13 18 7 8 -23 16 59 -11 -9 -10
4 10 0 4 11 9 -3 -11 4 6 -6 -1 -9 5 10 -6 -11 22 -14 2
-10 31 7 33 3 -19 -6 27 -7 -19 19 -12 -22 -8 -13 -11 -9 -14 89 12
24 26 25 -3 -28 -3 -31 -2 -6 6 8 -2 12 -18 -13 7 -10 2 12 58

