Q_obj 
139 -7 22 -24 5 2 -11 27 43 49 59 3 65 15 -4 -65 -14 -15 24 2
-7 244 -32 -29 -39 -65 12 -39 -26 40 45 -40 -45 102 -7 -37 43 21 -15 -98
22 -32 240 73 60 -21 -34 -43 29 60 -58 58 9 -10 -66 30 86 93 -11 -17
-24 -29 73 192 -7 21 -58 8 7 -6 -15 -24 -38 -15 -11 -2 92 51 -60 -27
5 -39 60 -7 172 56 -4 40 23 14 -27 103 74 -3 10 -20 36 -19 -80 34
2 -65 -21 21 56 269 -73 52 50 -11 -53 37 -11 -32 -34 32 -31 18 -11 56
-11 12 -34 -58 -4 -73 189 -37 -59 20 0 -28 -28 70 -48 39 13 -20 -1 -23
27 -39 -43 8 40 52 -37 256 -35 -13 67 7 74 -87 27 -19 22 20 8 6
43 -26 29 7 23 50 -59 -35 146 44 7 -37 62 1 45 28 -37 46 -30 49
49 40 60 -6 14 -11 20 -13 44 143 -63 -9 80 63 17 3 12 -3 46 -7
59 45 -58 -15 -27 -53 0 67 7 -63 225 -18 -41 -16 -22 -77 6 -19 -33 -10
3 -40 58 -24 103 37 -28 7 -37 -9 -18 215 41 13 28 -42 -25 -124 -31 13
65 -45 9 -38 74 -11 -28 74 62 80 -41 41 258 28 150 -22 -64 -43 -12 41
15 102 -10 -15 -3 -32 70 -87 1 63 -16 13 28 202 39 14 -47 -36 -32 -52
-4 -7 -66 -11 10 -34 -48 27 45 17 -22 28 150 39 212 15 -59 -59 -55 10
-65 -37 30 -2 -20 32 39 -19 28 3 -77 -42 -22 14 15 193 -8 104 23 33
-14 43 86 92 36 -31 13 22 -37 12 6 -25 -64 -47 -59 -8 204 56 -26 -54
-15 21 93 51 -19 18 -20 20 46 -3 -19 -124 -43 -36 -59 104 56 249 -44 -14
24 -15 -11 -60 -80 -11 -1 8 -30 46 -33 -31 -12 -32 -55 23 -26 -44 246 8
2 -98 -17 -27 34 56 -23 6 49 -7 -10 13 41 -52 10 33 -54 -14 8 135

Q_cnstr 
66 -3 5 11 2 -28 -15 3 25 -2 -11 -4 18 -7 -14 7 -1 2 27 -21
-3 100 -4 4 9 2 5 19 -13 26 33 2 -6 0 -14 10 -16 38 11 17
5 -4 73 23 -11 5 -12 13 31 -8 -27 0 -17 37 64 13 22 41 1 4
11 4 23 73 -32 -6 9 22 41 4 3 -14 -1 -14 45 -5 0 27 -8 40
2 9 -11 -32 65 -26 7 3 -22 -13 14 5 12 -20 -26 7 -3 11 -20 5
-28 2 5 -6 -26 137 7 16 22 -19 5 2 -27 -3 10 -7 8 -3 -31 -41
-15 5 -12 9 7 7 38 14 -8 -9 28 -1 -7 -15 -8 -5 5 -9 -17 33
3 19 13 22 3 16 14 107 2 5 11 1 -17 -2 23 -3 -24 30 -68 -14
25 -13 31 41 -22 22 -8 2 111 -33 -18 -2 17 -5 42 16 -21 44 30 -11
-2 26 -8 4 -13 -19 -9 5 -33 89 1 12 13 2 -34 4 37 7 0 38
-11 33 -27 3 14 5 28 11 -18 1 68 22 -7 -28 -45 6 -3 -10 -28 35
-4 2 0 -14 5 2 -1 1 -2 12 22 66 4 -9 -29 35 20 -25 -10 18
18 -6 -17 -1 12 -27 -7 -17 17 13 -7 4 76 -24 -25 42 -10 5 35 13
-7 0 37 -14 -20 -3 -15 -2 -5 2 -28 -9 -24 116 45 -21 0 16 30 -22
-14 -14 64 45 -26 10 -8 23 42 -34 -45 -29 -25 45 117 -8 -24 41 -3 -14
7 10 13 -5 7 -7 -5 -3 16 4 6 35 42 -21 -8 82 17 14 11 -5
-1 -16 22 0 -3 8 5 -24 -21 37 -3 20 -10 0 -24 17 121 -11 -9 36
2 38 41 27 11 -3 -9 30 44 7 -10 -25 5 16 41 14 -11 116 -4 4
27 11 1 -8 -20 -31 -17 -68 30 0 -28 -10 35 30 -3 11 -9 -4 106 -2
-21 17 4 40 5 -41 33 -14 -11 38 35 18 13 -22 -14 -5 36 4 -2 126

