Q_obj 
126 9 38 35 37 5 6 16 -11 16 18 5 4 9 12 -26 72
9 240 -83 5 -51 58 51 54 8 100 -1 -5 -44 23 -53 4 -26
38 -83 142 49 2 -63 -44 -50 -39 6 -42 16 6 72 50 31 42
35 5 49 129 15 -11 -76 -7 13 18 -12 7 15 14 30 34 -11
37 -51 2 15 178 -37 -98 0 7 -33 49 -39 59 -24 37 -32 44
5 58 -63 -11 -37 118 45 21 63 16 16 2 -5 -85 28 7 -32
6 51 -44 -76 -98 45 214 -31 -25 28 25 -4 -37 1 -71 -1 -19
16 54 -50 -7 0 21 -31 145 84 -23 -38 -19 -11 -1 -42 -19 27
-11 8 -39 13 7 63 -25 84 197 -16 7 1 43 -62 32 -11 26
16 100 6 18 -33 16 28 -23 -16 243 28 32 -75 7 0 24 15
18 -1 -42 -12 49 16 25 -38 7 28 154 -23 52 -60 26 -73 33
5 -5 16 7 -39 2 -4 -19 1 32 -23 89 -14 -2 6 11 25
4 -44 6 15 59 -5 -37 -11 43 -75 52 -14 128 -18 50 -10 72
9 23 72 14 -24 -85 1 -1 -62 7 -60 -2 -18 178 -59 10 45
12 -53 50 30 37 28 -71 -42 32 0 26 6 50 -59 173 4 16
-26 4 31 34 -32 7 -1 -19 -11 24 -73 11 -10 10 4 89 -22
72 -26 42 -11 44 -32 -19 27 26 15 33 25 72 45 16 -22 172

Q_cnstr 
34 3 9 17 5 6 -12 -10 2 19 9 5 7 -4 2 14 -5
3 28 0 3 -12 1 3 -6 5 0 -4 4 4 -7 2 13 5
9 0 82 12 -8 0 9 26 -25 23 26 14 -6 10 0 22 -7
17 3 12 42 0 21 16 0 -1 -1 -15 -1 6 -3 -5 19 0
5 -12 -8 0 39 -5 1 -7 -10 11 -5 5 -2 -23 19 -3 2
6 1 0 21 -5 31 4 11 -1 -6 -22 -4 3 8 0 4 2
-12 3 9 16 1 4 58 6 -10 -9 -14 -4 17 -20 1 20 1
-10 -6 26 0 -7 11 6 83 3 -9 -3 6 4 14 28 20 8
2 5 -25 -1 -10 -1 -10 3 53 -5 -5 -10 16 12 1 -14 34
19 0 23 -1 11 -6 -9 -9 -5 58 23 20 -11 3 8 10 3
9 -4 26 -15 -5 -22 -14 -3 -5 23 40 9 -6 6 -7 3 -14
5 4 14 -1 5 -4 -4 6 -10 20 9 27 -3 6 17 7 7
7 4 -6 6 -2 3 17 4 16 -11 -6 -3 39 -14 21 9 17
-4 -7 10 -3 -23 8 -20 14 12 3 6 6 -14 56 -22 1 7
2 2 0 -5 19 0 1 28 1 8 -7 17 21 -22 56 4 22
14 13 22 19 -3 4 20 20 -14 10 3 7 9 1 4 61 -12
-5 5 -7 0 2 2 1 8 34 3 -14 7 17 7 22 -12 48

