Q_obj 
335 74 32 33 -21 -72 -11 -64 -49 -12 72 40 57 -46 44 -39 37 40 -56 -54 128 51 -39 40 22 -74 -84 -68 -21 69 -74 -105 -23 72 -17 125 39 24 -22 10 1 23 -38 61 48
74 525 -27 -20 -116 11 22 -184 -54 -39 90 16 13 -46 68 -54 96 50 48 -40 42 189 20 14 10 -42 31 -12 -55 10 -137 -6 49 -67 -97 7 72 -46 -61 15 -62 22 -22 -35 0
32 -27 526 -109 127 97 14 90 95 -41 66 -150 9 -15 -151 33 16 -31 -161 28 76 -115 -140 69 -69 -13 55 -37 124 55 53 -71 -67 152 45 62 138 6 -53 -12 24 -67 11 8 -113
33 -20 -109 551 -99 34 -148 151 -138 15 -32 124 114 -107 17 43 26 -61 -11 -80 0 63 -20 66 114 100 9 -52 -139 36 -14 13 0 7 -47 -70 -35 -53 -35 132 -1 96 125 81 129
-21 -116 127 -99 512 -53 85 37 -16 -24 60 -93 -58 -38 -4 -20 -66 46 -110 20 19 -152 -46 -145 -1 -58 177 -24 161 136 34 16 21 66 -82 -12 51 54 -42 47 33 -48 61 127 -108
-72 11 97 34 -53 532 -103 76 143 -129 103 103 -55 45 -55 123 65 -27 -82 157 -61 -30 -60 -3 -27 26 123 15 -77 -94 -67 75 -50 109 18 20 117 -119 -30 33 -2 -131 64 -61 73
-11 22 14 -148 85 -103 501 -67 59 175 -29 -75 66 16 -62 -29 11 -31 -28 -77 -6 19 -9 -115 60 11 -90 -91 104 59 130 68 37 -98 -126 -25 -15 -31 19 -19 63 -16 -98 -100 49
-64 -184 90 151 37 76 -67 455 27 14 -65 -17 50 88 -46 114 -85 16 -47 46 -33 -114 -174 44 47 36 26 70 9 -51 72 18 -123 132 95 46 22 -42 8 38 23 -72 87 16 -11
-49 -54 95 -138 -16 143 59 27 538 -16 3 76 -4 59 -39 40 28 -3 45 164 -98 -33 -50 -19 -124 3 58 -35 42 -7 -12 101 -41 40 -100 -49 -79 -114 24 45 122 150 -59 -95 -33
-12 -39 -41 15 -24 -129 175 14 -16 522 -96 74 98 -152 -81 -124 65 -47 76 -106 57 89 -73 100 1 87 -114 -3 13 -54 12 57 -58 -100 1 -93 -78 -7 51 103 10 45 -132 42 18
72 90 66 -32 60 103 -29 -65 3 -96 452 41 -84 -41 -34 77 -41 62 -46 52 3 -55 -46 -67 -25 -85 123 -83 -3 58 -83 22 -87 12 -16 6 91 60 18 -163 -2 -82 117 -23 -5
40 16 -150 124 -93 103 -75 -17 76 74 41 419 7 -61 50 80 103 57 31 -113 -22 51 -32 -28 -65 13 38 16 -168 -32 -112 -6 89 65 -70 -127 -46 -4 -27 47 27 15 -56 42 107
57 13 9 114 -58 -55 66 50 -4 98 -84 7 503 -67 -81 -55 73 -14 72 65 -34 94 -47 37 -46 44 -192 -25 -136 -118 10 -24 -42 4 106 75 2 -33 101 0 135 5 -138 -83 68
-46 -46 -15 -107 -38 45 16 88 59 -152 -41 -61 -67 517 119 -16 -75 -5 6 119 -86 -10 -122 -28 89 -123 -58 89 139 -48 -33 -63 -143 28 95 39 -14 64 -47 -16 -53 -78 39 -52 -9
44 68 -151 17 -4 -55 -62 -46 -39 -81 -34 50 -81 119 544 42 -48 -19 -66 -68 -144 -12 53 -85 50 -9 -76 -28 67 34 -29 44 -53 36 -25 -103 60 90 31 120 -112 -35 -31 56 -78
-39 -54 33 43 -20 123 -29 114 40 -124 77 80 -55 -16 42 528 37 62 -96 -112 -73 -84 2 -13 -76 67 131 -63 -66 142 116 -7 53 62 -122 -69 55 -33 93 126 21 -120 -2 -26 47
37 96 16 26 -66 65 11 -85 28 65 -41 103 73 -75 -48 37 402 98 -16 -83 116 -67 -78 77 14 -20 16 -149 -115 -30 -10 -88 170 -18 -37 -35 -14 -151 119 136 131 32 -180 54 43
40 50 -31 -61 46 -27 -31 16 -3 -47 62 57 -14 -5 -19 62 98 358 61 30 74 -60 -147 -49 23 -157 53 16 -94 -24 26 -46 49 -62 -33 -19 60 -33 134 -12 43 0 -84 101 -109
-56 48 -161 -11 -110 -82 -28 -47 45 76 -46 31 72 6 -66 -96 -16 61 550 3 -87 129 37 11 -133 31 -90 85 -42 -45 8 90 -35 -157 23 11 -93 -16 -65 -113 -1 24 -86 -48 -88
-54 -40 28 -80 20 157 -77 46 164 -106 52 -113 65 119 -68 -112 -83 30 3 525 -18 -22 -66 -24 9 -47 43 47 -67 -23 -39 9 -133 0 181 98 37 -7 19 -111 52 26 80 -66 -101
128 42 76 0 19 -61 -6 -33 -98 57 3 -22 -34 -86 -144 -73 116 74 -87 -18 447 -78 -59 34 77 -165 24 -59 -63 49 16 -29 66 44 12 93 1 17 -35 26 8 119 -72 31 74
51 189 -115 63 -152 -30 19 -114 -33 89 -55 51 94 -10 -12 -84 -67 -60 129 -22 -78 468 53 56 30 58 -88 64 -6 -33 -124 42 -95 -66 -7 -50 0 40 -62 -73 -59 18 -75 -10 100
-39 20 -140 -20 -46 -60 -9 -174 -50 -73 -46 -32 -47 -122 53 2 -78 -147 37 -66 -59 53 508 -42 -171 87 23 -42 0 13 -45 121 120 -40 -37 65 -19 71 -23 -25 -128 80 20 -58 51
40 14 69 66 -145 -3 -115 44 -19 100 -67 -28 37 -28 -85 -13 77 -49 11 -24 34 56 -42 465 2 31 -6 3 -14 -49 65 53 -25 -11 104 70 -31 25 -53 13 149 -15 29 27 -39
22 10 -69 114 -1 -27 60 47 -124 1 -25 -65 -46 89 50 -76 14 23 -133 9 77 30 -171 2 422 -128 -30 100 -3 26 -30 12 -24 -78 15 -35 41 23 -16 24 76 65 49 65 50
-74 -42 -13 100 -58 26 11 36 3 87 -85 13 44 -123 -9 67 -20 -157 31 -47 -165 58 87 31 -128 417 -14 -71 51 -12 21 -4 -24 38 12 -44 -130 -59 -28 59 39 -16 38 -22 -18
-84 31 55 9 177 123 -90 26 58 -114 123 38 -192 -58 -76 131 16 53 -90 43 24 -88 23 -6 -30 -14 469 10 -111 56 -69 -32 100 44 -84 -96 -16 -78 -104 55 -32 25 116 81 -65
-68 -12 -37 -52 -24 15 -91 70 -35 -3 -83 16 -25 89 -28 -63 -149 16 85 47 -59 64 -42 3 100 -71 10 432 -70 -89 -89 -6 -123 -98 102 26 9 38 -118 -20 -9 -28 65 -2 -59
-21 -55 124 -139 161 -77 104 9 42 13 -3 -168 -136 139 67 -66 -115 -94 -42 -67 -63 -6 0 -14 -3 51 -111 -70 463 67 -2 78 -121 4 -52 19 -13 94 9 -15 8 -37 -12 15 -2
69 10 55 36 136 -94 59 -51 -7 -54 58 -32 -118 -48 34 142 -30 -24 -45 -23 49 -33 13 -49 26 -12 56 -89 67 396 16 26 18 -31 -160 -20 57 60 -21 99 6 5 55 10 -74
-74 -137 53 -14 34 -67 130 72 -12 12 -83 -112 10 -33 -29 116 -10 26 8 -39 16 -124 -45 65 -30 21 -69 -89 -2 16 500 32 80 -9 -21 21 -52 69 22 23 149 -52 -27 -27 -93
-105 -6 -71 13 16 75 68 18 101 57 22 -6 -24 -63 44 -7 -88 -46 90 9 -29 42 121 53 12 -4 -32 -6 78 26 32 419 -38 -44 -26 -33 65 116 -5 12 75 49 -9 -82 -27
-23 49 -67 0 21 -50 37 -123 -41 -58 -87 89 -42 -143 -53 53 170 49 -35 -133 66 -95 120 -25 -24 -24 100 -123 -121 18 80 -38 570 55 -201 -70 -63 -40 34 22 -21 70 14 107 69
72 -67 152 7 66 109 -98 132 40 -100 12 65 4 28 36 62 -18 -62 -157 0 44 -66 -40 -11 -78 38 44 -98 4 -31 -9 -44 55 441 19 8 46 7 -74 -50 10 -49 47 40 20
-17 -97 45 -47 -82 18 -126 95 -100 1 -16 -70 106 95 -25 -122 -37 -33 23 181 12 -7 -37 104 15 12 -84 102 -52 -160 -21 -26 -201 19 510 64 96 81 -34 -184 52 -56 -9 -101 -56
125 7 62 -70 -12 20 -25 46 -49 -93 6 -127 75 39 -103 -69 -35 -19 11 98 93 -50 65 70 -35 -44 -96 26 19 -20 21 -33 -70 8 64 488 -103 91 8 -20 -8 -74 51 -150 -61
39 72 138 -35 51 117 -15 22 -79 -78 91 -46 2 -14 60 55 -14 60 -93 37 1 0 -19 -31 41 -130 -16 9 -13 57 -52 65 -63 46 96 -103 418 17 5 -87 -76 -27 4 23 -12
24 -46 6 -53 54 -119 -31 -42 -114 -7 60 -4 -33 64 90 -33 -151 -33 -16 -7 17 40 71 25 23 -59 -78 38 94 60 69 116 -40 7 81 91 17 374 -50 -56 8 -59 12 -25 -57
-22 -61 -53 -35 -42 -30 19 8 24 51 18 -27 101 -47 31 93 119 134 -65 19 -35 -62 -23 -53 -16 -28 -104 -118 9 -21 22 -5 34 -74 -34 8 5 -50 392 89 57 3 -149 -32 -1
10 15 -12 132 47 33 -19 38 45 103 -163 47 0 -16 120 126 136 -12 -113 -111 26 -73 -25 13 24 59 55 -20 -15 99 23 12 22 -50 -184 -20 -87 -56 89 499 42 49 -91 77 -46
1 -62 24 -1 33 -2 63 23 122 10 -2 27 135 -53 -112 21 131 43 -1 52 8 -59 -128 149 76 39 -32 -9 8 6 149 75 -21 10 52 -8 -76 8 57 42 500 3 -121 -48 -46
23 22 -67 96 -48 -131 -16 -72 150 45 -82 15 5 -78 -35 -120 32 0 24 26 119 18 80 -15 65 -16 25 -28 -37 5 -52 49 70 -49 -56 -74 -27 -59 3 49 3 501 19 -30 57
-38 -22 11 125 61 64 -98 87 -59 -132 117 -56 -138 39 -31 -2 -180 -84 -86 80 -72 -75 20 29 49 38 116 65 -12 55 -27 -9 14 47 -9 51 4 12 -149 -91 -121 19 415 -4 3
61 -35 8 81 127 -61 -100 16 -95 42 -23 42 -83 -52 56 -26 54 101 -48 -66 31 -10 -58 27 65 -22 81 -2 15 10 -27 -82 107 40 -101 -150 23 -25 -32 77 -48 -30 -4 366 -51
48 0 -113 129 -108 73 49 -11 -33 18 -5 107 68 -9 -78 47 43 -109 -88 -101 74 100 51 -39 50 -18 -65 -59 -2 -74 -93 -27 69 20 -56 -61 -12 -57 -1 -46 -46 57 3 -51 426

Q_cnstr 
76 20 0 11 0 29 9 14 37 -5 22 6 3 4 7 2 -5 1 24 20 -14 17 -3 12 16 -22 3 10 -5 22 -11 22 3 -3 17 9 3 0 -8 -11 6 24 -2 3 1
20 76 2 -9 1 21 -13 10 0 1 -23 4 -22 3 -10 3 22 -8 11 -6 -2 1 -1 18 -10 22 16 -12 14 -11 -8 17 14 0 -5 7 4 -22 -3 27 0 3 6 6 5
0 2 76 -15 -21 -3 -9 -13 -10 8 2 6 -5 25 28 -5 -6 14 -9 -6 6 10 16 4 1 9 6 14 -6 -6 -21 9 17 -6 20 10 1 -3 -2 5 -12 29 9 2 8
11 -9 -15 106 17 -36 1 -8 -3 -1 1 20 10 14 -11 -9 -16 -22 7 11 10 5 0 3 10 4 5 -6 -3 0 17 -10 -1 10 -8 -2 -5 17 3 0 -1 19 1 -12 1
0 1 -21 17 118 -8 -9 1 8 -20 -8 -8 23 1 1 2 -11 -20 -4 -49 6 -3 14 -5 6 6 -12 -2 15 -1 -8 26 2 7 20 -4 -13 -3 -6 -5 0 -5 14 -20 -33
29 21 -3 -36 -8 175 -22 -14 47 -5 9 -17 -30 19 -7 23 -15 48 13 -1 -21 10 28 15 0 10 1 -17 21 2 -14 10 2 24 -10 -4 17 -3 -37 0 12 -19 -4 1 1
9 -13 -9 1 -9 -22 99 21 14 4 4 10 3 15 -27 -14 29 -17 17 1 -9 21 -13 16 6 -33 1 36 7 -2 6 -2 -38 -12 -19 8 7 6 16 -1 -8 16 -4 16 -33
14 10 -13 -8 1 -14 21 161 2 -4 -14 20 -3 -8 -46 -18 -8 -15 24 11 23 -15 29 -11 -8 -14 16 8 11 -10 -11 0 10 27 -5 -20 14 -10 -24 -3 10 11 -6 3 2
37 0 -10 -3 8 47 14 2 153 -22 12 4 -5 -30 -3 18 -5 13 23 26 -13 17 13 -13 3 -23 20 6 20 9 -10 50 4 20 -12 -1 -16 4 -21 35 -7 -23 12 24 -7
-5 1 8 -1 -20 -5 4 -4 -22 95 1 1 26 3 8 -8 -28 6 14 0 0 2 -27 12 5 15 7 -13 17 -3 -8 1 0 -24 9 -20 9 -6 -17 -17 -2 19 31 -7 27
22 -23 2 1 -8 9 4 -14 12 1 98 19 29 10 3 -10 20 19 9 14 -5 11 5 10 15 -9 2 10 -25 18 -17 10 -11 2 16 -6 2 9 8 -13 -23 20 1 -6 2
6 4 6 20 -8 -17 10 20 4 1 19 68 -2 12 -5 -5 -7 -5 14 24 -1 9 3 36 4 2 29 13 -17 13 -5 -18 12 5 7 3 -4 -5 -12 -4 -10 21 1 -8 17
3 -22 -5 10 23 -30 3 -3 -5 26 29 -2 67 -2 10 -14 -22 3 4 -26 2 3 -30 22 2 -13 0 1 -10 11 -6 0 -11 -9 8 -9 0 28 -3 -14 -1 4 26 -12 3
4 3 25 14 1 19 15 -8 -30 3 10 12 -2 97 -24 -9 1 -2 1 -53 -1 15 -3 18 14 40 0 11 -9 4 -13 -15 -14 17 13 -8 30 15 -2 -3 -11 6 5 -17 0
7 -10 28 -11 1 -7 -27 -46 -3 8 3 -5 10 -24 139 26 -33 10 7 31 -28 7 -31 2 21 -1 12 -7 -15 15 -6 12 -1 -30 -4 9 -19 11 16 -1 15 -6 11 8 23
2 3 -5 -9 2 23 -14 -18 18 -8 -10 -5 -14 -9 26 99 -25 -13 -1 17 -39 8 -10 -31 -10 47 -2 -8 10 -7 17 -12 -1 -7 -28 -1 -24 11 17 6 -1 -14 -19 14 -9
-5 22 -6 -16 -11 -15 29 -8 -5 -28 20 -7 -22 1 -33 -25 137 -18 9 -16 33 4 22 -24 16 9 -8 14 -11 -2 -8 28 -6 9 4 20 6 -47 28 25 -31 -6 -18 31 -10
1 -8 14 -22 -20 48 -17 -15 13 6 19 -5 3 -2 10 -13 -18 110 4 -24 19 4 8 3 0 -9 11 1 -7 3 -20 15 -2 3 4 -20 6 10 -14 -17 -14 8 17 -7 -1
24 11 -9 7 -4 13 17 24 23 14 9 14 4 1 7 -1 9 4 117 18 29 33 -1 2 -2 14 17 -4 38 35 -5 -11 13 7 4 -14 9 3 17 7 8 25 8 -4 1
20 -6 -6 11 -49 -1 1 11 26 0 14 24 -26 -53 31 17 -16 -24 18 200 -18 12 5 -21 -24 -49 10 -22 18 30 25 -52 0 -21 -17 9 -34 12 8 -16 -15 30 -23 28 -2
-14 -2 6 10 6 -21 -9 23 -13 0 -5 -1 2 -1 -28 -39 33 19 29 -18 120 -9 22 -32 6 -1 -13 -4 4 26 -18 -9 18 26 4 13 -5 -10 -43 -2 -7 -8 16 -10 -28
17 1 10 5 -3 10 21 -15 17 2 11 9 3 15 7 8 4 4 33 12 -9 62 9 26 -5 -13 2 8 0 6 0 9 -10 -6 -8 -13 -21 15 4 3 -7 13 -24 -13 2
-3 -1 16 0 14 28 -13 29 13 -27 5 3 -30 -3 -31 -10 22 8 -1 5 22 9 110 5 -1 18 1 22 1 -12 -20 34 29 20 17 -1 -3 -33 -3 9 -1 2 -10 -4 -1
12 18 4 3 -5 15 16 -11 -13 12 10 36 22 18 2 -31 -24 3 2 -21 -32 26 5 189 -29 4 31 18 5 -52 -26 -10 -12 -21 1 -3 16 8 -25 1 27 11 -1 -36 38
16 -10 1 10 6 0 6 -8 3 5 15 4 2 14 21 -10 16 0 -2 -24 6 -5 -1 -29 76 9 -7 16 -31 17 -10 26 19 9 13 3 6 -20 -8 -13 -5 -3 13 18 -13
-22 22 9 4 6 10 -33 -14 -23 15 -9 2 -13 40 -1 47 9 -9 14 -49 -1 -13 18 4 9 168 3 -30 13 -45 -18 16 30 -6 0 -8 15 -14 49 21 0 -6 10 -5 -10
3 16 6 5 -12 1 1 16 20 7 2 29 0 0 12 -2 -8 11 17 10 -13 2 1 31 -7 3 51 -1 6 -7 -10 14 -2 10 1 0 7 -2 -7 11 -4 10 10 1 28
10 -12 14 -6 -2 -17 36 8 6 -13 10 13 1 11 -7 -8 14 1 -4 -22 -4 8 22 18 16 -30 -1 71 -8 18 -5 -6 2 13 18 12 8 -11 12 7 10 -2 1 24 3
-5 14 -6 -3 15 21 7 11 20 17 -25 -17 -10 -9 -15 10 -11 -7 38 18 4 0 1 5 -31 13 6 -8 98 0 2 -17 -3 20 13 -25 4 1 12 31 16 9 3 25 0
22 -11 -6 0 -1 2 -2 -10 9 -3 18 13 11 4 15 -7 -2 3 35 30 26 6 -12 -52 17 -45 -7 18 0 124 7 -45 6 22 31 8 -6 3 7 -5 -1 -6 -7 18 8
-11 -8 -21 17 -8 -14 6 -11 -10 -8 -17 -5 -6 -13 -6 17 -8 -20 -5 25 -18 0 -20 -26 -10 -18 -10 -5 2 7 49 -30 -16 -7 -25 1 -7 14 4 -2 2 -5 -8 2 -5
22 17 9 -10 26 10 -2 0 50 1 10 -18 0 -15 12 -12 28 15 -11 -52 -9 9 34 -10 26 16 14 -6 -17 -45 -30 170 10 -10 18 12 -8 -7 15 25 -16 -21 18 19 3
3 14 17 -1 2 2 -38 10 4 0 -11 12 -11 -14 -1 -1 -6 -2 13 0 18 -10 29 -12 19 30 -2 2 -3 6 -16 10 76 20 26 4 -3 -27 -6 8 16 12 2 18 7
-3 0 -6 10 7 24 -12 27 20 -24 2 5 -9 17 -30 -7 9 3 7 -21 26 -6 20 -21 9 -6 10 13 20 22 -7 -10 20 93 17 -13 9 -8 -11 17 34 -15 -4 8 2
17 -5 20 -8 20 -10 -19 -5 -12 9 16 7 8 13 -4 -28 4 4 4 -17 4 -8 17 1 13 0 1 18 13 31 -25 18 26 17 86 -4 17 -25 15 -10 -6 22 14 1 27
9 7 10 -2 -4 -4 8 -20 -1 -20 -6 3 -9 -8 9 -1 20 -20 -14 9 13 -13 -1 -3 3 -8 0 12 -25 8 1 12 4 -13 -4 90 -1 4 -6 11 9 -4 -4 7 -37
3 4 1 -5 -13 17 7 14 -16 9 2 -4 0 30 -19 -24 6 6 9 -34 -5 -21 -3 16 6 15 7 8 4 -6 -7 -8 -3 9 17 -1 49 -10 3 -7 9 7 23 3 19
0 -22 -3 17 -3 -3 6 -10 4 -6 9 -5 28 15 11 11 -47 10 3 12 -10 15 -33 8 -20 -14 -2 -11 1 3 14 -7 -27 -8 -25 4 -10 86 6 10 7 -13 -1 -18 -25
-8 -3 -2 3 -6 -37 16 -24 -21 -17 8 -12 -3 -2 16 17 28 -14 17 8 -43 4 -3 -25 -8 49 -7 12 12 7 4 15 -6 -11 15 -6 3 6 168 12 12 20 -20 40 -13
-11 27 5 0 -5 0 -1 -3 35 -17 -13 -4 -14 -3 -1 6 25 -17 7 -16 -2 3 9 1 -13 21 11 7 31 -5 -2 25 8 17 -10 11 -7 10 12 89 16 -37 -7 20 3
6 0 -12 -1 0 12 -8 10 -7 -2 -23 -10 -1 -11 15 -1 -31 -14 8 -15 -7 -7 -1 27 -5 0 -4 10 16 -1 2 -16 16 34 -6 9 9 7 12 16 108 -15 4 -11 -8
24 3 29 19 -5 -19 16 11 -23 19 20 21 4 6 -6 -14 -6 8 25 30 -8 13 2 11 -3 -6 10 -2 9 -6 -5 -21 12 -15 22 -4 7 -13 20 -37 -15 112 -3 -8 -18
-2 6 9 1 14 -4 -4 -6 12 31 1 1 26 5 11 -19 -18 17 8 -23 16 -24 -10 -1 13 10 10 1 3 -7 -8 18 2 -4 14 -4 23 -1 -20 -7 4 -3 88 -8 -6
3 6 2 -12 -20 1 16 3 24 -7 -6 -8 -12 -17 8 14 31 -7 -4 28 -10 -13 -4 -36 18 -5 1 24 25 18 2 19 18 8 1 7 3 -18 40 20 -11 -8 -8 111 16
1 5 8 1 -33 1 -33 2 -7 27 2 17 3 0 23 -9 -10 -1 1 -2 -28 2 -1 38 -13 -10 28 3 0 8 -5 3 7 2 27 -37 19 -25 -13 3 -8 -18 -6 16 126

