Q_obj 
343 -69 105 50 -131 -71 -3 -62 43 29 5 -39 -54 -45 -32 73 -13 -87 25 32 22 -31 -81 -72 -37 46 -87 50 83 112
-69 305 162 54 50 21 72 28 9 -28 -3 -97 -4 9 -25 20 -139 12 92 -23 1 20 39 -16 30 -16 -43 45 -53 -17
105 162 337 112 8 20 52 -101 32 32 -22 -46 -62 -17 -19 105 -50 -35 81 51 -43 -15 36 -32 1 12 -114 -35 -41 2
50 54 112 269 11 45 11 -127 61 19 17 -79 40 10 29 -5 -32 -46 13 -30 23 16 -4 -1 -36 0 -21 -35 135 40
-131 50 8 11 356 -62 48 -35 -22 96 71 51 -91 81 -19 -46 -30 83 14 14 27 -26 44 -55 28 -14 110 -29 -46 -85
-71 21 20 45 -62 289 -35 -16 65 -10 43 -64 -12 -56 33 -62 -55 1 -47 -97 -51 53 -17 53 -94 -85 12 -40 -35 -85
-3 72 52 11 48 -35 285 -11 52 -68 105 -82 12 39 13 -31 -70 58 -90 -61 42 -44 93 -75 11 49 -11 5 54 21
-62 28 -101 -127 -35 -16 -11 342 14 -13 25 -55 28 -71 38 15 -40 -63 10 -1 -16 -35 58 -112 -60 70 9 82 -35 89
43 9 32 61 -22 65 52 14 351 -35 29 -38 24 -30 4 -47 -73 -6 -5 -55 -42 -6 109 30 1 -2 43 -74 75 66
29 -28 32 19 96 -10 -68 -13 -35 213 -11 35 -25 -44 -37 -16 18 -72 -37 98 -22 -9 -54 -73 -43 -46 -28 10 -102 24
5 -3 -22 17 71 43 105 25 29 -11 278 -43 -60 -3 7 4 -79 85 -75 -39 38 18 -36 -49 -83 43 58 -19 70 28
-39 -97 -46 -79 51 -64 -82 -55 -38 35 -43 289 -43 22 10 -5 86 70 -12 67 -7 -38 -32 12 44 16 -35 -91 -42 -110
-54 -4 -62 40 -91 -12 12 28 24 -25 -60 -43 372 12 42 -2 -2 24 25 -58 15 -15 -93 52 37 119 -102 60 16 153
-45 9 -17 10 81 -56 39 -71 -30 -44 -3 22 12 259 -54 -9 -7 39 79 -37 -18 44 -1 137 0 -89 40 -12 55 -33
-32 -25 -19 29 -19 33 13 38 4 -37 7 10 42 -54 265 -54 89 -8 38 -26 -32 -16 42 -18 26 22 32 -41 -38 -13
73 20 105 -5 -46 -62 -31 15 -47 -16 4 -5 -2 -9 -54 282 -12 -29 117 91 -48 -34 -77 -45 18 101 -82 -13 -28 21
-13 -139 -50 -32 -30 -55 -70 -40 -73 18 -79 86 -2 -7 89 -12 316 -33 -69 28 -51 -32 43 -34 -34 -20 18 -137 -58 -24
-87 12 -35 -46 83 1 58 -63 -6 -72 85 70 24 39 -8 -29 -33 283 4 -26 32 -50 -33 16 94 18 47 -36 -30 -116
25 92 81 13 14 -47 -90 10 -5 -37 -75 -12 25 79 38 117 -69 4 314 27 -19 49 -66 108 113 -5 -22 43 -39 -49
32 -23 51 -30 14 -97 -61 -1 -55 98 -39 67 -58 -37 -26 91 28 -26 27 321 -43 -19 20 -95 37 6 -106 -87 -98 -9
22 1 -43 23 27 -51 42 -16 -42 -22 38 -7 15 -18 -32 -48 -51 32 -19 -43 155 28 -35 11 46 93 -38 57 103 36
-31 20 -15 16 -26 53 -44 -35 -6 -9 18 -38 -15 44 -16 -34 -32 -50 49 -19 28 239 -58 175 -77 -21 26 4 44 14
-81 39 36 -4 44 -17 93 58 109 -54 -36 -32 -93 -1 42 -77 43 -33 -66 20 -35 -58 285 -56 13 -25 88 -101 17 -31
-72 -16 -32 -1 -55 53 -75 -112 30 -73 -49 12 52 137 -18 -45 -34 16 108 -95 11 175 -56 401 58 -100 44 -18 114 -29
-37 30 1 -36 28 -94 11 -60 1 -43 -83 44 37 0 26 18 -34 94 113 37 46 -77 13 58 316 4 -26 1 -82 -25
46 -16 12 0 -14 -85 49 70 -2 -46 43 16 119 -89 22 101 -20 18 -5 6 93 -21 -25 -100 4 323 -36 14 54 126
-87 -43 -114 -21 110 12 -11 9 43 -28 58 -35 -102 40 32 -82 18 47 -22 -106 -38 26 88 44 -26 -36 376 -12 22 -65
50 45 -35 -35 -29 -40 5 82 -74 10 -19 -91 60 -12 -41 -13 -137 -36 43 -87 57 4 -101 -18 1 14 -12 288 -9 104
83 -53 -41 135 -46 -35 54 -35 75 -102 70 -42 16 55 -38 -28 -58 -30 -39 -98 103 44 17 114 -82 54 22 -9 386 57
112 -17 2 40 -85 -85 21 89 66 24 28 -110 153 -33 -13 21 -24 -116 -49 -9 36 14 -31 -29 -25 126 -65 104 57 307

Q_cnstr 
185 36 -80 -7 -12 -4 -33 60 -35 -35 39 -4 44 38 -37 10 -11 -34 -26 -26 -79 -7 -11 28 -1 1 -13 -21 12 -2
36 286 -10 -7 -2 -37 -1 -9 57 -8 36 12 32 -5 6 27 37 34 -27 26 18 -61 62 39 -29 -29 31 46 -8 -15
-80 -10 162 -29 -3 0 -12 -50 44 29 -17 -6 -24 -3 10 -7 7 3 -14 -37 31 3 79 17 -13 10 1 16 -20 -25
-7 -7 -29 129 16 13 9 25 -13 -28 24 36 4 -3 -20 21 -12 50 0 -28 -19 1 -11 16 -15 -18 44 4 56 5
-12 -2 -3 16 166 20 37 -16 -4 -3 18 18 -11 -27 15 7 -7 -31 7 -27 -10 -29 9 15 3 -56 3 -2 15 0
-4 -37 0 13 20 83 -58 -17 -16 1 -63 5 -3 -28 -2 -5 0 14 -26 -9 -4 -19 19 -34 0 -31 -7 -30 13 45
-33 -1 -12 9 37 -58 213 46 56 24 7 -3 -19 12 40 11 -2 -11 22 41 -6 -5 -15 52 8 37 16 41 21 -38
60 -9 -50 25 -16 -17 46 139 27 -21 21 9 2 21 -35 10 -16 3 -30 21 -18 4 -7 20 -16 13 14 35 19 -3
-35 57 44 -13 -4 -16 56 27 200 33 -10 20 30 -5 41 1 53 65 -18 50 -5 -38 25 56 -74 33 26 33 -21 32
-35 -8 29 -28 -3 1 24 -21 33 100 -36 -15 -16 30 12 -10 36 25 -12 25 15 -1 15 -26 12 5 37 4 -32 0
39 36 -17 24 18 -63 7 21 -10 -36 207 2 22 -15 -29 27 -13 -27 25 -17 -73 -15 -3 17 -9 12 32 8 10 -40
-4 12 -6 36 18 5 -3 9 20 -15 2 48 21 2 45 -2 10 24 8 -16 -9 -15 15 1 -5 -8 16 6 23 15
44 32 -24 4 -11 -3 -19 2 30 -16 22 21 64 -3 20 -4 3 5 12 3 -35 -8 -2 -16 -9 13 -7 2 -4 6
38 -5 -3 -3 -27 -28 12 21 -5 30 -15 2 -3 101 24 -7 7 35 -11 -26 -13 7 -12 15 22 -10 -1 10 -17 -17
-37 6 10 -20 15 -2 40 -35 41 12 -29 45 20 24 169 0 39 71 41 9 -3 -8 16 -10 7 0 -9 -25 -1 16
10 27 -7 21 7 -5 11 10 1 -10 27 -2 -4 -7 0 57 -8 25 11 14 -2 -18 -29 11 -14 -17 29 -15 4 -25
-11 37 7 -12 -7 0 -2 -16 53 36 -13 10 3 7 39 -8 73 49 -3 9 13 -15 25 19 -15 28 10 -1 -20 22
-34 34 3 50 -31 14 -11 3 65 25 -27 24 5 35 71 25 49 247 -29 65 29 -31 21 -12 -28 6 -14 -25 -28 18
-26 -27 -14 0 7 -26 22 -30 -18 -12 25 8 12 -11 41 11 -3 -29 93 11 28 7 -62 22 27 18 -11 2 25 11
-26 26 -37 -28 -27 -9 41 21 50 25 -17 -16 3 -26 9 14 9 65 11 154 52 -16 -23 -9 5 24 -2 -15 -8 45
-79 18 31 -19 -10 -4 -6 -18 -5 15 -73 -9 -35 -13 -3 -2 13 29 28 52 243 6 -27 -11 57 -5 -42 58 -16 23
-7 -61 3 1 -29 -19 -5 4 -38 -1 -15 -15 -8 7 -8 -18 -15 -31 7 -16 6 91 -5 -14 3 19 1 -8 -11 -28
-11 62 79 -11 9 19 -15 -7 25 15 -3 15 -2 -12 16 -29 25 21 -62 -23 -27 -5 193 -12 -18 4 11 1 -9 33
28 39 17 16 15 -34 52 20 56 -26 17 1 -16 15 -10 11 19 -12 22 -9 -11 -14 -12 171 -30 24 15 13 77 29
-1 -29 -13 -15 3 0 8 -16 -74 12 -9 -5 -9 22 7 -14 -15 -28 27 5 57 3 -18 -30 100 -22 -31 10 -4 -7
1 -29 10 -18 -56 -31 37 13 33 5 12 -8 13 -10 0 -17 28 6 18 24 -5 19 4 24 -22 128 -12 5 6 -12
-13 31 1 44 3 -7 16 14 26 37 32 16 -7 -1 -9 29 10 -14 -11 -2 -42 1 11 15 -31 -12 140 -5 45 -5
-21 46 16 4 -2 -30 41 35 33 4 8 6 2 10 -25 -15 -1 -25 2 -15 58 -8 1 13 10 5 -5 101 -7 -9
12 -8 -20 56 15 13 21 19 -21 -32 10 23 -4 -17 -1 4 -20 -28 25 -8 -16 -11 -9 77 -4 6 45 -7 124 46
-2 -15 -25 5 0 45 -38 -3 32 0 -40 15 6 -17 16 -25 22 18 11 45 23 -28 33 29 -7 -12 -5 -9 46 174

