Q_obj 
256 -5 39 -3 31 15 9 -41 29 18 60 -11 48 -14 -9 34 12 29 66 -7 -23 27 18 18 4 13 -66 13 -5 14
-5 305 -34 -55 92 -50 7 130 -27 22 -104 9 -133 15 -18 91 29 -81 -116 -5 -54 63 -67 29 -42 -4 106 -37 96 -37
39 -34 241 -6 -4 45 11 -20 62 -12 -27 17 56 -86 73 -103 4 78 -35 -68 -2 34 0 -51 -58 -9 25 54 -61 27
-3 -55 -6 308 -42 20 98 0 48 -30 -1 77 56 -68 -23 15 73 -29 17 17 -20 -4 -9 -11 -126 -121 -33 -59 14 74
31 92 -4 -42 396 34 51 -67 -35 -5 0 -102 -108 98 33 128 -22 -84 42 -22 48 99 -110 -121 -48 72 9 -54 51 -44
15 -50 45 20 34 327 -22 -91 192 47 61 -78 9 -53 68 79 -5 -47 -57 7 -28 131 -34 -52 -50 28 -40 -45 -29 17
9 7 11 98 51 -22 354 44 75 -38 -12 90 51 -42 3 7 23 -26 -42 -96 -54 94 54 9 -25 73 2 -31 1 79
-41 130 -20 0 -67 -91 44 276 -27 -11 -80 111 -59 -8 -88 1 96 20 -52 29 -84 -18 4 6 30 -40 16 19 85 45
29 -27 62 48 -35 192 75 -27 350 -17 31 -16 47 -84 7 57 33 -19 -144 -107 -35 169 47 -110 -5 -34 -85 -145 -38 96
18 22 -12 -30 -5 47 -38 -11 -17 222 11 -61 -24 -45 -70 25 25 -88 -5 38 20 51 -50 -2 36 -16 57 -37 23 -74
60 -104 -27 -1 0 61 -12 -80 31 11 297 -56 65 -39 13 19 -30 -15 15 -9 31 74 57 -8 45 -55 7 -66 10 5
-11 9 17 77 -102 -78 90 111 -16 -61 -56 238 53 -99 38 -22 140 57 -22 -34 -58 13 69 88 -99 -14 -25 24 -21 29
48 -133 56 56 -108 9 51 -59 47 -24 65 53 328 -77 69 -67 -34 60 36 2 -29 45 -8 91 -67 -62 -24 -41 -85 54
-14 15 -86 -68 98 -53 -42 -8 -84 -45 -39 -99 -77 359 -20 28 -71 -70 74 88 5 -83 -104 -24 37 68 -27 -21 51 -21
-9 -18 73 -23 33 68 3 -88 7 -70 13 38 69 -20 334 -32 30 117 -27 -65 -50 22 -8 -61 -71 70 29 66 -54 -2
34 91 -103 15 128 79 7 1 57 25 19 -22 -67 28 -32 321 -3 -139 -8 -13 61 138 -26 18 -95 64 -24 -72 70 39
12 29 4 73 -22 -5 23 96 33 25 -30 140 -34 -71 30 -3 225 29 -9 -16 -42 29 15 -29 -84 -71 -46 -67 5 -30
29 -81 78 -29 -84 -47 -26 20 -19 -88 -15 57 60 -70 117 -139 29 302 50 -48 51 -114 32 -36 59 -14 -35 137 -82 8
66 -116 -35 17 42 -57 -42 -52 -144 -5 15 -22 36 74 -27 -8 -9 50 324 23 76 -141 -100 69 -37 1 -32 102 -46 -60
-7 -5 -68 17 -22 7 -96 29 -107 38 -9 -34 2 88 -65 -13 -16 -48 23 285 -13 -47 -85 4 45 -95 -28 13 -2 -44
-23 -54 -2 -20 48 -28 -54 -84 -35 20 31 -58 -29 5 -50 61 -42 51 76 -13 298 -13 -39 -11 -30 13 18 67 -132 -17
27 63 34 -4 99 131 94 -18 169 51 74 13 45 -83 22 138 29 -114 -141 -47 -13 311 -26 -16 -79 -1 -49 -156 34 -29
18 -67 0 -9 -110 -34 54 4 47 -50 57 69 -8 -104 -8 -26 15 32 -100 -85 -39 -26 320 11 74 118 -22 7 -24 138
18 29 -51 -11 -121 -52 9 6 -110 -2 -8 88 91 -24 -61 18 -29 -36 69 4 -11 -16 11 371 -50 22 19 19 -37 -30
4 -42 -58 -126 -48 -50 -25 30 -5 36 45 -99 -67 37 -71 -95 -84 59 -37 45 -30 -79 74 -50 336 33 3 59 -1 -23
13 -4 -9 -121 72 28 73 -40 -34 -16 -55 -14 -62 68 70 64 -71 -14 1 -95 13 -1 118 22 33 372 -22 129 -52 26
-66 106 25 -33 9 -40 2 16 -85 57 7 -25 -24 -27 29 -24 -46 -35 -32 -28 18 -49 -22 19 3 -22 258 14 16 7
13 -37 54 -59 -54 -45 -31 19 -145 -37 -66 24 -41 -21 66 -72 -67 137 102 13 67 -156 7 19 59 129 14 335 -104 -6
-5 96 -61 14 51 -29 1 85 -38 23 10 -21 -85 51 -54 70 5 -82 -46 -2 -132 34 -24 -37 -1 -52 16 -104 232 -18
14 -37 27 74 -44 17 79 45 96 -74 5 29 54 -21 -2 39 -30 8 -60 -44 -17 -29 138 -30 -23 26 7 -6 -18 251

Q_cnstr 
73 -18 -1 17 -7 12 1 9 -26 -24 25 -2 1 47 -2 -37 17 -1 -10 -8 22 7 -5 -5 3 -7 -8 12 -6 7
-18 86 24 5 -8 31 12 -11 9 24 -20 -15 -6 -20 13 -9 36 -14 32 17 -4 16 4 20 -14 6 5 -3 -11 -3
-1 24 97 28 2 19 37 -11 -12 -23 -34 -8 -11 2 15 -9 25 -3 19 8 -8 30 -6 -10 -21 -10 12 -16 -13 -18
17 5 28 67 -8 22 -2 -20 -5 -2 -17 -22 1 30 16 -25 26 10 27 1 -11 18 0 -9 2 22 9 13 -12 -43
-7 -8 2 -8 78 12 -8 15 -11 31 0 -4 -28 -27 -18 11 -19 7 7 -22 4 2 0 1 20 -15 -36 -22 -9 0
12 31 19 22 12 111 0 29 8 22 -30 -15 -14 21 -18 -3 17 11 45 22 10 10 12 -22 -12 16 -20 -3 -19 0
1 12 37 -2 -8 0 98 -24 -24 -34 -23 -10 -6 -13 7 14 -10 -35 -15 1 27 20 13 17 -19 -23 15 7 26 18
9 -11 -11 -20 15 29 -24 186 1 -18 13 27 -18 -34 -10 -4 -9 -7 84 -5 19 8 30 -2 -26 -1 -39 -10 -18 34
-26 9 -12 -5 -11 8 -24 1 122 -14 -41 14 0 -4 4 5 11 -21 22 17 5 -36 -24 3 -15 -8 16 -6 -33 -7
-24 24 -23 -2 31 22 -34 -18 -14 226 -30 -15 -6 13 -14 32 -23 15 44 32 -25 -19 19 1 1 -13 -50 -27 -35 -26
25 -20 -34 -17 0 -30 -23 13 -41 -30 127 -5 2 7 6 -7 32 -14 -14 -30 15 9 27 11 -9 30 0 19 2 -4
-2 -15 -8 -22 -4 -15 -10 27 14 -15 -5 75 -7 20 14 -1 -15 -22 13 1 7 -13 5 -6 -7 -16 4 0 -2 38
1 -6 -11 1 -28 -14 -6 -18 0 -6 2 -7 69 9 15 2 -2 11 -2 1 -13 -11 -1 -23 -4 -4 5 10 25 0
47 -20 2 30 -27 21 -13 -34 -4 13 7 20 9 199 31 -21 -13 -13 6 28 18 27 21 -23 -26 29 -30 8 3 32
-2 13 15 16 -18 -18 7 -10 4 -14 6 14 15 31 61 -22 5 -9 35 -11 -14 4 28 -1 -13 8 4 7 10 2
-37 -9 -9 -25 11 -3 14 -4 5 32 -7 -1 2 -21 -22 74 -34 -2 -3 15 30 -1 -4 -4 -13 -11 -2 -5 3 24
17 36 25 26 -19 17 -10 -9 11 -23 32 -15 -2 -13 5 -34 138 -19 22 -4 -17 21 -17 12 8 -6 27 23 -39 -33
-1 -14 -3 10 7 11 -35 -7 -21 15 -14 -22 11 -13 -9 -2 -19 161 8 -24 -13 42 -9 -14 17 13 -9 -7 1 4
-10 32 19 27 7 45 -15 84 22 44 -14 13 -2 6 35 -3 22 8 141 21 7 10 29 -17 -8 23 -31 2 -39 25
-8 17 8 1 -22 22 1 -5 17 32 -30 1 1 28 -11 15 -4 -24 21 66 2 -10 -13 -14 -3 16 -14 0 -11 32
22 -4 -8 -11 4 10 27 19 5 -25 15 7 -13 18 -14 30 -17 -13 7 2 104 6 -11 3 -27 -15 2 -1 -2 48
7 16 30 18 2 10 20 8 -36 -19 9 -13 -11 27 4 -1 21 42 10 -10 6 104 4 0 -33 16 2 8 -8 12
-5 4 -6 0 0 12 13 30 -24 19 27 5 -1 21 28 -4 -17 -9 29 -13 -11 4 108 1 -24 -9 -9 0 0 -17
-5 20 -10 -9 1 -22 17 -2 3 1 11 -6 -23 -23 -1 -4 12 -14 -17 -14 3 0 1 60 -2 -9 3 5 10 -6
3 -14 -21 2 20 -12 -19 -26 -15 1 -9 -7 -4 -26 -13 -13 8 17 -8 -3 -27 -33 -24 -2 100 9 -20 6 3 5
-7 6 -10 22 -15 16 -23 -1 -8 -13 30 -16 -4 29 8 -11 -6 13 23 16 -15 16 -9 -9 9 97 -12 10 1 2
-8 5 12 9 -36 -20 15 -39 16 -50 0 4 5 -30 4 -2 27 -9 -31 -14 2 2 -9 3 -20 -12 113 14 -16 -47
12 -3 -16 13 -22 -3 7 -10 -6 -27 19 0 10 8 7 -5 23 -7 2 0 -1 8 0 5 6 10 14 35 8 11
-6 -11 -13 -12 -9 -19 26 -18 -33 -35 2 -2 25 3 10 3 -39 1 -39 -11 -2 -8 0 10 3 1 -16 8 69 27
7 -3 -18 -43 0 0 18 34 -7 -26 -4 38 0 32 2 24 -33 4 25 32 48 12 -17 -6 5 2 -47 11 27 148

