Q_obj 
118 13 -19 -24 -51 14 -24 69 -17 -56 -41 4 85 -25 -12 -14 7
13 167 1 -23 -23 25 23 6 -19 -24 0 27 -3 23 23 -40 34
-19 1 60 -2 47 18 38 -35 -41 -12 6 2 -22 -1 -17 -4 -28
-24 -23 -2 121 13 -4 38 -9 4 15 -28 17 27 11 50 -7 9
-51 -23 47 13 179 40 46 -42 -42 30 43 57 -107 -5 -3 7 -53
14 25 18 -4 40 119 31 5 14 -15 49 33 -6 -43 -6 -16 -17
-24 23 38 38 46 31 168 -43 -42 -12 11 -10 -27 -23 44 -64 -40
69 6 -35 -9 -42 5 -43 182 57 -38 -8 50 48 51 -11 -17 -3
-17 -19 -41 4 -42 14 -42 57 131 -2 53 -9 -13 -7 15 30 30
-56 -24 -12 15 30 -15 -12 -38 -2 160 -16 -41 -18 29 12 66 -12
-41 0 6 -28 43 49 11 -8 53 -16 183 -62 -123 -14 -28 -12 47
4 27 2 17 57 33 -10 50 -9 -41 -62 171 4 26 19 -3 -76
85 -3 -22 27 -107 -6 -27 48 -13 -18 -123 4 179 -7 -8 -9 3
-25 23 -1 11 -5 -43 -23 51 -7 29 -14 26 -7 172 1 -45 -7
-12 23 -17 50 -3 -6 44 -11 15 12 -28 19 -8 1 141 -42 15
-14 -40 -4 -7 7 -16 -64 -17 30 66 -12 -3 -9 -45 -42 137 -24
7 34 -28 9 -53 -17 -40 -3 30 -12 47 -76 3 -7 15 -24 102

Q_cnstr 
137 12 -28 -10 -22 -27 -24 -28 -35 -6 17 14 -6 4 60 3 18
12 80 -2 -31 -1 18 23 14 15 27 -7 8 -3 -1 -15 8 24
-28 -2 71 15 14 -17 -15 8 3 -4 -5 8 -3 -16 11 -13 24
-10 -31 15 53 7 -16 -15 11 -25 -4 4 13 -2 -19 10 17 -5
-22 -1 14 7 46 -17 2 9 -32 4 -10 -7 -4 9 9 13 -4
-27 18 -17 -16 -17 66 -3 15 14 6 -16 12 18 -7 -44 -25 -12
-24 23 -15 -15 2 -3 89 -1 75 19 8 -42 12 7 -8 46 2
-28 14 8 11 9 15 -1 45 0 8 -27 16 5 -26 -17 10 1
-35 15 3 -25 -32 14 75 0 148 3 7 -48 28 12 -12 -11 18
-6 27 -4 -4 4 6 19 8 3 21 -8 5 9 -2 -13 31 -4
17 -7 -5 4 -10 -16 8 -27 7 -8 58 -8 -36 26 30 -2 -7
14 8 8 13 -7 12 -42 16 -48 5 -8 58 -10 -15 -25 -6 6
-6 -3 -3 -2 -4 18 12 5 28 9 -36 -10 102 -8 12 13 1
4 -1 -16 -19 9 -7 7 -26 12 -2 26 -15 -8 68 6 -12 -5
60 -15 11 10 9 -44 -8 -17 -12 -13 30 -25 12 6 111 20 1
3 8 -13 17 13 -25 46 10 -11 31 -2 -6 13 -12 20 105 -26
18 24 24 -5 -4 -12 2 1 18 -4 -7 6 1 -5 1 -26 50

