Q_obj 
61 -49 -14 46 17 27 14 -49 -62 -32
-49 99 9 -28 -8 -21 -26 72 52 18
-14 9 42 -29 6 -7 7 10 -6 -4
46 -28 -29 75 -13 15 1 -31 -61 -20
17 -8 6 -13 53 13 9 16 -13 2
27 -21 -7 15 13 63 0 -37 -29 -4
14 -26 7 1 9 0 61 -32 -37 -52
-49 72 10 -31 16 -37 -32 117 29 30
-62 52 -6 -61 -13 -29 -37 29 144 41
-32 18 -4 -20 2 -4 -52 30 41 112

Q_cnstr 
81 -27 -24 9 -11 51 18 2 -14 -36
-27 104 11 -31 -25 -10 21 -3 -2 11
-24 11 31 -6 -15 -27 12 -4 15 9
9 -31 -6 25 16 5 -1 -14 -1 0
-11 -25 -15 16 70 20 -31 -3 1 -3
51 -10 -27 5 20 81 -8 7 -13 -29
18 21 12 -1 -31 -8 83 4 9 6
2 -3 -4 -14 -3 7 4 31 -5 3
-14 -2 15 -1 1 -13 9 -5 18 3
-36 11 9 0 -3 -29 6 3 3 47

