Q_obj 
329 -51 36 55 26 41 -62 97 3 -28 -100 31 -46 -5 -25 -14 -81 92 91 -38 28 -14 -65 41 -37 37 -49 -29 -44 26 -18 5 -111 13 4
-51 471 -50 -2 33 15 -69 135 -45 54 53 56 89 17 -28 0 43 38 -9 80 -28 64 -108 -71 -5 -149 22 -168 37 16 98 -69 6 7 -6
36 -50 416 -117 94 44 33 55 -78 -85 -57 -45 14 85 141 134 58 72 57 -94 81 -102 14 11 -39 115 55 -133 -19 -9 47 4 -25 7 -41
55 -2 -117 427 -14 103 19 -69 112 129 -46 75 50 24 -70 -21 -74 13 10 -87 -7 42 -67 8 4 -2 -41 164 -25 -18 -94 27 -68 -2 -107
26 33 94 -14 283 16 5 12 -13 25 -13 -12 19 32 20 37 62 45 -12 -29 4 -98 53 -29 -8 -2 -18 -50 -73 -6 60 -90 -36 -1 -100
41 15 44 103 16 406 6 46 63 5 -94 15 -20 82 -8 -1 -31 -51 77 -68 -97 -85 -82 -11 94 63 34 62 45 57 47 77 18 -14 -103
-62 -69 33 19 5 6 378 14 -1 -68 34 -28 36 13 16 97 36 -30 -85 -58 -50 12 70 -11 96 49 -51 -11 -61 -73 41 2 -119 -19 66
97 135 55 -69 12 46 14 359 -63 -60 13 8 -22 -64 -78 12 19 38 88 44 -64 2 -119 -100 44 -75 -14 -133 2 34 -28 -26 -39 -21 6
3 -45 -78 112 -13 63 -1 -63 320 78 30 -77 72 20 -43 61 25 36 28 -101 9 -34 -10 37 -4 -46 -6 94 -91 -7 -35 50 -17 6 -76
-28 54 -85 129 25 5 -68 -60 78 453 7 153 37 13 49 112 -14 -85 -39 37 -38 25 14 -27 -60 49 54 -4 25 133 -54 -2 87 -36 -37
-100 53 -57 -46 -13 -94 34 13 30 7 250 7 -14 -86 -18 12 67 -42 -57 -30 1 -4 51 -60 -33 -47 -6 -78 -60 -28 30 -25 38 -53 -20
31 56 -45 75 -12 15 -28 8 -77 153 7 370 -11 -46 -16 -2 -42 -6 32 67 44 53 2 22 -24 49 42 -60 -3 49 -42 -106 1 15 -31
-46 89 14 50 19 -20 36 -22 72 37 -14 -11 370 55 31 -25 115 19 71 -108 138 21 -85 94 -76 -23 20 -19 13 -49 9 -131 87 -7 -42
-5 17 85 24 32 82 13 -64 20 13 -86 -46 55 315 72 -1 27 41 -48 -64 66 -21 57 52 58 31 -14 51 -76 -21 154 22 -58 14 -52
-25 -28 141 -70 20 -8 16 -78 -43 49 -18 -16 31 72 408 98 52 6 27 10 59 4 36 -32 -22 -64 108 38 56 -17 3 -8 35 -193 -31
-14 0 134 -21 37 -1 97 12 61 112 12 -2 -25 -1 98 346 85 -28 -72 36 -46 -1 95 -81 -5 50 -33 -72 19 54 -21 -12 -17 -26 -1
-81 43 58 -74 62 -31 36 19 25 -14 67 -42 115 27 52 85 366 -54 43 4 117 59 62 23 31 -25 -20 -10 -4 -5 117 -82 14 -81 -29
92 38 72 13 45 -51 -30 38 36 -85 -42 -6 19 41 6 -28 -54 355 -11 -91 125 -63 -93 -110 -95 33 17 -33 -135 -77 -16 58 -74 71 33
91 -9 57 10 -12 77 -85 88 28 -39 -57 32 71 -48 27 -72 43 -11 346 -11 71 38 -101 71 47 -35 56 23 -10 -7 -41 -37 64 19 -32
-38 80 -94 -87 -29 -68 -58 44 -101 37 -30 67 -108 -64 10 36 4 -91 -11 281 -128 86 101 -43 6 -108 11 -65 164 127 21 -13 49 -5 37
28 -28 81 -7 4 -97 -50 -64 9 -38 1 44 138 66 59 -46 117 125 71 -128 351 28 -88 51 -72 70 54 35 -122 -70 37 -44 -1 -17 68
-14 64 -102 42 -98 -85 12 2 -34 25 -4 53 21 -21 4 -1 59 -63 38 86 28 306 -35 27 89 -13 -69 -7 73 32 7 -80 -91 -101 66
-65 -108 14 -67 53 -82 70 -119 -10 14 51 2 -85 57 36 95 62 -93 -101 101 -88 -35 368 30 42 -47 -52 0 47 -33 59 26 26 -11 -15
41 -71 11 8 -29 -11 -11 -100 37 -27 -60 22 94 52 -32 -81 23 -110 71 -43 51 27 30 301 39 -41 -10 87 -15 -24 50 -10 -26 62 16
-37 -5 -39 4 -8 94 96 44 -4 -60 -33 -24 -76 58 -22 -5 31 -95 47 6 -72 89 42 39 430 -49 -47 115 -9 -71 26 46 -115 -82 15
37 -149 115 -2 -2 63 49 -75 -46 49 -47 49 -23 31 -64 50 -25 33 -35 -108 70 -13 -47 -41 -49 396 -43 -72 -56 78 3 6 -56 91 -3
-49 22 55 -41 -18 34 -51 -14 -6 54 -6 42 20 -14 108 -33 -20 17 56 11 54 -69 -52 -10 -47 -43 254 41 46 13 -51 74 81 31 47
-29 -168 -133 164 -50 62 -11 -133 94 -4 -78 -60 -19 51 38 -72 -10 -33 23 -65 35 -7 0 87 115 -72 41 396 -39 -93 -92 92 -40 0 -13
-44 37 -19 -25 -73 45 -61 2 -91 25 -60 -3 13 -76 56 19 -4 -135 -10 164 -122 73 47 -15 -9 -56 46 -39 313 71 -50 15 119 -94 3
26 16 -9 -18 -6 57 -73 34 -7 133 -28 49 -49 -21 -17 54 -5 -77 -7 127 -70 32 -33 -24 -71 78 13 -93 71 329 9 6 -24 16 -67
-18 98 47 -94 60 47 41 -28 -35 -54 30 -42 9 154 3 -21 117 -16 -41 21 37 7 59 50 26 3 -51 -92 -50 9 340 4 4 -43 18
5 -69 4 27 -90 77 2 -26 50 -2 -25 -106 -131 22 -8 -12 -82 58 -37 -13 -44 -80 26 -10 46 6 74 92 15 6 4 331 23 41 133
-111 6 -25 -68 -36 18 -119 -39 -17 87 38 1 87 -58 35 -17 14 -74 64 49 -1 -91 26 -26 -115 -56 81 -40 119 -24 4 23 333 -25 44
13 7 7 -2 -1 -14 -19 -21 6 -36 -53 15 -7 14 -193 -26 -81 71 19 -5 -17 -101 -11 62 -82 91 31 0 -94 16 -43 41 -25 364 48
4 -6 -41 -107 -100 -103 66 6 -76 -37 -20 -31 -42 -52 -31 -1 -29 33 -32 37 68 66 -15 16 15 -3 47 -13 3 -67 18 133 44 48 343

Q_cnstr 
113 24 29 1 -24 5 -10 -14 13 15 -2 -19 23 44 1 22 -13 -23 21 12 16 12 -25 -25 -22 -5 25 -37 -48 -12 -12 -11 -14 -1 -10
24 141 29 -6 32 -7 20 12 25 6 4 50 -1 -14 33 23 27 -2 -1 8 31 11 2 43 11 -12 11 23 -14 -24 28 5 12 52 48
29 29 166 62 20 -24 38 -13 27 29 38 27 0 -26 5 -26 30 15 -2 -20 -27 25 -3 12 -21 -28 -11 42 14 -23 44 9 -21 8 7
1 -6 62 135 -3 -19 48 13 12 12 41 14 3 -20 2 -32 31 31 -40 -23 -16 7 44 5 3 -28 -24 19 9 -18 3 23 -4 -7 3
-24 32 20 -3 123 -20 17 14 9 -5 2 -9 -19 -17 4 14 28 32 5 -14 9 -22 13 25 -26 6 -2 7 -10 -22 34 2 17 18 19
5 -7 -24 -19 -20 117 -28 22 0 -33 4 -4 -4 10 21 36 -1 -17 -28 10 4 -38 -8 -22 19 -13 -2 -25 -46 -17 -6 -26 5 -5 -19
-10 20 38 48 17 -28 84 6 14 11 5 43 6 -28 28 -14 10 19 12 19 8 -10 9 11 31 1 -14 34 18 -15 17 19 21 3 12
-14 12 -13 13 14 22 6 132 -4 8 31 3 17 -27 -10 -23 2 6 -28 8 -6 -48 18 -36 24 15 -41 42 -5 13 45 -8 13 -36 15
13 25 27 12 9 0 14 -4 60 17 -2 -1 -9 4 42 -9 -3 4 -3 -18 -28 24 12 -4 42 -21 -6 32 -8 2 -1 -10 -20 22 -8
15 6 29 12 -5 -33 11 8 17 108 8 25 -4 -19 -8 15 -3 -7 -13 -6 -8 53 4 0 -22 14 8 38 27 17 -9 -7 14 10 17
-2 4 38 41 2 4 5 31 -2 8 64 19 3 -19 -4 -10 22 21 -35 -12 -8 -22 20 9 0 -16 -11 14 13 -39 7 10 -11 -39 13
-19 50 27 14 -9 -4 43 3 -1 25 19 233 -14 -31 28 52 23 29 49 36 -5 -2 44 48 35 0 -7 67 23 -33 -3 13 -6 26 56
23 -1 0 3 -19 -4 6 17 -9 -4 3 -14 84 5 -37 -16 -6 -23 -9 -8 -8 -26 8 -18 9 15 1 -19 14 -28 -2 -32 -4 -7 -46
44 -14 -26 -20 -17 10 -28 -27 4 -19 -19 -31 5 166 17 25 -2 4 9 -63 30 29 -9 -14 26 -21 22 -39 -44 -47 -25 5 -52 -20 -2
1 33 5 2 4 21 28 -10 42 -8 -4 28 -37 17 148 20 -1 15 12 8 7 -34 -25 -1 74 -19 -19 19 -7 -37 5 -12 -3 18 11
22 23 -26 -32 14 36 -14 -23 -9 15 -10 52 -16 25 20 164 -2 0 22 6 13 24 -38 7 -19 -16 27 -25 -36 -44 -28 -8 -3 2 22
-13 27 30 31 28 -1 10 2 -3 -3 22 23 -6 -2 -1 -2 145 35 -15 -42 54 -26 47 33 3 -4 -2 -9 5 -49 15 4 28 -13 14
-23 -2 15 31 32 -17 19 6 4 -7 21 29 -23 4 15 0 35 86 -14 -20 6 -23 24 28 16 1 -14 21 1 -21 9 40 -4 -23 12
21 -1 -2 -40 5 -28 12 -28 -3 -13 -35 49 -9 9 12 22 -15 -14 124 39 12 -1 -13 -35 24 13 14 3 -28 8 14 4 -15 1 -12
12 8 -20 -23 -14 10 19 8 -18 -6 -12 36 -8 -63 8 6 -42 -20 39 133 -4 -27 -30 -3 -26 44 -16 2 -17 46 -2 -21 60 26 1
16 31 -27 -16 9 4 8 -6 -28 -8 -8 -5 -8 30 7 13 54 6 12 -4 119 -25 -35 8 -12 19 21 -22 -14 -16 1 10 14 -6 35
12 11 25 7 -22 -38 -10 -48 24 53 -22 -2 -26 29 -34 24 -26 -23 -1 -27 -25 206 -17 9 -26 -21 26 48 5 34 -17 17 -15 56 1
-25 2 -3 44 13 -8 9 18 12 4 20 44 8 -9 -25 -38 47 24 -13 -30 -35 -17 128 1 35 -7 -19 21 -23 -41 -3 29 1 -8 7
-25 43 12 5 25 -22 11 -36 -4 0 9 48 -18 -14 -1 7 33 28 -35 -3 8 9 1 108 -35 10 19 -8 57 -22 -4 20 27 24 49
-22 11 -21 3 -26 19 31 24 42 -22 0 35 9 26 74 -19 3 16 24 -26 -12 -26 35 -35 209 -34 -16 74 -2 -71 -6 -4 -32 -18 -35
-5 -12 -28 -28 6 -13 1 15 -21 14 -16 0 15 -21 -19 -16 -4 1 13 44 19 -21 -7 10 -34 81 2 -8 10 6 17 -10 42 8 3
25 11 -11 -24 -2 -2 -14 -41 -6 8 -11 -7 1 22 -19 27 -2 -14 14 -16 21 26 -19 19 -16 2 52 -30 13 -20 -12 14 -9 11 -4
-37 23 42 19 7 -25 34 42 32 38 14 67 -19 -39 19 -25 -9 21 3 2 -22 48 21 -8 74 -8 -30 140 18 -4 18 14 -13 31 17
-48 -14 14 9 -10 -46 18 -5 -8 27 13 23 14 -44 -7 -36 5 1 -28 -17 -14 5 -23 57 -2 10 13 18 132 11 3 -6 8 2 -1
-12 -24 -23 -18 -22 -17 -15 13 2 17 -39 -33 -28 -47 -37 -44 -49 -21 8 46 -16 34 -41 -22 -71 6 -20 -4 11 206 -5 -19 5 44 -2
-12 28 44 3 34 -6 17 45 -1 -9 7 -3 -2 -25 5 -28 15 9 14 -2 1 -17 -3 -4 -6 17 -12 18 3 -5 76 18 14 -7 18
-11 5 9 23 2 -26 19 -8 -10 -7 10 13 -32 5 -12 -8 4 40 4 -21 10 17 29 20 -4 -10 14 14 -6 -19 18 112 -20 -21 53
-14 12 -21 -4 17 5 21 13 -20 14 -11 -6 -4 -52 -3 -3 28 -4 -15 60 14 -15 1 27 -32 42 -9 -13 8 5 14 -20 103 9 -8
-1 52 8 -7 18 -5 3 -36 22 10 -39 26 -7 -20 18 2 -13 -23 1 26 -6 56 -8 24 -18 8 11 31 2 44 -7 -21 9 131 6
-10 48 7 3 19 -19 12 15 -8 17 13 56 -46 -2 11 22 14 12 -12 1 35 1 7 49 -35 3 -4 17 -1 -2 18 53 -8 6 140

