Q_obj 
193 4 5 12 13 -13 59 97 13 -22 28 -73 -46 4 10 -25 -61 -22 -35 -53
4 186 -65 -33 30 -1 68 0 31 -54 54 -12 23 -48 27 18 -25 -13 15 28
5 -65 173 81 -34 39 -23 -7 25 -77 29 80 16 30 34 -75 39 74 0 1
12 -33 81 210 56 31 -23 5 23 -87 14 10 -37 36 73 -91 -32 -23 23 -53
13 30 -34 56 219 39 -111 15 -12 13 40 -57 -34 51 32 21 -84 -74 -3 -12
-13 -1 39 31 39 125 -44 -75 79 -42 -19 11 -7 3 6 -33 -61 -34 20 -9
59 68 -23 -23 -111 -44 264 19 53 -58 34 78 50 -33 -3 -18 38 25 23 -13
97 0 -7 5 15 -75 19 199 -47 29 70 -87 -5 73 14 13 -6 -15 -78 -26
13 31 25 23 -12 79 53 -47 235 -79 0 102 30 -35 21 -3 -21 34 -30 -36
-22 -54 -77 -87 13 -42 -58 29 -79 239 -16 -100 35 60 -72 58 41 19 -14 -34
28 54 29 14 40 -19 34 70 0 -16 179 -12 45 14 34 -48 -10 29 -31 -5
-73 -12 80 10 -57 11 78 -87 102 -100 -12 265 92 -32 -4 -49 81 77 69 64
-46 23 16 -37 -34 -7 50 -5 30 35 45 92 143 -7 -47 -54 68 96 47 9
4 -48 30 36 51 3 -33 73 -35 60 14 -32 -7 165 -2 -13 3 -45 -47 -25
10 27 34 73 32 6 -3 14 21 -72 34 -4 -47 -2 173 3 -23 22 -77 38
-25 18 -75 -91 21 -33 -18 13 -3 58 -48 -49 -54 -13 3 187 -13 -5 -51 39
-61 -25 39 -32 -84 -61 38 -6 -21 41 -10 81 68 3 -23 -13 162 95 -6 17
-22 -13 74 -23 -74 -34 25 -15 34 19 29 77 96 -45 22 -5 95 189 -1 21
-35 15 0 23 -3 20 23 -78 -30 -14 -31 69 47 -47 -77 -51 -6 -1 173 -6
-53 28 1 -53 -12 -9 -13 -26 -36 -34 -5 64 9 -25 38 39 17 21 -6 148

Q_cnstr 
98 34 23 17 -7 -25 1 7 -3 -14 -18 -9 -3 -44 34 26 -2 -13 2 9
34 75 13 11 -11 -11 3 -5 3 -17 34 -35 7 -10 17 5 -2 4 16 -15
23 13 142 -7 16 -22 36 30 4 6 29 -70 30 -31 39 -21 -11 32 1 -15
17 11 -7 45 25 6 2 4 -7 18 -22 -8 20 19 24 30 2 17 -2 17
-7 -11 16 25 67 2 4 10 -6 29 -8 -5 24 6 15 7 -6 21 15 13
-25 -11 -22 6 2 108 31 -17 -1 23 -34 -16 -4 29 0 35 39 -35 22 -24
1 3 36 2 4 31 54 -6 18 2 14 -23 8 8 4 -5 16 8 0 -2
7 -5 30 4 10 -17 -6 51 -6 10 1 6 13 23 11 -1 35 15 -1 24
-3 3 4 -7 -6 -1 18 -6 35 -4 2 -5 -15 -5 -3 -11 -1 -9 -10 0
-14 -17 6 18 29 23 2 10 -4 54 -20 2 16 29 9 30 -32 19 28 -22
-18 34 29 -22 -8 -34 14 1 2 -20 121 -28 16 -13 -34 -15 -38 39 4 -12
-9 -35 -70 -8 -5 -16 -23 6 -5 2 -28 108 -24 24 -41 -11 36 -9 4 54
-3 7 30 20 24 -4 8 13 -15 16 16 -24 62 10 21 -3 3 6 6 -13
-44 -10 -31 19 6 29 8 23 -5 29 -13 24 10 123 -9 7 49 23 16 17
34 17 39 24 15 0 4 11 -3 9 -34 -41 21 -9 63 -1 10 8 4 -18
26 5 -21 30 7 35 -5 -1 -11 30 -15 -11 -3 7 -1 113 -10 -13 18 13
-2 -2 -11 2 -6 39 16 35 -1 -32 -38 36 3 49 10 -10 189 -49 -3 89
-13 4 32 17 21 -35 8 15 -9 19 39 -9 6 23 8 -13 -49 106 8 -3
2 16 1 -2 15 22 0 -1 -10 28 4 4 6 16 4 18 -3 8 61 -23
9 -15 -15 17 13 -24 -2 24 0 -22 -12 54 -13 17 -18 13 89 -3 -23 114

