Q_obj 
665 -378 -63 -219 -77 -75 111 321 -207 -167 -24 -396 -223 89
-378 612 301 -100 -40 197 104 51 263 102 360 290 94 86
-63 301 847 -36 2 50 -29 135 371 114 490 -30 267 48
-219 -100 -36 861 -5 -223 -337 -715 -7 102 -76 43 1 -264
-77 -40 2 -5 920 125 -655 -76 -66 -438 95 166 -128 111
-75 197 50 -223 125 685 20 179 175 -22 122 70 -40 218
111 104 -29 -337 -655 20 1063 475 -46 497 140 121 -137 111
321 51 135 -715 -76 179 475 1067 -135 -68 90 41 -185 174
-207 263 371 -7 -66 175 -46 -135 644 -45 146 21 468 -19
-167 102 114 102 -438 -22 497 -68 -45 879 98 -127 83 -187
-24 360 490 -76 95 122 140 90 146 98 672 114 62 231
-396 290 -30 43 166 70 121 41 21 -127 114 742 -228 91
-223 94 267 1 -128 -40 -137 -185 468 83 62 -228 795 -175
89 86 48 -264 111 218 111 174 -19 -187 231 91 -175 499

Q_cnstr 
77 16 36 5 -9 3 11 9 16 -4 5 32 -12 -14
16 112 11 12 66 29 -1 -32 -8 -38 -6 21 -21 8
36 11 52 -1 1 -17 -4 -8 21 0 -4 26 -7 -19
5 12 -1 53 19 2 11 -7 22 -7 -3 -16 -6 19
-9 66 1 19 101 53 -9 -39 7 -2 -11 30 -26 33
3 29 -17 2 53 72 -16 -32 21 -3 -4 3 -16 7
11 -1 -4 11 -9 -16 39 12 -6 -10 0 -7 -5 9
9 -32 -8 -7 -39 -32 12 68 -18 6 20 3 54 28
16 -8 21 22 7 21 -6 -18 75 -8 -3 -30 -19 -17
-4 -38 0 -7 -2 -3 -10 6 -8 51 3 27 -8 7
5 -6 -4 -3 -11 -4 0 20 -3 3 12 -5 17 10
32 21 26 -16 30 3 -7 3 -30 27 -5 79 -9 3
-12 -21 -7 -6 -26 -16 -5 54 -19 -8 17 -9 93 42
-14 8 -19 19 33 7 9 28 -17 7 10 3 42 76

