Q_obj 
291 44 87 76 18 69 -18 -76 -3 -98 129 7 103 -3 108 17 52 -35 45
44 259 -86 -112 107 59 -42 -31 57 -65 -6 -64 15 41 28 2 95 57 -120
87 -86 391 106 -78 87 -4 14 93 -129 116 17 -3 -56 69 80 -72 -70 -105
76 -112 106 352 -56 30 35 -37 35 -48 150 112 1 19 100 3 34 -65 98
18 107 -78 -56 241 -14 -35 -38 -72 93 -16 0 -20 -58 -10 19 2 22 -25
69 59 87 30 -14 171 -3 13 23 -166 99 -29 -14 59 57 -4 14 -12 -28
-18 -42 -4 35 -35 -3 147 32 -9 -2 17 31 -14 15 32 53 55 -9 15
-76 -31 14 -37 -38 13 32 184 -27 -41 -53 -114 -141 81 -124 -26 41 40 -49
-3 57 93 35 -72 23 -9 -27 347 8 -15 75 103 116 92 16 27 58 -61
-98 -65 -129 -48 93 -166 -2 -41 8 320 -127 81 42 -43 -88 -33 -57 3 62
129 -6 116 150 -16 99 17 -53 -15 -127 315 60 -28 -114 117 104 79 -118 76
7 -64 17 112 0 -29 31 -114 75 81 60 347 73 38 81 4 -60 -137 100
103 15 -3 1 -20 -14 -14 -141 103 42 -28 73 310 -1 87 64 -49 59 27
-3 41 -56 19 -58 59 15 81 116 -43 -114 38 -1 363 -1 -179 69 19 -7
108 28 69 100 -10 57 32 -124 92 -88 117 81 87 -1 228 79 39 -15 62
17 2 80 3 19 -4 53 -26 16 -33 104 4 64 -179 79 232 7 37 -3
52 95 -72 34 2 14 55 41 27 -57 79 -60 -49 69 39 7 223 21 10
-35 57 -70 -65 22 -12 -9 40 58 3 -118 -137 59 19 -15 37 21 172 -53
45 -120 -105 98 -25 -28 15 -49 -61 62 76 100 27 -7 62 -3 10 -53 281

Q_cnstr 
53 14 7 14 31 -1 11 7 -11 7 11 12 -8 6 -4 3 16 9 11
14 47 5 7 5 3 30 7 -8 20 10 -10 -5 2 27 0 -19 1 12
7 5 51 -1 1 3 26 -22 26 -5 11 3 -9 16 12 39 4 14 16
14 7 -1 38 5 13 16 14 10 9 12 -1 -7 -1 -9 -7 -1 5 15
31 5 1 5 61 20 14 -5 -30 6 19 32 6 -18 -2 -10 18 17 8
-1 3 3 13 20 84 -2 42 -12 5 10 20 5 -14 8 4 28 17 14
11 30 26 16 14 -2 73 -15 17 28 20 7 -22 1 15 8 -37 23 13
7 7 -22 14 -5 42 -15 68 -14 5 9 13 3 0 20 4 18 -1 4
-11 -8 26 10 -30 -12 17 -14 87 -10 4 -22 -28 49 -13 25 5 0 1
7 20 -5 9 6 5 28 5 -10 49 2 7 -14 3 16 0 -30 -1 2
11 10 11 12 19 10 20 9 4 2 38 20 -6 0 13 9 4 16 20
12 -10 3 -1 32 20 7 13 -22 7 20 52 4 -16 7 10 12 25 -1
-8 -5 -9 -7 6 5 -22 3 -28 -14 -6 4 29 -14 0 -5 6 -5 -7
6 2 16 -1 -18 -14 1 0 49 3 0 -16 -14 84 9 26 12 -19 -2
-4 27 12 -9 -2 8 15 20 -13 16 13 7 0 9 53 28 -13 -3 7
3 0 39 -7 -10 4 8 4 25 0 9 10 -5 26 28 74 13 -1 2
16 -19 4 -1 18 28 -37 18 5 -30 4 12 6 12 -13 13 80 -6 3
9 1 14 5 17 17 23 -1 0 -1 16 25 -5 -19 -3 -1 -6 56 12
11 12 16 15 8 14 13 4 1 2 20 -1 -7 -2 7 2 3 12 33

