Q_obj 
249 -63 15 -8 -22 62 -147 0 90 -78 -95 -92 16 67 6 -26 32 121 52 -37 9 -80 -17 -97 43
-63 245 -92 -15 -65 -10 97 -10 -22 62 -59 24 -41 33 34 -10 -36 -35 -37 -2 3 42 -24 44 19
15 -92 341 -105 -36 -11 -92 -30 29 -17 2 53 16 48 -21 2 -53 -60 -68 -32 70 32 -42 4 -15
-8 -15 -105 189 54 -17 4 25 61 -55 44 -9 88 -76 -13 -32 64 12 -23 39 -36 -47 23 59 48
-22 -65 -36 54 262 66 -90 14 15 24 46 30 10 -110 -75 9 29 -59 10 15 -52 59 21 54 100
62 -10 -11 -17 66 181 -115 43 9 29 -79 -7 -1 45 -33 -76 -62 -33 72 -10 -32 41 0 -34 35
-147 97 -92 4 -90 -115 367 -88 -24 39 61 61 -41 -42 66 10 62 -15 -89 -9 -50 67 51 50 -67
0 -10 -30 25 14 43 -88 168 -18 27 0 39 -29 67 8 -9 -24 13 86 28 10 -36 9 23 32
90 -22 29 61 15 9 -24 -18 243 -26 -7 20 57 -68 -24 -70 61 -8 18 -42 -54 -38 -11 -3 32
-78 62 -17 -55 24 29 39 27 -26 204 9 47 -67 13 -55 -76 -59 -21 50 -38 -42 90 -15 29 -26
-95 -59 2 44 46 -79 61 0 -7 9 218 7 -25 -31 -1 30 2 -52 -27 68 -69 -38 66 113 -34
-92 24 53 -9 30 -7 61 39 20 47 7 249 37 48 -1 -3 -39 -39 -35 -9 22 41 66 5 83
16 -41 16 88 10 -1 -41 -29 57 -67 -25 37 213 5 9 -34 3 -20 19 18 21 -51 -77 32 18
67 33 48 -76 -110 45 -42 67 -68 13 -31 48 5 294 117 32 -67 42 82 -5 76 -24 -5 -44 22
6 34 -21 -13 -75 -33 66 8 -24 -55 -1 -1 9 117 188 61 64 44 21 -12 65 12 1 -1 2
-26 -10 2 -32 9 -76 10 -9 -70 -76 30 -3 -34 32 61 217 78 4 -38 41 85 -24 53 -14 -12
32 -36 -53 64 29 -62 62 -24 61 -59 2 -39 3 -67 64 78 214 47 -9 0 0 -5 29 5 -24
121 -35 -60 12 -59 -33 -15 13 -8 -21 -52 -39 -20 42 44 4 47 262 -29 -42 41 -18 -27 -132 25
52 -37 -68 -23 10 72 -89 86 18 50 -27 -35 19 82 21 -38 -9 -29 248 14 -4 -72 -46 -8 -15
-37 -2 -32 39 15 -10 -9 28 -42 -38 68 -9 18 -5 -12 41 0 -42 14 266 -75 -62 -17 69 -100
9 3 70 -36 -52 -32 -50 10 -54 -42 -69 22 21 76 65 85 0 41 -4 -75 177 21 -46 -63 39
-80 42 32 -47 59 41 67 -36 -38 90 -38 41 -51 -24 12 -24 -5 -18 -72 -62 21 226 -42 -21 -13
-17 -24 -42 23 21 0 51 9 -11 -15 66 66 -77 -5 1 53 29 -27 -46 -17 -46 -42 241 9 42
-97 44 4 59 54 -34 50 23 -3 29 113 5 32 -44 -1 -14 5 -132 -8 69 -63 -21 9 275 -27
43 19 -15 48 100 35 -67 32 32 -26 -34 83 18 22 2 -12 -24 25 -15 -100 39 -13 42 -27 225

Q_cnstr 
72 -26 -13 4 0 23 13 24 2 -1 20 7 -30 18 -24 22 18 -36 -9 -10 0 11 -11 -5 -7
-26 77 7 1 25 -6 -17 -1 11 9 -19 -15 6 -15 -12 31 12 -9 -29 9 -22 -32 -7 23 9
-13 7 40 1 28 1 -16 3 -19 11 -28 -9 6 -4 2 -8 -10 6 -10 -3 3 -6 -8 2 -9
4 1 1 89 -7 -12 27 8 13 35 -5 20 -10 16 15 6 5 13 -5 12 -4 -7 -20 7 6
0 25 28 -7 147 32 -13 19 -12 2 -8 -11 17 -10 -38 32 50 -27 -24 24 6 -56 -32 7 -19
23 -6 1 -12 32 77 2 -1 2 14 -13 11 16 1 17 3 3 -20 11 19 4 -3 -30 18 -12
13 -17 -16 27 -13 2 83 2 36 31 -4 27 -45 11 -14 28 30 3 0 -38 3 -17 18 33 6
24 -1 3 8 19 -1 2 58 2 15 16 -16 -27 -8 -31 34 43 -7 -9 -13 14 -36 -41 7 -15
2 11 -19 13 -12 2 36 2 101 21 -8 -4 -1 -14 -11 20 -4 -9 -25 -16 3 -21 -32 27 10
-1 9 11 35 2 14 31 15 21 105 -2 38 10 -23 9 34 -6 6 -18 -13 33 -14 -41 48 2
20 -19 -28 -5 -8 -13 -4 16 -8 -2 72 23 -15 17 2 15 5 3 6 5 16 9 -4 -24 -16
7 -15 -9 20 -11 11 27 -16 -4 38 23 103 5 24 17 -10 -20 24 9 -13 11 32 -29 24 17
-30 6 6 -10 17 16 -45 -27 -1 10 -15 5 124 -27 18 -29 -1 9 14 43 9 8 -33 -4 0
18 -15 -4 16 -10 1 11 -8 -14 -23 17 24 -27 77 23 1 -35 21 -2 6 -11 20 23 -8 -2
-24 -12 2 15 -38 17 -14 -31 -11 9 2 17 18 23 93 -39 -62 40 2 36 20 32 14 -6 -12
22 31 -8 6 32 3 28 34 20 34 15 -10 -29 1 -39 160 37 -16 -7 -21 17 -52 12 38 -40
18 12 -10 5 50 3 30 43 -4 -6 5 -20 -1 -35 -62 37 165 -38 -2 -7 -7 -55 -3 13 0
-36 -9 6 13 -27 -20 3 -7 -9 6 3 24 9 21 40 -16 -38 86 6 0 30 -1 14 -2 -15
-9 -29 -10 -5 -24 11 0 -9 -25 -18 6 9 14 -2 2 -7 -2 6 65 0 -6 9 0 -24 -6
-10 9 -3 12 24 19 -38 -13 -16 -13 5 -13 43 6 36 -21 -7 0 0 61 -9 9 -13 -4 -4
0 -22 3 -4 6 4 3 14 3 33 16 11 9 -11 20 17 -7 30 -6 -9 83 -4 -7 -10 -31
11 -32 -6 -7 -56 -3 -17 -36 -21 -14 9 32 8 20 32 -52 -55 -1 9 9 -4 102 -16 3 15
-11 -7 -8 -20 -32 -30 18 -41 -32 -41 -4 -29 -33 23 14 12 -3 14 0 -13 -7 -16 186 -35 2
-5 23 2 7 7 18 33 7 27 48 -24 24 -4 -8 -6 38 13 -2 -24 -4 -10 3 -35 128 -1
-7 9 -9 6 -19 -12 6 -15 10 2 -16 17 0 -2 -12 -40 0 -15 -6 -4 -31 15 2 -1 80

