Q_obj 
535 158 -350 -212 -159 29 210 -314 -270 431 203 -96 -203 -111
158 781 -108 -5 262 182 -44 -152 -298 190 463 72 18 -177
-350 -108 924 101 257 -125 -266 246 89 -332 -27 212 32 -178
-212 -5 101 589 -41 209 -237 -143 276 -160 -45 379 -199 16
-159 262 257 -41 1231 -131 54 103 -378 -564 352 202 2 -435
29 182 -125 209 -131 825 -146 -116 167 47 208 -76 126 -92
210 -44 -266 -237 54 -146 513 -49 -337 9 148 -204 -137 151
-314 -152 246 -143 103 -116 -49 1082 117 -283 -143 -503 -281 -205
-270 -298 89 276 -378 167 -337 117 672 -193 -311 86 9 95
431 190 -332 -160 -564 47 9 -283 -193 993 -73 -267 -66 -13
203 463 -27 -45 352 208 148 -143 -311 -73 858 -155 -306 -123
-96 72 212 379 202 -76 -204 -503 86 -267 -155 821 198 28
-203 18 32 -199 2 126 -137 -281 9 -66 -306 198 1046 339
-111 -177 -178 16 -435 -92 151 -205 95 -13 -123 28 339 702

Q_cnstr 
59 12 -10 6 2 9 9 -11 6 -12 19 12 28 -3
12 33 -4 0 14 21 0 4 -6 0 9 -1 -5 31
-10 -4 41 3 -20 -37 -19 4 -6 -14 -15 4 -7 -1
6 0 3 123 -65 -64 -2 -36 -8 -16 -8 -4 12 -23
2 14 -20 -65 95 59 6 13 -4 14 35 7 -12 6
9 21 -37 -64 59 98 19 -5 9 21 24 -1 0 18
9 0 -19 -2 6 19 19 -4 0 -10 5 0 6 3
-11 4 4 -36 13 -5 -4 52 -15 8 -13 -7 -24 44
6 -6 -6 -8 -4 9 0 -15 42 17 2 -8 25 -6
-12 0 -14 -16 14 21 -10 8 17 56 7 -15 -5 5
19 9 -15 -8 35 24 5 -13 2 7 30 12 6 -12
12 -1 4 -4 7 -1 0 -7 -8 -15 12 23 -5 -10
28 -5 -7 12 -12 0 6 -24 25 -5 6 -5 46 -31
-3 31 -1 -23 6 18 3 44 -6 5 -12 -10 -31 94

