Q_obj 
194 -78 -39 9 66 50 -37 16 -1 7 -31 -44 -29 52
-78 156 13 -34 -30 11 -34 -3 25 -88 -18 32 -38 18
-39 13 177 51 -72 -8 19 58 -5 29 15 -1 -24 -22
9 -34 51 106 10 -11 38 11 27 47 9 51 37 -27
66 -30 -72 10 161 10 -55 -35 -54 -27 -88 5 9 -4
50 11 -8 -11 10 61 -23 -13 6 -36 0 -9 -56 -13
-37 -34 19 38 -55 -23 123 -16 13 84 17 -7 66 -16
16 -3 58 11 -35 -13 -16 168 22 77 0 64 -7 50
-1 25 -5 27 -54 6 13 22 137 -19 74 14 4 16
7 -88 29 47 -27 -36 84 77 -19 178 3 21 47 -10
-31 -18 15 9 -88 0 17 0 74 3 156 -3 4 0
-44 32 -1 51 5 -9 -7 64 14 21 -3 199 39 -29
-29 -38 -24 37 9 -56 66 -7 4 47 4 39 105 14
52 18 -22 -27 -4 -13 -16 50 16 -10 0 -29 14 106

Q_cnstr 
41 -6 0 6 2 3 8 -8 1 -27 -14 1 -19 -9
-6 44 4 -4 3 10 5 4 25 -6 -3 1 0 18
0 4 22 -1 7 -9 -11 4 11 -2 -9 0 -3 -11
6 -4 -1 12 9 2 -1 -6 6 0 4 1 11 3
2 3 7 9 37 -7 -2 9 5 11 4 9 6 5
3 10 -9 2 -7 26 11 -7 11 -2 7 -6 -3 4
8 5 -11 -1 -2 11 23 -11 -6 -10 -2 -1 -8 13
-8 4 4 -6 9 -7 -11 19 -3 10 1 1 -6 -7
1 25 11 6 5 11 -6 -3 41 -1 2 0 14 13
-27 -6 -2 0 11 -2 -10 10 -1 45 20 -1 26 6
-14 -3 -9 4 4 7 -2 1 2 20 22 3 19 7
1 1 0 1 9 -6 -1 1 0 -1 3 20 2 12
-19 0 -3 11 6 -3 -8 -6 14 26 19 2 43 22
-9 18 -11 3 5 4 13 -7 13 6 7 12 22 48

