Q_obj 
146 21 -60 -3 25 -11 4 -2 29 8
21 93 43 6 -72 -40 4 -23 -18 12
-60 43 91 11 -71 -33 -17 -23 -24 15
-3 6 11 95 -7 34 28 -13 1 68
25 -72 -71 -7 130 67 -15 -10 52 -24
-11 -40 -33 34 67 68 5 -12 30 9
4 4 -17 28 -15 5 43 14 -32 30
-2 -23 -23 -13 -10 -12 14 34 -14 -8
29 -18 -24 1 52 30 -32 -14 83 16
8 12 15 68 -24 9 30 -8 16 106

Q_cnstr 
41 38 -2 11 -8 8 1 -6 -16 16
38 103 14 17 -6 6 -4 -33 -27 -7
-2 14 39 -10 14 0 -19 -5 37 -3
11 17 -10 22 -13 -32 13 -4 -36 2
-8 -6 14 -13 29 2 -15 9 40 -8
8 6 0 -32 2 103 -17 -2 28 4
1 -4 -19 13 -15 -17 18 0 -44 4
-6 -33 -5 -4 9 -2 0 23 8 7
-16 -27 37 -36 40 28 -44 8 132 -10
16 -7 -3 2 -8 4 4 7 -10 19

