Q_obj 
158 -15 -12 -14 -41 -4 -34 25 -14 13 69 23 -49 50 43 15 -50
-15 217 -37 -11 -43 -65 -118 49 22 -35 -83 16 31 -57 65 -12 17
-12 -37 77 19 56 38 12 27 -3 31 28 16 3 -10 -35 -10 -2
-14 -11 19 151 79 24 58 -21 -31 -31 -45 -6 -63 -46 -4 41 62
-41 -43 56 79 140 54 41 11 23 22 -17 -32 -31 -52 -26 3 48
-4 -65 38 24 54 145 34 31 0 -32 61 6 -30 30 -90 -8 16
-34 -118 12 58 41 34 127 -47 -59 5 -1 -50 -31 9 -34 8 36
25 49 27 -21 11 31 -47 159 -16 75 13 25 -18 -14 -11 -37 -17
-14 22 -3 -31 23 0 -59 -16 141 -11 -19 1 67 -9 -30 -37 -8
13 -35 31 -31 22 -32 5 75 -11 164 8 3 -23 -15 32 -55 -19
69 -83 28 -45 -17 61 -1 13 -19 8 179 47 8 77 -25 45 -72
23 16 16 -6 -32 6 -50 25 1 3 47 205 30 70 -62 28 -20
-49 31 3 -63 -31 -30 -31 -18 67 -23 8 30 226 55 -107 -9 -34
50 -57 -10 -46 -52 30 9 -14 -9 -15 77 70 55 139 -75 13 -33
43 65 -35 -4 -26 -90 -34 -11 -30 32 -25 -62 -107 -75 195 9 7
15 -12 -10 41 3 -8 8 -37 -37 -55 45 28 -9 13 9 92 -15
-50 17 -2 62 48 16 36 -17 -8 -19 -72 -20 -34 -33 7 -15 76

Q_cnstr 
71 21 -15 15 19 25 -34 9 19 5 8 1 16 18 45 -41 -2
21 75 25 13 19 -1 6 -3 20 4 2 28 9 7 20 -4 14
-15 25 78 -1 -2 -3 54 28 -2 -13 9 9 6 1 -23 24 -43
15 13 -1 54 -9 -9 25 22 21 18 -9 -19 -12 7 -15 -19 -4
19 19 -2 -9 163 30 -77 1 23 16 42 89 46 18 65 -18 -10
25 -1 -3 -9 30 49 -29 -7 3 15 16 -5 5 -1 15 -32 -26
-34 6 54 25 -77 -29 123 38 -10 -6 10 -28 -12 14 -73 46 -40
9 -3 28 22 1 -7 38 94 22 -23 37 -15 1 10 57 37 -48
19 20 -2 21 23 3 -10 22 42 13 8 -2 -21 -4 41 -4 -2
5 4 -13 18 16 15 -6 -23 13 78 -8 -8 -8 -15 -4 -40 5
8 2 9 -9 42 16 10 37 8 -8 98 46 19 18 37 50 -15
1 28 9 -19 89 -5 -28 -15 -2 -8 46 145 -7 10 13 23 5
16 9 6 -12 46 5 -12 1 -21 -8 19 -7 119 79 5 -4 9
18 7 1 7 18 -1 14 10 -4 -15 18 10 79 141 -44 10 -31
45 20 -23 -15 65 15 -73 57 41 -4 37 13 5 -44 182 19 25
-41 -4 24 -19 -18 -32 46 37 -4 -40 50 23 -4 10 19 139 -8
-2 14 -43 -4 -10 -26 -40 -48 -2 5 -15 5 9 -31 25 -8 117

