Q_obj 
178 13 -14 2 -2 34 -6 -1 43 -72 11 -46 -110 -29 -36 14 10 -41 59 16
13 206 40 -9 -68 -11 -15 73 17 -10 -9 79 -17 79 16 38 -64 16 47 68
-14 40 132 22 -17 33 40 -15 -52 -6 21 19 -17 0 -11 -58 -27 21 -8 -18
2 -9 22 144 61 -14 -6 -16 -43 -2 -20 37 -56 -8 57 15 -65 20 -84 -5
-2 -68 -17 61 293 -18 -80 -126 -53 29 -68 -17 -40 -75 17 -41 -36 -73 -85 -49
34 -11 33 -14 -18 236 50 -6 -3 -8 -57 7 -57 -12 -30 -2 -21 -104 11 23
-6 -15 40 -6 -80 50 214 26 25 47 12 -74 -35 38 40 -35 -58 10 51 -5
-1 73 -15 -16 -126 -6 26 211 55 -85 30 1 -18 46 -16 84 21 37 22 41
43 17 -52 -43 -53 -3 25 55 202 -2 -38 0 -45 97 -1 -29 -13 17 23 42
-72 -10 -6 -2 29 -8 47 -85 -2 197 -27 18 24 44 32 -21 -80 28 37 -6
11 -9 21 -20 -68 -57 12 30 -38 -27 215 -32 0 -25 -42 35 29 78 -18 1
-46 79 19 37 -17 7 -74 1 0 18 -32 186 42 78 30 49 -37 47 -51 69
-110 -17 -17 -56 -40 -57 -35 -18 -45 24 0 42 225 50 2 29 83 28 -36 5
-29 79 0 -8 -75 -12 38 46 97 44 -25 78 50 175 54 26 -25 19 6 57
-36 16 -11 57 17 -30 40 -16 -1 32 -42 30 2 54 172 16 -70 38 -28 -7
14 38 -58 15 -41 -2 -35 84 -29 -21 35 49 29 26 16 138 0 5 -10 41
10 -64 -27 -65 -36 -21 -58 21 -13 -80 29 -37 83 -25 -70 0 185 1 27 19
-41 16 21 20 -73 -104 10 37 17 28 78 47 28 19 38 5 1 196 -5 35
59 47 -8 -84 -85 11 51 22 23 37 -18 -51 -36 6 -28 -10 27 -5 173 -6
16 68 -18 -5 -49 23 -5 41 42 -6 1 69 5 57 -7 41 19 35 -6 163

Q_cnstr 
168 -32 14 3 -35 65 -7 -9 25 -4 5 38 9 10 9 52 -11 23 17 2
-32 130 4 10 0 -31 -29 -25 -31 -8 -15 -24 -6 18 -12 22 15 -36 -28 41
14 4 29 1 -4 -15 0 -4 -22 0 -6 4 8 -2 11 15 12 -1 -3 -1
3 10 1 101 11 -2 -23 -9 22 -25 4 -1 65 49 -8 -24 13 5 5 24
-35 0 -4 11 66 -26 2 9 -21 -51 21 -11 13 -4 -2 -26 1 -11 -10 18
65 -31 -15 -2 -26 143 -22 -18 20 27 18 45 -20 11 16 38 -42 30 41 -19
-7 -29 0 -23 2 -22 78 5 -35 -40 -20 -21 -6 14 -8 -9 15 -2 -8 1
-9 -25 -4 -9 9 -18 5 58 19 -13 19 10 7 -16 -16 -12 -10 5 6 -16
25 -31 -22 22 -21 20 -35 19 134 50 14 9 20 17 12 -14 -13 29 35 -28
-4 -8 0 -25 -51 27 -40 -13 50 178 19 14 -25 -22 11 42 5 45 40 0
5 -15 -6 4 21 18 -20 19 14 19 41 13 -1 -22 13 15 -12 23 16 18
38 -24 4 -1 -11 45 -21 10 9 14 13 73 1 -23 14 -9 -28 -16 18 -1
9 -6 8 65 13 -20 -6 7 20 -25 -1 1 136 32 -35 -27 11 -10 -10 14
10 18 -2 49 -4 11 14 -16 17 -22 -22 -23 32 91 -11 -11 10 8 0 -1
9 -12 11 -8 -2 16 -8 -16 12 11 13 14 -35 -11 138 16 5 33 14 36
52 22 15 -24 -26 38 -9 -12 -14 42 15 -9 -27 -11 16 128 6 20 2 37
-11 15 12 13 1 -42 15 -10 -13 5 -12 -28 11 10 5 6 34 2 -10 22
23 -36 -1 5 -11 30 -2 5 29 45 23 -16 -10 8 33 20 2 78 40 -14
17 -28 -3 5 -10 41 -8 6 35 40 16 18 -10 0 14 2 -10 40 45 -24
2 41 -1 24 18 -19 1 -16 -28 0 18 -1 14 -1 36 37 22 -14 -24 106

