Q_obj 
115 -33 6 16 3 55 3 -25 49 12 -13 39 -11 -17 -22
-33 146 31 -3 -31 -18 -26 8 -70 29 51 -32 13 -17 46
6 31 158 -36 -29 12 -19 -27 -89 -80 23 7 6 10 10
16 -3 -36 133 15 23 13 32 19 -4 64 -14 -3 -47 -66
3 -31 -29 15 73 23 15 -23 21 38 7 8 18 -10 -59
55 -18 12 23 23 73 17 1 32 12 13 22 -2 -11 -25
3 -26 -19 13 15 17 87 -6 7 52 39 -10 -30 5 -2
-25 8 -27 32 -23 1 -6 176 60 -31 -10 -3 -31 -10 -45
49 -70 -89 19 21 32 7 60 152 10 -10 7 4 -23 -54
12 29 -80 -4 38 12 52 -31 10 139 18 3 -19 -14 16
-13 51 23 64 7 13 39 -10 -10 18 141 -53 47 -55 -14
39 -32 7 -14 8 22 -10 -3 7 3 -53 96 -31 59 -34
-11 13 6 -3 18 -2 -30 -31 4 -19 47 -31 164 -36 18
-17 -17 10 -47 -10 -11 5 -10 -23 -14 -55 59 -36 120 -3
-22 46 10 -66 -59 -25 -2 -45 -54 16 -14 -34 18 -3 147

Q_cnstr 
62 2 -36 -18 6 27 -6 -9 15 -8 2 -14 18 21 12
2 27 17 10 11 1 -2 -4 -7 -5 0 8 -6 -6 22
-36 17 158 31 14 9 -19 -19 -6 3 5 42 6 -9 37
-18 10 31 59 -6 -13 -4 8 -23 14 8 22 -5 -9 1
6 11 14 -6 44 -5 1 1 -16 -20 20 19 1 6 23
27 1 9 -13 -5 100 1 -11 50 5 -23 -3 -17 5 22
-6 -2 -19 -4 1 1 28 -3 -19 -7 -4 11 21 -16 2
-9 -4 -19 8 1 -11 -3 62 -4 -30 4 -21 -56 8 -8
15 -7 -6 -23 -16 50 -19 -4 74 18 -9 -42 -39 19 -9
-8 -5 3 14 -20 5 -7 -30 18 60 12 23 14 -8 -20
2 0 5 8 20 -23 -4 4 -9 12 60 21 -1 26 5
-14 8 42 22 19 -3 11 -21 -42 23 21 77 39 -24 25
18 -6 6 -5 1 -17 21 -56 -39 14 -1 39 102 -20 2
21 -6 -9 -9 6 5 -16 8 19 -8 26 -24 -20 45 -5
12 22 37 1 23 22 2 -8 -9 -20 5 25 2 -5 69

