Q_obj 
105 -32 -2 7 56 15 44 46 15 -33
-32 105 -17 19 -1 58 20 -49 -31 10
-2 -17 93 11 -8 -30 -42 -10 26 -20
7 19 11 103 4 26 -54 -19 -31 -69
56 -1 -8 4 111 14 -19 -26 76 -25
15 58 -30 26 14 82 14 7 -36 1
44 20 -42 -54 -19 14 162 58 -54 9
46 -49 -10 -19 -26 7 58 117 -30 -9
15 -31 26 -31 76 -36 -54 -30 116 20
-33 10 -20 -69 -25 1 9 -9 20 104

Q_cnstr 
40 -2 -1 6 -13 2 6 -11 10 2
-2 52 -8 3 10 4 12 20 -7 17
-1 -8 10 -6 0 -4 -2 1 -2 -1
6 3 -6 22 10 3 13 -2 17 7
-13 10 0 10 39 10 10 11 -4 14
2 4 -4 3 10 42 2 -8 -42 0
6 12 -2 13 10 2 18 8 14 6
-11 20 1 -2 11 -8 8 31 14 -3
10 -7 -2 17 -4 -42 14 14 77 -5
2 17 -1 7 14 0 6 -3 -5 22

