Q_obj 
326 27 -26 108 65 -111 -47 -30 -33 -41 -137 34 84 -45 21 16 28 26 38 85 23 -28 -6 16 -32 16 47 70 54 -70
27 319 -29 -41 -18 -76 -103 26 14 4 17 73 20 -20 142 -103 -43 2 -48 0 5 -95 -27 46 49 61 -31 35 15 30
-26 -29 298 -58 66 -40 103 -79 -111 -25 -87 -11 -53 140 -72 -12 16 -9 -44 -73 114 -55 -18 -111 67 0 67 44 -16 -26
108 -41 -58 321 -30 -10 -18 -38 22 43 41 16 -2 -8 -4 83 -20 -31 106 -47 -94 84 -25 25 107 -53 -8 -9 -98 25
65 -18 66 -30 276 -44 22 -2 -6 20 -58 61 3 -23 -16 -11 -14 42 -16 76 88 -4 65 -34 27 -22 49 56 105 -57
-111 -76 -40 -10 -44 277 32 5 72 -2 33 -87 -54 13 -77 -26 -23 -43 -36 -19 -2 58 27 49 -17 38 26 -65 -94 28
-47 -103 103 -18 22 32 275 9 9 -11 -34 -90 -53 56 -69 -70 -36 -19 -2 -35 103 -24 19 -68 14 -80 36 26 -75 -16
-30 26 -79 -38 -2 5 9 278 49 -13 3 76 -58 -130 -7 -75 131 154 17 -32 41 -21 -4 126 69 -87 20 -17 29 -56
-33 14 -111 22 -6 72 9 49 364 -82 1 -51 5 61 -97 -25 3 47 70 24 -56 -65 60 -33 8 71 29 -54 -78 -15
-41 4 -25 43 20 -2 -11 -13 -82 309 92 -22 14 -63 -27 63 -81 -87 6 -57 6 59 -56 43 50 -83 -88 4 34 30
-137 17 -87 41 -58 33 -34 3 1 92 277 49 35 -33 68 6 38 -53 -6 36 -95 33 -4 34 52 -4 -66 8 -35 3
34 73 -11 16 61 -87 -90 76 -51 -22 49 271 1 -72 56 26 64 39 17 8 -49 -29 -36 29 50 34 7 -13 10 -29
84 20 -53 -2 3 -54 -53 -58 5 14 35 1 334 29 21 7 -9 -27 106 79 29 88 35 -135 -89 -21 -60 74 77 -86
-45 -20 140 -8 -23 13 56 -130 61 -63 -33 -72 29 318 -46 -24 -52 -65 3 -71 -33 -14 -9 -120 29 64 -3 -48 -75 -3
21 142 -72 -4 -16 -77 -69 -7 -97 -27 68 56 21 -46 282 -64 -50 -36 -95 31 -96 11 -31 91 -4 78 -74 24 55 9
16 -103 -12 83 -11 -26 -70 -75 -25 63 6 26 7 -24 -64 305 -42 -69 82 -35 -47 48 13 -27 -32 12 -7 3 15 37
28 -43 16 -20 -14 -23 -36 131 3 -81 38 64 -9 -52 -50 -42 305 136 -12 72 66 -38 65 33 41 -30 85 -47 13 -105
26 2 -9 -31 42 -43 -19 154 47 -87 -53 39 -27 -65 -36 -69 136 273 -19 11 72 -82 46 76 11 -86 38 15 59 -84
38 -48 -44 106 -16 -36 -2 17 70 6 -6 17 106 3 -95 82 -12 -19 284 -2 -9 22 -26 -70 20 -87 52 27 -39 4
85 0 -73 -47 76 -19 -35 -32 24 -57 36 8 79 -71 31 -35 72 11 -2 289 43 6 98 43 -59 103 -9 -24 -24 -93
23 5 114 -94 88 -2 103 41 -56 6 -95 -49 29 -33 -96 -47 66 72 -9 43 311 -81 119 -66 -1 -67 102 89 28 -47
-28 -95 -55 84 -4 58 -24 -21 -65 59 33 -29 88 -14 11 48 -38 -82 22 6 -81 278 -21 9 3 -54 -84 -67 -20 22
-6 -27 -18 -25 65 27 19 -4 60 -56 -4 -36 35 -9 -31 13 65 46 -26 98 119 -21 195 -56 -48 33 82 -16 7 -18
16 46 -111 25 -34 49 -68 126 -33 43 34 29 -135 -120 91 -27 33 76 -70 43 -66 9 -56 369 52 32 -124 -7 -39 -32
-32 49 67 107 27 -17 14 69 8 50 52 50 -89 29 -4 -32 41 11 20 -59 -1 3 -48 52 210 -32 9 5 -63 29
16 61 0 -53 -22 38 -80 -87 71 -83 -4 34 -21 64 78 12 -30 -86 -87 103 -67 -54 33 32 -32 288 -1 -57 -75 10
47 -31 67 -8 49 26 36 20 29 -88 -66 7 -60 -3 -74 -7 85 38 52 -9 102 -84 82 -124 9 -1 291 15 -14 49
70 35 44 -9 56 -65 26 -17 -54 4 8 -13 74 -48 24 3 -47 15 27 -24 89 -67 -16 -7 5 -57 15 287 112 21
54 15 -16 -98 105 -94 -75 29 -78 34 -35 10 77 -75 55 15 13 59 -39 -24 28 -20 7 -39 -63 -75 -14 112 286 -6
-70 30 -26 25 -57 28 -16 -56 -15 30 3 -29 -86 -3 9 37 -105 -84 4 -93 -47 22 -18 -32 29 10 49 21 -6 260

Q_cnstr 
130 12 -36 -26 -8 2 0 9 72 -48 62 -25 16 12 16 2 26 -38 30 -40 -6 -33 19 -29 55 -9 0 -9 -6 -33
12 96 -1 4 9 17 2 28 34 -16 41 -12 41 -50 -9 -8 12 -5 18 -16 -8 -4 4 27 0 38 -22 -34 -26 15
-36 -1 147 18 -16 16 28 -6 32 -8 4 15 -14 -23 6 15 -20 -26 -64 10 1 -17 -13 45 12 -2 71 1 -14 -21
-26 4 18 113 26 -37 -8 -17 5 10 10 50 8 -10 1 10 29 3 17 1 0 62 14 4 17 4 16 27 -28 -2
-8 9 -16 26 111 -6 32 0 15 -47 17 -10 7 15 -8 -17 30 60 2 -29 -19 40 4 -6 -2 2 -25 -33 -42 22
2 17 16 -37 -6 116 7 9 32 -14 14 -18 -33 -21 6 -12 16 15 -16 28 58 5 -24 22 9 21 5 -10 4 7
0 2 28 -8 32 7 96 -10 21 0 -1 -3 -3 8 1 19 15 9 -36 -20 23 -22 5 37 -1 -10 13 -13 -9 7
9 28 -6 -17 0 9 -10 125 14 -10 3 -10 23 -23 -22 -17 4 1 56 14 -36 -12 25 4 -6 15 21 -34 7 25
72 34 32 5 15 32 21 14 213 -27 1 -15 4 -11 7 -47 19 -38 -7 16 22 -2 19 -8 54 -3 -15 -9 -21 -18
-48 -16 -8 10 -47 -14 0 -10 -27 281 -39 58 -16 13 -41 -28 -33 20 -5 11 41 28 -13 -8 -25 12 -54 38 39 3
62 41 4 10 17 14 -1 3 1 -39 229 -15 13 -34 -7 33 60 24 27 -41 -7 -9 -29 18 42 45 8 -54 9 -46
-25 -12 15 50 -10 -18 -3 -10 -15 58 -15 75 3 9 -10 1 2 -9 -9 4 -20 24 9 14 -8 2 27 15 5 -8
16 41 -14 8 7 -33 -3 23 4 -16 13 3 83 -17 -31 5 0 22 16 -13 -46 -5 17 11 -2 7 -31 -24 3 44
12 -50 -23 -10 15 -21 8 -23 -11 13 -34 9 -17 141 26 0 21 -29 -20 -21 30 15 16 -58 13 -10 5 53 -3 -31
16 -9 6 1 -8 6 1 -22 7 -41 -7 -10 -31 26 95 -11 -1 -47 -30 40 0 -10 -1 -17 3 -29 5 23 -33 -25
2 -8 15 10 -17 -12 19 -17 -47 -28 33 1 5 0 -11 73 16 11 4 -27 23 -14 -6 27 14 11 39 7 23 -15
26 12 -20 29 30 16 15 4 19 -33 60 2 0 21 -1 16 117 2 17 -9 28 43 11 13 14 7 3 -11 -28 -5
-38 -5 -26 3 60 15 9 1 -38 20 24 -9 22 -29 -47 11 2 201 6 11 -11 37 -24 27 -15 27 -73 -37 8 23
30 18 -64 17 2 -16 -36 56 -7 -5 27 -9 16 -20 -30 4 17 6 134 3 -18 28 7 -47 -19 19 -11 0 -12 17
-40 -16 10 1 -29 28 -20 14 16 11 -41 4 -13 -21 40 -27 -9 11 3 170 5 35 -22 -3 -42 -11 -36 0 24 28
-6 -8 1 0 -19 58 23 -36 22 41 -7 -20 -46 30 0 23 28 -11 -18 5 137 12 -22 1 47 24 -21 32 34 -9
-33 -4 -17 62 40 5 -22 -12 -2 28 -9 24 -5 15 -10 -14 43 37 28 35 12 150 20 -27 -7 6 -2 4 -12 -18
19 4 -13 14 4 -24 5 25 19 -13 -29 9 17 16 -1 -6 11 -24 7 -22 -22 20 61 -5 4 -13 33 13 -18 -15
-29 27 45 4 -6 22 37 4 -8 -8 18 14 11 -58 -17 27 13 27 -47 -3 1 -27 -5 94 -4 7 9 -27 32 16
55 0 12 17 -2 9 -1 -6 54 -25 42 -8 -2 13 3 14 14 -15 -19 -42 47 -7 4 -4 123 -3 9 16 18 -37
-9 38 -2 4 2 21 -10 15 -3 12 45 2 7 -10 -29 11 7 27 19 -11 24 6 -13 7 -3 73 -6 -4 5 2
0 -22 71 16 -25 5 13 21 -15 -54 8 27 -31 5 5 39 3 -73 -11 -36 -21 -2 33 9 9 -6 174 26 -31 -58
-9 -34 1 27 -33 -10 -13 -34 -9 38 -54 15 -24 53 23 7 -11 -37 0 0 32 4 13 -27 16 -4 26 132 -21 -5
-6 -26 -14 -28 -42 4 -9 7 -21 39 9 5 3 -3 -33 23 -28 8 -12 24 34 -12 -18 32 18 5 -31 -21 145 15
-33 15 -21 -2 22 7 7 25 -18 3 -46 -8 44 -31 -25 -15 -5 23 17 28 -9 -18 -15 16 -37 2 -58 -5 15 138

