Q_obj 
135 19 8 -21 1 -5 -40 -39 72 -52
19 104 86 -27 -39 -8 -1 -5 1 -18
8 86 117 -50 -10 -26 35 -7 -21 -14
-21 -27 -50 72 -40 9 -17 50 4 -10
1 -39 -10 -40 110 2 -8 -39 -17 -20
-5 -8 -26 9 2 106 -5 -1 4 13
-40 -1 35 -17 -8 -5 96 57 -68 60
-39 -5 -7 50 -39 -1 57 104 -61 19
72 1 -21 4 -17 4 -68 -61 100 -32
-52 -18 -14 -10 -20 13 60 19 -32 91

Q_cnstr 
49 -2 -13 -6 7 16 7 -12 36 4
-2 28 -23 6 -1 -11 2 -2 5 -5
-13 -23 51 -8 -3 10 -15 -1 -4 -8
-6 6 -8 41 4 -4 13 -6 -16 4
7 -1 -3 4 36 -1 4 -1 13 1
16 -11 10 -4 -1 12 -1 -8 9 2
7 2 -15 13 4 -1 23 -8 -17 1
-12 -2 -1 -6 -1 -8 -8 25 9 -2
36 5 -4 -16 13 9 -17 9 71 -5
4 -5 -8 4 1 2 1 -2 -5 15

