Q_obj 
175 41 -38 25 -6 -26 -31 -21 17 -92 8 7 -47 25 -37
41 167 -13 -32 -20 33 -60 -48 33 7 -21 17 -26 74 35
-38 -13 157 8 16 -50 36 -4 -85 51 -21 -60 -15 -26 82
25 -32 8 152 18 4 -76 -5 -18 10 53 -44 -64 11 -6
-6 -20 16 18 94 -28 15 -3 -9 7 -10 9 -8 26 -44
-26 33 -50 4 -28 180 -57 8 20 -7 36 35 36 30 -11
-31 -60 36 -76 15 -57 146 0 2 -8 -39 -6 72 -55 -42
-21 -48 -4 -5 -3 8 0 161 19 2 -3 8 50 -19 -77
17 33 -85 -18 -9 20 2 19 177 -47 55 10 29 7 -55
-92 7 51 10 7 -7 -8 2 -47 154 -56 29 -27 40 47
8 -21 -21 53 -10 36 -39 -3 55 -56 117 -68 5 -35 4
7 17 -60 -44 9 35 -6 8 10 29 -68 131 23 65 -39
-47 -26 -15 -64 -8 36 72 50 29 -27 5 23 147 -46 -49
25 74 -26 11 26 30 -55 -19 7 40 -35 65 -46 121 -34
-37 35 82 -6 -44 -11 -42 -77 -55 47 4 -39 -49 -34 195

Q_cnstr 
129 18 23 -36 5 -20 -19 -37 47 20 -40 -10 24 -6 15
18 51 -39 3 1 -34 7 -7 -6 -10 -9 -5 -26 34 -5
23 -39 156 31 -2 26 -41 -20 -4 33 38 61 53 5 -12
-36 3 31 61 12 -2 -5 12 -24 8 42 39 6 21 -9
5 1 -2 12 50 13 -3 -17 6 -5 -3 18 8 -15 33
-20 -34 26 -2 13 95 -8 8 -13 -24 11 0 20 -30 24
-19 7 -41 -5 -3 -8 69 0 -7 -15 31 -6 -30 16 -6
-37 -7 -20 12 -17 8 0 72 -17 -12 0 -26 4 12 27
47 -6 -4 -24 6 -13 -7 -17 65 -3 -23 8 31 -38 10
20 -10 33 8 -5 -24 -15 -12 -3 66 8 11 16 10 -20
-40 -9 38 42 -3 11 31 0 -23 8 124 49 29 21 10
-10 -5 61 39 18 0 -6 -26 8 11 49 95 -1 -15 9
24 -26 53 6 8 20 -30 4 31 16 29 -1 93 -14 13
-6 34 5 21 -15 -30 16 12 -38 10 21 -15 -14 73 -29
15 -5 -12 -9 33 24 -6 27 10 -20 10 9 13 -29 109

