Q_obj 
412 63 30 -30 14 6 -84 10 76 -141 -66 -116 80 32 52 9 44 -75 2 -17 -113 43 20 -206 14 84 -50 70 37 -43 -14 -16 16 -98 64 -11 53 -54 10 43
63 384 -155 -36 -84 33 -58 27 63 72 -51 -22 -25 18 102 36 11 -54 -109 56 113 -15 62 30 140 -19 28 17 69 -112 8 37 -42 -35 2 -49 -76 27 44 -38
30 -155 426 -31 50 44 12 38 5 -64 -36 97 68 18 122 -44 40 149 -17 60 -123 14 -79 -113 -30 108 7 -54 -37 27 -33 34 28 5 6 17 132 -56 7 22
-30 -36 -31 406 25 67 1 6 2 -4 177 -28 -95 64 41 -22 14 2 -42 53 -65 -110 -229 25 -16 -29 -15 0 -49 -28 63 -10 -55 120 125 -63 -42 47 -6 39
14 -84 50 25 408 -75 -49 -8 23 11 -9 56 -104 19 -25 -88 3 -83 -31 -62 -127 -82 41 46 -25 -89 -25 2 38 71 -75 74 116 -12 -88 27 -44 -4 8 -14
6 33 44 67 -75 391 82 27 -45 -10 51 15 71 -99 -36 28 -109 -19 -82 1 58 22 -105 -32 7 7 -20 -4 -41 6 58 -4 -23 87 -15 56 -77 12 14 51
-84 -58 12 1 -49 82 465 92 15 -91 32 104 71 10 -113 31 36 18 21 64 17 -58 1 -55 -28 -76 -15 28 -11 121 86 -8 -22 30 -147 131 165 -24 -74 34
10 27 38 6 -8 27 92 282 8 -52 -33 12 1 64 -83 -44 76 -41 18 61 11 -16 -19 36 -38 -9 -12 -22 -45 34 43 71 -1 33 -24 66 -67 -54 41 88
76 63 5 2 23 -45 15 8 414 19 32 -24 111 148 90 -101 137 -3 -3 2 38 -4 -42 -23 88 -6 -34 -29 30 40 46 7 -3 34 -22 65 86 4 -48 -10
-141 72 -64 -4 11 -10 -91 -52 19 463 -3 13 -43 -45 67 26 -64 67 13 39 -94 -18 76 78 18 -59 52 21 12 -49 -47 77 -12 -31 -45 54 -62 82 -7 18
-66 -51 -36 177 -9 51 32 -33 32 -3 395 -11 -22 57 17 -90 -7 43 0 -18 17 -49 -149 -2 51 -5 -42 31 -91 96 86 91 -44 85 43 2 -3 106 -38 21
-116 -22 97 -28 56 15 104 12 -24 13 -11 499 -74 20 -83 4 87 176 -57 117 -8 81 -35 16 -90 -10 18 -21 8 -75 -15 -7 22 -20 -11 27 83 54 -160 -103
80 -25 68 -95 -104 71 71 1 111 -43 -22 -74 499 -53 -2 9 31 -41 -61 67 -54 128 -13 -142 -14 -18 -44 6 55 145 -1 2 -32 -88 10 83 67 -11 -109 -50
32 18 18 64 19 -99 10 64 148 -45 57 20 -53 410 12 -29 131 -56 84 78 -54 33 -35 33 34 -78 -11 42 20 -87 55 44 45 -1 35 20 29 -77 27 47
52 102 122 41 -25 -36 -113 -83 90 67 17 -83 -2 12 397 -40 -9 45 -91 -14 -25 -49 -15 -10 132 66 -7 -9 43 -29 -11 -9 -28 88 56 -91 87 -19 -11 -26
9 36 -44 -22 -88 28 31 -44 -101 26 -90 4 9 -29 -40 398 -10 64 -45 90 -23 83 47 -53 36 -66 31 -11 15 -91 1 -88 -3 -67 -11 23 -32 -15 -64 56
44 11 40 14 3 -109 36 76 137 -64 -7 87 31 131 -9 -10 310 67 20 73 6 14 -44 -32 -2 -55 -68 -55 -3 60 -65 -23 5 -81 -14 -33 52 -64 -82 -47
-75 -54 149 2 -83 -19 18 -41 -3 67 43 176 -41 -56 45 64 67 462 -55 148 -40 7 -90 -45 -39 105 -49 -108 -63 9 69 -78 7 -53 -27 -27 51 93 -136 -52
2 -109 -17 -42 -31 -82 21 18 -3 13 0 -57 -61 84 -91 -45 20 -55 339 -27 -43 21 -34 29 -71 -38 -18 88 -51 -45 -2 -46 -56 9 -38 -13 77 -86 72 -55
-17 56 60 53 -62 1 64 61 2 39 -18 117 67 78 -14 90 73 148 -27 434 -29 88 -124 -46 -5 -57 -109 -120 -56 -12 55 -44 135 25 -64 55 25 63 -108 -5
-113 113 -123 -65 -127 58 17 11 38 -94 17 -8 -54 -54 -25 -23 6 -40 -43 -29 430 -25 17 126 60 73 -22 -71 -6 44 -69 -100 28 122 -62 14 -69 -16 68 -87
43 -15 14 -110 -82 22 -58 -16 -4 -18 -49 81 128 33 -49 83 14 7 21 88 -25 415 -23 -28 -50 -78 -62 72 -27 -57 72 45 57 -54 -11 36 -64 -18 -160 -17
20 62 -79 -229 41 -105 1 -19 -42 76 -149 -35 -13 -35 -15 47 -44 -90 -34 -124 17 -23 355 0 -5 -12 77 65 96 -20 -65 56 53 -78 -98 72 -18 6 128 24
-206 30 -113 25 46 -32 -55 36 -23 78 -2 16 -142 33 -10 -53 -32 -45 29 -46 126 -28 0 409 -34 -52 -16 -75 98 -8 65 -24 -47 -9 -37 -3 -220 -112 32 -126
14 140 -30 -16 -25 7 -28 -38 88 18 51 -90 -14 34 132 36 -2 -39 -71 -5 60 -50 -5 -34 366 -34 -4 -9 -25 7 -27 46 7 -14 -3 6 59 11 9 64
84 -19 108 -29 -89 7 -76 -9 -6 -59 -5 -10 -18 -78 66 -66 -55 105 -38 -57 73 -78 -12 -52 -34 411 144 -81 42 40 -77 -149 57 27 134 19 20 6 82 -50
-50 28 7 -15 -25 -20 -15 -12 -34 52 -42 18 -44 -11 -7 31 -68 -49 -18 -109 -22 -62 77 -16 -4 144 306 95 80 -16 -64 -52 52 7 88 -19 43 56 109 -4
70 17 -54 0 2 -4 28 -22 -29 21 31 -21 6 42 -9 -11 -55 -108 88 -120 -71 72 65 -75 -9 -81 95 385 -23 -160 33 59 -15 -18 19 -48 111 49 94 0
37 69 -37 -49 38 -41 -11 -45 30 12 -91 8 55 20 43 15 -3 -63 -51 -56 -6 -27 96 98 -25 42 80 -23 304 63 28 -34 55 -103 47 76 -80 -105 -78 -110
-43 -112 27 -28 71 6 121 34 40 -49 96 -75 145 -87 -29 -91 60 9 -45 -12 44 -57 -20 -8 7 40 -16 -160 63 399 -41 0 97 19 -72 112 -29 -9 -129 -8
-14 8 -33 63 -75 58 86 43 46 -47 86 -15 -1 55 -11 1 -65 69 -2 55 -69 72 -65 65 -27 -77 -64 33 28 -41 383 86 -84 27 64 102 -31 47 -72 88
-16 37 34 -10 74 -4 -8 71 7 77 91 -7 2 44 -9 -88 -23 -78 -46 -44 -100 45 56 -24 46 -149 -52 59 -34 0 86 364 -85 -24 12 39 -69 63 6 180
16 -42 28 -55 116 -23 -22 -1 -3 -12 -44 22 -32 45 -28 -3 5 7 -56 135 28 57 53 -47 7 57 52 -15 55 97 -84 -85 415 23 -114 44 -11 23 -25 -43
-98 -35 5 120 -12 87 30 33 34 -31 85 -20 -88 -1 88 -67 -81 -53 9 25 122 -54 -78 -9 -14 27 7 -18 -103 19 27 -24 23 376 -36 34 10 91 38 72
64 2 6 125 -88 -15 -147 -24 -22 -45 43 -11 10 35 56 -11 -14 -27 -38 -64 -62 -11 -98 -37 -3 134 88 19 47 -72 64 12 -114 -36 410 -26 -22 93 -10 89
-11 -49 17 -63 27 56 131 66 65 54 2 27 83 20 -91 23 -33 -27 -13 55 14 36 72 -3 6 19 -19 -48 76 112 102 39 44 34 -26 392 -24 17 -112 156
53 -76 132 -42 -44 -77 165 -67 86 -62 -3 83 67 29 87 -32 52 51 77 25 -69 -64 -18 -220 59 20 43 111 -80 -29 -31 -69 -11 10 -22 -24 481 15 -16 66
-54 27 -56 47 -4 12 -24 -54 4 82 106 54 -11 -77 -19 -15 -64 93 -86 63 -16 -18 6 -112 11 6 56 49 -105 -9 47 63 23 91 93 17 15 400 -3 110
10 44 7 -6 8 14 -74 41 -48 -7 -38 -160 -109 27 -11 -64 -82 -136 72 -108 68 -160 128 32 9 82 109 94 -78 -129 -72 6 -25 38 -10 -112 -16 -3 449 -12
43 -38 22 39 -14 51 34 88 -10 18 21 -103 -50 47 -26 56 -47 -52 -55 -5 -87 -17 24 -126 64 -50 -4 0 -110 -8 88 180 -43 72 89 156 66 110 -12 442

Q_cnstr 
166 -1 31 -27 -15 23 18 -34 35 -30 -8 -8 -15 3 -23 1 17 34 9 5 51 -41 18 0 20 -15 -10 19 4 -24 5 8 8 5 11 -2 2 25 38 11
-1 81 -5 -1 41 -27 -4 -19 0 10 -6 -9 -8 23 -26 11 -15 34 -7 4 16 -3 4 -33 -13 6 11 -37 -20 16 11 -15 -18 13 4 -8 -15 21 -11 1
31 -5 134 4 7 -27 10 8 15 -4 10 -14 -18 3 28 3 -7 16 22 -18 -25 -11 -12 33 7 5 -23 8 6 -8 -2 19 37 1 -14 -7 4 -33 24 7
-27 -1 4 106 1 12 -16 20 -3 47 -36 -7 2 15 21 -24 -13 -4 29 1 -20 14 1 -19 5 -10 19 20 1 -6 3 14 20 7 -10 6 4 -25 -2 4
-15 41 7 1 170 -7 -9 -43 33 25 -13 -8 1 20 -21 48 -4 26 39 12 -43 5 -3 -16 -13 24 31 -24 -6 8 -1 8 -2 5 -51 -27 1 -6 -7 -1
23 -27 -27 12 -7 168 -15 31 14 -44 20 0 -2 -10 31 -37 8 20 27 -19 6 5 22 -7 29 -21 -11 30 23 -25 35 -9 22 -24 37 -21 -7 26 -7 8
18 -4 10 -16 -9 -15 109 4 5 -8 5 -2 -9 -14 -8 -7 -28 18 -18 -4 11 -20 31 21 7 24 -10 -6 25 -6 6 -6 8 -6 -33 -4 -21 11 9 5
-34 -19 8 20 -43 31 4 175 -22 -53 30 4 8 10 71 -49 -48 -68 1 -32 42 -3 15 -8 -12 -3 -15 32 26 8 -4 -13 20 -17 22 -3 -29 -37 -18 -30
35 0 15 -3 33 14 5 -22 105 -2 -6 -17 -17 -16 22 -5 -8 37 13 -21 -11 0 -1 32 34 6 2 -7 5 11 -34 -11 22 14 -32 14 5 -14 5 -16
-30 10 -4 47 25 -44 -8 -53 -2 169 -37 -13 11 1 -65 31 18 21 4 37 -30 12 -33 -9 -8 -27 25 -4 -24 -10 -20 21 17 39 3 10 2 9 -5 6
-8 -6 10 -36 -13 20 5 30 -6 -37 70 1 -8 -16 -10 -16 -8 -7 -28 22 4 2 4 12 21 2 -3 8 -7 7 10 -8 -18 0 11 -2 -8 9 -15 -10
-8 -9 -14 -7 -8 0 -2 4 -17 -13 1 54 3 1 27 -33 24 -6 -5 -21 21 4 -16 -16 7 -1 -1 1 -3 -20 5 -14 -11 17 8 24 12 15 -8 26
-15 -8 -18 2 1 -2 -9 8 -17 11 -8 3 97 -11 14 20 -24 0 13 8 -25 -12 14 6 10 2 -17 8 4 -5 4 -26 -2 -9 -27 8 -4 -16 -16 -17
3 23 3 15 20 -10 -14 10 -16 1 -16 1 -11 72 2 20 4 3 22 -12 22 -4 -18 -39 -50 17 -8 -5 -24 5 13 -3 20 4 25 -1 -3 5 11 8
-23 -26 28 21 -21 31 -8 71 22 -65 -10 27 14 2 233 -43 -26 15 42 -103 24 9 0 12 -12 28 18 17 26 -1 3 -15 40 8 0 7 -6 -34 -4 6
1 11 3 -24 48 -37 -7 -49 -5 31 -16 -33 20 20 -43 149 -17 17 9 14 -33 -1 -5 5 -36 -4 -25 1 -9 -6 8 -10 -2 -4 -25 -29 14 -14 -9 -12
17 -15 -7 -13 -4 8 -28 -48 -8 18 -8 24 -24 4 -26 -17 102 13 -24 3 -1 45 -40 0 3 -14 14 9 -13 -9 9 11 5 14 12 23 34 32 21 24
34 34 16 -4 26 20 18 -68 37 21 -7 -6 0 3 15 17 13 156 5 -17 0 14 6 16 11 -7 22 -11 -14 5 2 -16 10 13 -44 -11 -3 43 -1 11
9 -7 22 29 39 27 -18 1 13 4 -28 -5 13 22 42 9 -24 5 145 -18 25 -11 -4 2 -22 18 2 -19 20 -29 0 2 1 -31 -36 -7 -11 -46 26 -15
5 4 -18 1 12 -19 -4 -32 -21 37 22 -21 8 -12 -103 14 3 -17 -18 198 -6 6 9 -32 41 -10 1 2 -25 -1 11 23 -26 -14 -24 10 -15 -28 -2 -4
51 16 -25 -20 -43 6 11 42 -11 -30 4 21 -25 22 24 -33 -1 0 25 -6 142 -36 19 -32 -21 5 -3 -12 -15 -18 -3 -26 -15 11 1 10 -33 13 13 8
-41 -3 -11 14 5 5 -20 -3 0 12 2 4 -12 -4 9 -1 45 14 -11 6 -36 133 -26 8 9 -8 25 7 -6 15 22 14 20 -7 24 21 4 -26 27 -14
18 4 -12 1 -3 22 31 15 -1 -33 4 -16 14 -18 0 -5 -40 6 -4 9 19 -26 105 23 -1 -14 -5 -8 13 3 3 -4 3 -20 -13 -22 -37 10 8 -10
0 -33 33 -19 -16 -7 21 -8 32 -9 12 -16 6 -39 12 5 0 16 2 -32 -32 8 23 115 21 -30 11 -6 21 -2 -14 -8 11 -7 -65 14 13 -37 23 -22
20 -13 7 5 -13 29 7 -12 34 -8 21 7 10 -50 -12 -36 3 11 -22 41 -21 9 -1 21 100 -25 0 17 15 -6 -3 -19 3 15 -30 30 10 -15 -2 5
-15 6 5 -10 24 -21 24 -3 6 -27 2 -1 2 17 28 -4 -14 -7 18 -10 5 -8 -14 -30 -25 110 -10 -5 19 3 5 14 2 -10 -13 -2 -19 6 14 -5
-10 11 -23 19 31 -11 -10 -15 2 25 -3 -1 -17 -8 18 -25 14 22 2 1 -3 25 -5 11 0 -10 113 4 -12 17 -24 25 -30 14 19 -6 6 -14 22 -1
19 -37 8 20 -24 30 -6 32 -7 -4 8 1 8 -5 17 1 9 -11 -19 2 -12 7 -8 -6 17 -5 4 68 0 -13 4 16 24 6 13 -9 17 4 3 3
4 -20 6 1 -6 23 25 26 5 -24 -7 -3 4 -24 26 -9 -13 -14 20 -25 -15 -6 13 21 15 19 -12 0 89 -11 12 -2 0 -21 -19 -4 -7 1 -6 -33
-24 16 -8 -6 8 -25 -6 8 11 -10 7 -20 -5 5 -1 -6 -9 5 -29 -1 -18 15 3 -2 -6 3 17 -13 -11 67 -23 4 8 6 5 -16 -5 -13 2 -15
5 11 -2 3 -1 35 6 -4 -34 -20 10 5 4 13 3 8 9 2 0 11 -3 22 3 -14 -3 5 -24 4 12 -23 92 -9 3 -12 -9 -11 1 23 -13 6
8 -15 19 14 8 -9 -6 -13 -11 21 -8 -14 -26 -3 -15 -10 11 -16 2 23 -26 14 -4 -8 -19 14 25 16 -2 4 -9 81 20 -4 29 -20 13 8 17 -2
8 -18 37 20 -2 22 8 20 22 17 -18 -11 -2 20 40 -2 5 10 1 -26 -15 20 3 11 3 2 -30 24 0 8 3 20 115 18 -8 10 3 -1 15 7
5 13 1 7 5 -24 -6 -17 14 39 0 17 -9 4 8 -4 14 13 -31 -14 11 -7 -20 -7 15 -10 14 6 -21 6 -12 -4 18 66 -2 23 18 5 -9 18
11 4 -14 -10 -51 37 -33 22 -32 3 11 8 -27 25 0 -25 12 -44 -36 -24 1 24 -13 -65 -30 -13 19 13 -19 5 -9 29 -8 -2 227 -4 -16 21 22 16
-2 -8 -7 6 -27 -21 -4 -3 14 10 -2 24 8 -1 7 -29 23 -11 -7 10 10 21 -22 14 30 -2 -6 -9 -4 -16 -11 -20 10 23 -4 79 5 -29 14 3
2 -15 4 4 1 -7 -21 -29 5 2 -8 12 -4 -3 -6 14 34 -3 -11 -15 -33 4 -37 13 10 -19 6 17 -7 -5 1 13 3 18 -16 5 64 2 -13 15
25 21 -33 -25 -6 26 11 -37 -14 9 9 15 -16 5 -34 -14 32 43 -46 -28 13 -26 10 -37 -15 6 -14 4 1 -13 23 8 -1 5 21 -29 2 156 -44 8
38 -11 24 -2 -7 -7 9 -18 5 -5 -15 -8 -16 11 -4 -9 21 -1 26 -2 13 27 8 23 -2 14 22 3 -6 2 -13 17 15 -9 22 14 -13 -44 95 18
11 1 7 4 -1 8 5 -30 -16 6 -10 26 -17 8 6 -12 24 11 -15 -4 8 -14 -10 -22 5 -5 -1 3 -33 -15 6 -2 7 18 16 3 15 8 18 73

