Q_obj 
181 -29 54 -44 -81 -6 56 -70 -9 -31 -46 -5 -28 88 -98 -19 -4
-29 210 -72 73 26 18 16 109 -30 55 -27 -17 -50 -78 53 47 102
54 -72 174 -55 -21 -63 -21 -165 -16 -31 -8 2 33 68 -19 1 10
-44 73 -55 163 14 -5 72 60 44 47 19 14 34 -30 56 50 30
-81 26 -21 14 195 3 -74 -3 16 4 85 30 86 -38 -38 56 -35
-6 18 -63 -5 3 163 -33 70 64 -36 10 -4 -25 -20 -3 23 56
56 16 -21 72 -74 -33 174 33 71 36 -32 -28 -6 -5 -14 -63 -1
-70 109 -165 60 -3 70 33 251 18 27 -17 -59 -25 -95 79 24 5
-9 -30 -16 44 16 64 71 18 178 18 37 16 6 -41 -1 -47 -30
-31 55 -31 47 4 -36 36 27 18 182 19 -11 -14 8 65 -26 -6
-46 -27 -8 19 85 10 -32 -17 37 19 135 5 32 -16 23 -22 -58
-5 -17 2 14 30 -4 -28 -59 16 -11 5 211 13 27 67 44 4
-28 -50 33 34 86 -25 -6 -25 6 -14 32 13 145 27 -14 44 -31
88 -78 68 -30 -38 -20 -5 -95 -41 8 -16 27 27 151 -28 39 -8
-98 53 -19 56 -38 -3 -14 79 -1 65 23 67 -14 -28 223 19 35
-19 47 1 50 56 23 -63 24 -47 -26 -22 44 44 39 19 168 39
-4 102 10 30 -35 56 -1 5 -30 -6 -58 4 -31 -8 35 39 153

Q_cnstr 
43 8 -7 -2 -3 8 -6 -22 -25 14 -26 7 15 -5 -6 -6 -10
8 100 -2 29 -15 -12 24 13 12 19 -14 -6 1 7 -30 12 -4
-7 -2 60 -24 -5 -25 15 -20 50 -53 11 9 8 -27 -22 3 -7
-2 29 -24 57 5 35 0 -3 -5 26 -7 1 -6 21 -2 -3 2
-3 -15 -5 5 61 19 2 -11 5 12 5 23 -6 -7 -21 -1 -2
8 -12 -25 35 19 68 -16 2 -29 28 18 28 2 -6 0 10 3
-6 24 15 0 2 -16 64 15 28 -37 9 4 23 -1 -12 -16 15
-22 13 -20 -3 -11 2 15 98 -42 15 15 -13 -14 2 -16 5 15
-25 12 50 -5 5 -29 28 -42 118 -38 21 4 22 -5 -8 -11 -5
14 19 -53 26 12 28 -37 15 -38 125 -24 -13 -20 -5 -2 11 8
-26 -14 11 -7 5 18 9 15 21 -24 83 25 3 -4 15 17 18
7 -6 9 1 23 28 4 -13 4 -13 25 65 2 -13 -34 0 -27
15 1 8 -6 -6 2 23 -14 22 -20 3 2 49 -1 3 -10 24
-5 7 -27 21 -7 -6 -1 2 -5 -5 -4 -13 -1 56 14 -6 -6
-6 -30 -22 -2 -21 0 -12 -16 -8 -2 15 -34 3 14 81 -8 24
-6 12 3 -3 -1 10 -16 5 -11 11 17 0 -10 -6 -8 43 -1
-10 -4 -7 2 -2 3 15 15 -5 8 18 -27 24 -6 24 -1 78

