Q_obj 
487 2 17 63 -34 52 20 5 4 -69 73 -41 -59 -97 50 54 28 -48 -150 -99 34 86 35 64 50 53 69 -38 4 22 -70 -74 -54 21 5 126 71 80 26 -5 28 4 25 22 -40
2 457 -68 -40 20 -128 51 66 137 52 -48 10 78 -125 -127 -51 38 -26 39 -28 -26 -28 -32 57 -68 36 -84 5 101 -70 52 -21 24 42 -26 -49 -80 -14 100 6 25 163 41 -44 -41
17 -68 392 -47 -23 68 64 -38 3 100 -34 101 111 77 -53 227 30 -40 20 27 19 33 -4 31 -66 -38 41 -24 -46 -41 -17 -52 90 -32 98 -15 -43 -2 -29 -22 102 -69 50 80 -3
63 -40 -47 563 -31 163 -18 -12 29 17 64 -8 -25 -51 43 9 135 6 -69 -57 58 56 71 -13 -14 20 5 -87 -169 28 -22 45 17 50 -11 -38 -34 2 82 -23 42 -133 49 67 60
-34 20 -23 -31 423 3 59 43 -61 -44 -9 110 -39 3 86 32 4 46 -79 141 -10 -11 -10 -67 -91 192 -49 -94 148 -65 66 -92 -33 39 87 -69 -6 -124 -22 -31 73 -49 -48 -8 -166
52 -128 68 163 3 469 10 -28 19 44 95 36 -67 -18 -78 28 34 -16 -34 -8 -56 -37 -59 -34 -32 -21 100 -130 -57 -44 -65 52 111 103 25 0 -2 -17 -114 21 -7 -93 -110 147 -124
20 51 64 -18 59 10 346 -45 -69 33 -17 115 28 -26 59 -15 -7 -33 -2 81 -1 -29 0 68 -40 2 36 -42 39 -24 14 3 5 67 13 -9 -42 -84 -28 30 108 -23 42 37 -3
5 66 -38 -12 43 -28 -45 395 11 -149 45 -28 46 -51 -52 19 76 -5 43 53 99 -5 -75 -11 98 -10 -39 34 -73 -42 15 -109 -18 -80 -42 20 -62 12 96 -48 -96 96 78 -18 6
4 137 3 29 -61 19 -69 11 481 -16 123 -119 81 27 -134 -58 75 -118 -6 65 -30 24 -101 115 29 66 -38 1 40 -25 -26 11 -27 63 104 -57 33 41 -67 38 -69 20 -65 -21 -49
-69 52 100 17 -44 44 33 -149 -16 451 -63 13 64 -18 -16 113 -73 4 89 -92 9 5 100 46 -53 -63 -19 -55 67 -39 111 130 49 93 -113 34 31 -54 -50 -29 72 -132 114 66 22
73 -48 -34 64 -9 95 -17 45 123 -63 434 -31 -107 44 -3 -20 14 -23 -40 71 -37 -8 -16 41 73 44 9 -32 47 -28 36 24 11 20 43 -2 -48 138 -169 61 38 31 -159 -51 80
-41 10 101 -8 110 36 115 -28 -119 13 -31 442 94 -47 -6 59 -124 50 -96 46 49 -2 35 -31 -118 144 7 14 46 -102 -16 -86 115 -26 90 -5 -16 -61 -8 23 90 7 95 -35 -122
-59 78 111 -25 -39 -67 28 46 81 64 -107 94 491 52 16 -33 -28 -114 -24 -26 106 -43 -42 16 -89 73 -31 41 -96 -10 112 -103 115 48 16 -76 -15 -65 125 -87 -45 -57 152 24 -57
-97 -125 77 -51 3 -18 -26 -51 27 -18 44 -47 52 417 26 40 -39 -44 86 28 -33 -38 55 -84 -28 89 2 18 81 15 104 0 -73 9 -7 -26 -39 2 23 -92 -21 -37 -96 39 38
50 -127 -53 43 86 -78 59 -52 -134 -16 -3 -6 16 26 493 -33 20 24 -12 -31 38 -50 30 91 -8 10 1 85 60 -1 31 -13 -58 -53 -38 46 -13 -47 2 6 157 -213 -11 71 41
54 -51 227 9 32 28 -15 19 -58 113 -20 59 -33 40 -33 414 83 -4 54 -39 -47 108 120 -12 -31 -40 17 -40 60 -77 0 -49 -1 -110 -23 80 -16 -24 46 -17 19 -50 54 28 -4
28 38 30 135 4 34 -7 76 75 -73 14 -124 -28 -39 20 83 427 -17 -52 97 -46 110 38 -45 115 -86 45 66 -162 14 -101 -23 29 23 -145 -37 -15 15 46 8 4 -7 -6 145 15
-48 -26 -40 6 46 -16 -33 -5 -118 4 -23 50 -114 -44 24 -4 -17 340 -81 -64 6 54 -25 -4 -59 -19 18 -12 96 -69 -6 -130 -19 -3 -7 55 64 52 87 -4 72 14 91 23 24
-150 39 20 -69 -79 -34 -2 43 -6 89 -40 -96 -24 86 -12 54 -52 -81 476 -12 -136 -46 8 122 -4 -13 -28 78 -16 13 153 141 10 -84 -141 -15 2 -25 11 -33 26 15 -43 -42 88
-99 -28 27 -57 141 -8 81 53 65 -92 71 46 -26 28 -31 -39 97 -64 -12 458 -21 -78 -5 -24 54 45 -25 -2 -5 45 -111 4 31 -85 34 -83 -61 -53 -115 84 0 113 -6 -37 -16
34 -26 19 58 -10 -56 -1 99 -30 9 -37 49 106 -33 38 -47 -46 6 -136 -21 364 -35 -3 -38 -58 45 62 -71 -52 42 -80 8 -3 -40 90 -11 -39 12 153 66 -65 -79 180 -3 55
86 -28 33 56 -11 -37 -29 -5 24 5 -8 -2 -43 -38 -50 108 110 54 -46 -78 -35 445 53 -87 22 61 -61 87 -130 24 31 36 -127 65 10 112 39 -22 -65 -155 -95 1 141 96 -50
35 -32 -4 71 -10 -59 0 -75 -101 100 -16 35 -42 55 30 120 38 -25 8 -5 -3 53 460 -92 -92 28 5 21 0 -1 -10 121 -71 -29 -142 108 -108 -158 -29 -83 18 -36 58 -62 80
64 57 31 -13 -67 -34 68 -11 115 46 41 -31 16 -84 91 -12 -45 -4 122 -24 -38 -87 -92 521 -33 -138 -60 -46 33 -41 -21 -90 -99 43 77 -21 138 148 43 51 145 -10 -1 31 21
50 -68 -66 -14 -91 -32 -40 98 29 -53 73 -118 -89 -28 -8 -31 115 -59 -4 54 -58 22 -92 -33 376 -99 15 111 -54 7 -42 56 -14 -26 -111 21 20 71 -90 60 -42 83 -60 -52 104
53 36 -38 20 192 -21 2 -10 66 -63 44 144 73 89 10 -40 -86 -19 -13 45 45 61 28 -138 -99 526 23 -33 79 -24 64 -15 -21 -11 80 15 -27 -100 -6 1 -2 27 6 -122 -83
69 -84 41 5 -49 100 36 -39 -38 -19 9 7 -31 2 1 17 45 18 -28 -25 62 -61 5 -60 15 23 339 -94 -7 10 -59 11 19 22 -100 -106 0 56 5 105 7 -51 -53 2 65
-38 5 -24 -87 -94 -130 -42 34 1 -55 -32 14 41 18 85 -40 66 -12 78 -2 -71 87 21 -46 111 -33 -94 366 -88 -25 38 -6 31 -67 -67 121 36 -10 -82 -137 21 55 14 -14 42
4 101 -46 -169 148 -57 39 -73 40 67 47 46 -96 81 60 60 -162 96 -16 -5 -52 -130 0 33 -54 79 -7 -88 613 -65 -6 15 -37 -45 13 71 -28 -51 47 118 42 -60 -115 -106 -63
22 -70 -41 28 -65 -44 -24 -42 -25 -39 -28 -102 -10 15 -1 -77 14 -69 13 45 42 24 -1 -41 7 -24 10 -25 -65 314 -69 33 -52 10 -11 -48 32 34 38 91 -146 12 6 25 25
-70 52 -17 -22 66 -65 14 15 -26 111 36 -16 112 104 31 0 -101 -6 153 -111 -80 31 -10 -21 -42 64 -59 38 -6 -69 433 -41 -73 51 -131 -69 37 15 1 -131 89 -9 -4 16 -14
-74 -21 -52 45 -92 52 3 -109 11 130 24 -86 -103 0 -13 -49 -23 -130 141 4 8 36 121 -90 56 -15 11 -6 15 33 -41 509 78 -11 -76 117 -18 -108 -139 94 -60 -122 -67 -77 128
-54 24 90 17 -33 111 5 -18 -27 49 11 115 115 -73 -58 -1 29 -19 10 31 -3 -127 -71 -99 -14 -21 19 31 -37 -52 -73 78 419 -18 -32 13 0 17 -55 49 21 0 11 18 43
21 42 -32 50 39 103 67 -80 63 93 20 -26 48 9 -53 -110 23 -3 -84 -85 -40 65 -29 43 -26 -11 22 -67 -45 10 51 -11 -18 456 -32 -121 83 -3 -89 -204 -26 -54 -48 187 -39
5 -26 98 -11 87 25 13 -42 104 -113 43 90 16 -7 -38 -23 -145 -7 -141 34 90 10 -142 77 -111 80 -100 -67 13 -11 -131 -76 -32 -32 523 -3 15 41 -17 85 2 -1 -78 -120 -135
126 -49 -15 -38 -69 0 -9 20 -57 34 -2 -5 -76 -26 46 80 -37 55 -15 -83 -11 112 108 -21 21 15 -106 121 71 -48 -69 117 13 -121 -3 489 112 -91 -51 29 18 -69 122 -30 32
71 -80 -43 -34 -6 -2 -42 -62 33 31 -48 -16 -15 -39 -13 -16 -15 64 2 -61 -39 39 -108 138 20 -27 0 36 -28 32 37 -18 0 83 15 112 421 130 40 50 33 -48 11 41 -87
80 -14 -2 2 -124 -17 -84 12 41 -54 138 -61 -65 2 -47 -24 15 52 -25 -53 12 -22 -158 148 71 -100 56 -10 -51 34 15 -108 17 -3 41 -91 130 455 -2 64 80 102 -15 84 61
26 100 -29 82 -22 -114 -28 96 -67 -50 -169 -8 125 23 2 46 46 87 11 -115 153 -65 -29 43 -90 -6 5 -82 47 38 1 -139 -55 -89 -17 -51 40 -2 486 56 -56 -29 125 -41 -36
-5 6 -22 -23 -31 21 30 -48 38 -29 61 23 -87 -92 6 -17 8 -4 -33 84 66 -155 -83 51 60 1 105 -137 118 91 -131 94 49 -204 85 29 50 64 56 540 0 7 -52 -125 30
28 25 102 42 73 -7 108 -96 -69 72 38 90 -45 -21 157 19 4 72 26 0 -65 -95 18 145 -42 -2 7 21 42 -146 89 -60 21 -26 2 18 33 80 -56 0 494 -123 10 21 54
4 163 -69 -133 -49 -93 -23 96 20 -132 31 7 -57 -37 -213 -50 -7 14 15 113 -79 1 -36 -10 83 27 -51 55 -60 12 -9 -122 0 -54 -1 -69 -48 102 -29 7 -123 453 -2 -72 62
25 41 50 49 -48 -110 42 78 -65 114 -159 95 152 -96 -11 54 -6 91 -43 -6 180 141 58 -1 -60 6 -53 14 -115 6 -4 -67 11 -48 -78 122 11 -15 125 -52 10 -2 451 116 56
22 -44 80 67 -8 147 37 -18 -21 66 -51 -35 24 39 71 28 145 23 -42 -37 -3 96 -62 31 -52 -122 2 -14 -106 25 16 -77 18 187 -120 -30 41 84 -41 -125 21 -72 116 438 -62
-40 -41 -3 60 -166 -124 -3 6 -49 22 80 -122 -57 38 41 -4 15 24 88 -16 55 -50 80 21 104 -83 65 42 -63 25 -14 128 43 -39 -135 32 -87 61 -36 30 54 62 56 -62 410

Q_cnstr 
133 22 27 7 -19 31 -14 -2 -12 30 -5 33 -17 19 -26 54 17 0 -22 12 34 6 13 0 -21 18 21 -13 -24 -14 -24 29 51 -18 7 -25 -11 19 3 15 -66 2 -38 -38 10
22 102 38 11 25 -3 -23 23 -21 -13 16 15 -6 14 29 0 25 3 1 -13 18 -6 3 -18 9 -25 22 13 -19 10 -2 -4 4 21 10 5 -13 14 -16 -8 -9 15 12 1 -19
27 38 216 -3 -18 26 16 31 19 22 17 8 15 48 36 2 31 10 6 -1 -89 2 -2 20 11 1 12 26 -5 -13 47 6 48 29 0 35 60 5 0 17 -22 29 -31 0 -27
7 11 -3 136 -18 16 -12 45 -37 37 -4 38 -3 -2 -19 -4 8 48 -34 -1 43 9 3 -19 17 -45 45 20 18 9 -27 -12 19 50 -30 -10 18 31 0 0 -3 0 16 -22 -7
-19 25 -18 -18 141 -8 -14 7 -1 -10 -1 9 -20 -1 -1 -4 15 10 17 1 74 10 -23 -6 -24 20 10 -10 -21 -9 6 12 -13 2 -39 21 -3 -1 31 -3 25 11 19 17 -7
31 -3 26 16 -8 157 3 1 3 27 -14 -22 32 -13 -2 11 -9 -2 -6 29 -22 46 -1 -5 4 -19 -14 31 -44 21 -7 1 -2 24 -13 -25 17 -24 11 6 -20 9 -5 17 8
-14 -23 16 -12 -14 3 127 -6 10 21 1 -17 -4 -5 16 -12 -25 5 -15 -16 -82 11 -26 12 17 -11 -43 -9 26 -37 32 17 14 3 9 17 -12 -27 31 -3 -29 0 18 20 -21
-2 23 31 45 7 1 -6 153 -18 5 18 -11 7 15 45 4 25 56 -19 10 8 0 -20 1 15 0 6 15 23 32 17 0 -20 45 28 16 -22 -5 37 -26 -21 -11 24 -13 -4
-12 -21 19 -37 -1 3 10 -18 149 -11 -8 -41 -29 6 -23 14 12 6 -7 15 -79 -3 -13 40 9 25 -15 8 3 -21 -21 -18 25 32 1 0 43 -33 -5 -5 -21 14 -21 12 -2
30 -13 22 37 -10 27 21 5 -11 133 -35 -19 -6 24 2 -5 -3 8 -1 25 -50 17 -8 -3 -4 -15 0 -26 16 -11 -17 -10 4 9 -12 -11 -10 -9 14 9 -2 13 12 -19 -24
-5 16 17 -4 -1 -14 1 18 -8 -35 137 -8 -2 9 4 21 31 -22 5 -47 -40 -11 20 -17 25 17 24 -7 31 1 20 -11 9 -6 -15 57 -1 -28 14 8 -50 -16 11 24 31
33 15 8 38 9 -22 -17 -11 -41 -19 -8 214 11 24 -10 39 -6 4 13 -4 60 -2 33 48 -35 11 45 44 40 17 -20 25 62 5 -10 2 -32 59 -1 12 -47 -10 13 -43 -20
-17 -6 15 -3 -20 32 -4 7 -29 -6 -2 11 142 5 22 -12 -35 -38 13 40 -13 -10 47 -3 6 12 -26 -6 0 0 40 11 1 15 35 -2 32 -6 -15 -14 44 28 33 -50 -16
19 14 48 -2 -1 -13 -5 15 6 24 9 24 5 102 11 -13 47 11 6 5 -39 -6 16 25 -2 23 -2 -5 23 -13 -16 -7 30 3 1 33 26 25 31 -1 -28 28 18 15 -25
-26 29 36 -19 -1 -2 16 45 -23 2 4 -10 22 11 136 -26 -2 16 24 -37 -37 -1 23 0 2 35 -56 8 13 51 37 -25 -3 57 33 13 -18 -12 -10 -22 3 -4 22 -6 -8
54 0 2 -4 -4 11 -12 4 14 -5 21 39 -12 -13 -26 169 1 4 12 25 19 0 -4 31 -6 27 25 29 4 -22 9 14 38 4 11 13 -2 33 1 13 -70 -19 -54 5 15
17 25 31 8 15 -9 -25 25 12 -3 31 -6 -35 47 -2 1 112 33 -17 -19 -12 6 -4 -13 -5 -19 16 14 21 -25 -10 1 5 -25 -13 25 -6 3 3 4 -23 -25 10 48 14
0 3 10 48 10 -2 5 56 6 8 -22 4 -38 11 16 4 33 155 -24 2 74 -19 -23 7 34 1 -17 10 23 -9 -22 -9 -8 33 11 17 0 49 -18 -32 -21 1 0 10 -14
-22 1 6 -34 17 -6 -15 -19 -7 -1 5 13 13 6 24 12 -17 -24 100 15 -6 12 10 -3 3 20 0 22 -13 12 20 -19 -4 31 -32 15 4 -8 -2 -13 8 16 15 -13 -37
12 -13 -1 -1 1 29 -16 10 15 25 -47 -4 40 5 -37 25 -19 2 15 174 -19 1 6 37 35 21 -3 48 -25 -22 1 19 -22 13 -20 -23 22 32 16 -23 -14 17 15 0 -16
34 18 -89 43 74 -22 -82 8 -79 -50 -40 60 -13 -39 -37 19 -12 74 -6 -19 426 7 1 -62 -35 25 19 -57 -88 23 -24 52 -55 3 -35 -59 -32 86 -26 12 94 -3 -26 -73 36
6 -6 2 9 10 46 11 0 -3 17 -11 -2 -10 -6 -1 0 6 -19 12 1 7 113 1 -12 -15 -27 25 26 -1 13 10 -12 19 34 -58 -3 15 -24 45 -18 2 -16 17 21 -5
13 3 -2 3 -23 -1 -26 -20 -13 -8 20 33 47 16 23 -4 -4 -23 10 6 1 1 117 -17 -3 33 1 -14 11 11 32 -14 13 10 -18 4 29 15 -9 3 -26 8 -3 -40 18
0 -18 20 -19 -6 -5 12 1 40 -3 -17 48 -3 25 0 31 -13 7 -3 37 -62 -12 -17 154 4 28 -42 33 53 7 -19 -17 48 -8 7 32 13 41 12 12 -32 0 -3 24 -7
-21 9 11 17 -24 4 17 15 9 -4 25 -35 6 -2 2 -6 -5 34 3 35 -35 -15 -3 4 87 0 -22 17 -13 9 19 -18 -11 28 -14 32 16 15 -4 -21 -2 1 5 20 -42
18 -25 1 -45 20 -19 -11 0 25 -15 17 11 12 23 35 27 -19 1 20 21 25 -27 33 28 0 138 -50 -9 1 25 16 7 24 20 4 0 36 -6 5 -1 -40 3 -1 0 2
21 22 12 45 10 -14 -43 6 -15 0 24 45 -26 -2 -56 25 16 -17 0 -3 19 25 1 -42 -22 -50 247 8 -32 -21 2 16 -10 -2 -39 17 2 -9 -8 12 -30 -10 -19 -35 21
-13 13 26 20 -10 31 -9 15 8 -26 -7 44 -6 -5 8 29 14 10 22 48 -57 26 -14 33 17 -9 8 164 21 29 -14 -28 21 27 -38 2 -1 24 26 -26 -76 -10 5 38 -18
-24 -19 -5 18 -21 -44 26 23 3 16 31 40 0 23 13 4 21 23 -13 -25 -88 -1 11 53 -13 1 -32 21 192 -1 -4 -24 89 -2 5 34 29 -15 2 -27 -58 -5 38 18 2
-14 10 -13 9 -9 21 -37 32 -21 -11 1 17 0 -13 51 -22 -25 -9 12 -22 23 13 11 7 9 25 -21 29 -1 113 -19 -14 -4 36 -14 -7 -9 -6 3 -19 23 -28 -1 -18 3
-24 -2 47 -27 6 -7 32 17 -21 -17 20 -20 40 -16 37 9 -10 -22 20 1 -24 10 32 -19 19 16 2 -14 -4 -19 162 18 -15 14 -2 34 31 -14 7 19 11 7 4 2 -39
29 -4 6 -12 12 1 17 0 -18 -10 -11 25 11 -7 -25 14 1 -9 -19 19 52 -12 -14 -17 -18 7 16 -28 -24 -14 18 101 -10 -30 30 -21 -2 19 5 13 16 -4 -4 -1 9
51 4 48 19 -13 -2 14 -20 25 4 9 62 1 30 -3 38 5 -8 -4 -22 -55 19 13 48 -11 24 -10 21 89 -4 -15 -10 207 33 -6 8 70 -15 12 8 -70 12 9 -14 -34
-18 21 29 50 2 24 3 45 32 9 -6 5 15 3 57 4 -25 33 31 13 3 34 10 -8 28 20 -2 27 -2 36 14 -30 33 144 -18 -2 37 -12 -5 -43 11 15 23 -27 -41
7 10 0 -30 -39 -13 9 28 1 -12 -15 -10 35 1 33 11 -13 11 -32 -20 -35 -58 -18 7 -14 4 -39 -38 5 -14 -2 30 -6 -18 151 -24 -28 0 -28 9 11 13 -2 1 0
-25 5 35 -10 21 -25 17 16 0 -11 57 2 -2 33 13 13 25 17 15 -23 -59 -3 4 32 32 0 17 2 34 -7 34 -21 8 -2 -24 103 19 23 35 -3 -18 3 0 21 -18
-11 -13 60 18 -3 17 -12 -22 43 -10 -1 -32 32 26 -18 -2 -6 0 4 22 -32 15 29 13 16 36 2 -1 29 -9 31 -2 70 37 -28 19 159 13 -4 -16 3 44 -5 13 -32
19 14 5 31 -1 -24 -27 -5 -33 -9 -28 59 -6 25 -12 33 3 49 -8 32 86 -24 15 41 15 -6 -9 24 -15 -6 -14 19 -15 -12 0 23 13 153 -3 -8 1 15 -22 -7 -13
3 -16 0 0 31 11 31 37 -5 14 14 -1 -15 31 -10 1 3 -18 -2 16 -26 45 -9 12 -4 5 -8 26 2 3 7 5 12 -5 -28 35 -4 -3 137 18 -25 17 4 35 -12
15 -8 17 0 -3 6 -3 -26 -5 9 8 12 -14 -1 -22 13 4 -32 -13 -23 12 -18 3 12 -21 -1 12 -26 -27 -19 19 13 8 -43 9 -3 -16 -8 18 102 -3 3 -23 6 15
-66 -9 -22 -3 25 -20 -29 -21 -21 -2 -50 -47 44 -28 3 -70 -23 -21 8 -14 94 2 -26 -32 -2 -40 -30 -76 -58 23 11 16 -70 11 11 -18 3 1 -25 -3 225 -2 10 -14 -29
2 15 29 0 11 9 0 -11 14 13 -16 -10 28 28 -4 -19 -25 1 16 17 -3 -16 8 0 1 3 -10 -10 -5 -28 7 -4 12 15 13 3 44 15 17 3 -2 91 5 -19 -24
-38 12 -31 16 19 -5 18 24 -21 12 11 13 33 18 22 -54 10 0 15 15 -26 17 -3 -3 5 -1 -19 5 38 -1 4 -4 9 23 -2 0 -5 -22 4 -23 10 5 114 7 -28
-38 1 0 -22 17 17 20 -13 12 -19 24 -43 -50 15 -6 5 48 10 -13 0 -73 21 -40 24 20 0 -35 38 18 -18 2 -1 -14 -27 1 21 13 -7 35 6 -14 -19 7 161 -10
10 -19 -27 -7 -7 8 -21 -4 -2 -24 31 -20 -16 -25 -8 15 14 -14 -37 -16 36 -5 18 -7 -42 2 21 -18 2 3 -39 9 -34 -41 0 -18 -32 -13 -12 15 -29 -24 -28 -10 135

