Q_obj 
195 18 27 2 83 0 131 9 -1 33 -7 99 -57 30 51 -9 37 12 -63 58
18 170 88 -38 37 11 -62 9 48 -23 53 -46 3 6 35 -38 63 24 51 -19
27 88 243 -52 20 -23 -45 11 54 -8 -40 -85 -9 -1 31 -26 19 -37 -2 -16
2 -38 -52 185 59 25 23 -38 13 -113 54 22 11 -80 -5 68 1 81 24 68
83 37 20 59 183 -21 5 -38 27 -39 -35 -4 8 -39 -20 -34 84 37 37 63
0 11 -23 25 -21 149 40 37 17 -61 46 42 16 18 8 41 65 51 -10 -64
131 -62 -45 23 5 40 257 66 -36 20 3 116 -12 37 27 19 -1 13 -57 -5
9 9 11 -38 -38 37 66 175 15 -28 59 4 -5 -2 -28 -60 17 -37 16 -82
-1 48 54 13 27 17 -36 15 192 -18 -19 -49 49 20 10 24 19 -5 111 -10
33 -23 -8 -113 -39 -61 20 -28 -18 246 -95 -9 -38 74 -12 -65 -77 -43 -78 36
-7 53 -40 54 -35 46 3 59 -19 -95 194 -13 -6 -46 35 8 11 16 46 -59
99 -46 -85 22 -4 42 116 4 -49 -9 -13 229 -38 42 43 4 14 22 -38 54
-57 3 -9 11 8 16 -12 -5 49 -38 -6 -38 205 -32 -95 22 -7 41 32 -23
30 6 -1 -80 -39 18 37 -2 20 74 -46 42 -32 144 86 36 -21 -21 6 -40
51 35 31 -5 -20 8 27 -28 10 -12 35 43 -95 86 192 13 -22 -46 33 -18
-9 -38 -26 68 -34 41 19 -60 24 -65 8 4 22 36 13 234 -2 75 -34 -23
37 63 19 1 84 65 -1 17 19 -77 11 14 -7 -21 -22 -2 167 46 16 -27
12 24 -37 81 37 51 13 -37 -5 -43 16 22 41 -21 -46 75 46 167 -36 48
-63 51 -2 24 37 -10 -57 16 111 -78 46 -38 32 6 33 -34 16 -36 241 -68
58 -19 -16 68 63 -64 -5 -82 -10 36 -59 54 -23 -40 -18 -23 -27 48 -68 169

Q_cnstr 
53 30 5 -11 -15 -14 -11 1 -8 -21 -1 16 -8 -7 6 -25 2 4 -44 -8
30 109 -18 -5 11 -24 -8 23 12 1 52 63 23 -25 25 35 8 -42 4 23
5 -18 181 3 -19 20 77 -39 -19 17 34 -29 9 7 -20 -44 -18 -3 22 10
-11 -5 3 204 -11 6 -42 26 45 37 -2 -26 1 38 1 40 27 -38 -2 58
-15 11 -19 -11 51 17 -11 -13 -19 1 8 38 14 -9 26 16 -20 20 68 0
-14 -24 20 6 17 121 7 -14 -25 -7 -12 1 -8 31 0 26 23 -11 40 -3
-11 -8 77 -42 -11 7 92 -10 2 3 8 -3 9 -17 -13 -26 1 17 29 13
1 23 -39 26 -13 -14 -10 105 28 -24 7 32 11 -19 -56 52 17 -8 -32 3
-8 12 -19 45 -19 -25 2 28 99 19 35 -14 23 16 -7 8 6 18 -1 55
-21 1 17 37 1 -7 3 -24 19 62 9 -9 -3 6 28 4 -15 -9 3 27
-1 52 34 -2 8 -12 8 7 35 9 111 30 34 9 -22 7 9 -20 47 65
16 63 -29 -26 38 1 -3 32 -14 -9 30 160 26 -12 6 33 40 23 45 -19
-8 23 9 1 14 -8 9 11 23 -3 34 26 47 -2 10 17 -16 0 45 20
-7 -25 7 38 -9 31 -17 -19 16 6 9 -12 -2 88 4 -7 39 -31 7 21
6 25 -20 1 26 0 -13 -56 -7 28 -22 6 10 4 100 -9 -27 -12 23 -9
-25 35 -44 40 16 26 -26 52 8 4 7 33 17 -7 -9 153 25 -62 18 47
2 8 -18 27 -20 23 1 17 6 -15 9 40 -16 39 -27 25 101 -34 -6 5
4 -42 -3 -38 20 -11 17 -8 18 -9 -20 23 0 -31 -12 -62 -34 174 8 -21
-44 4 22 -2 68 40 29 -32 -1 3 47 45 45 7 23 18 -6 8 176 45
-8 23 10 58 0 -3 13 3 55 27 65 -19 20 21 -9 47 5 -21 45 141

