Q_obj 
237 43 -118 -42 -7 -25 -76 -9 -20 63 -6 -39 24 -38 111 5 20 16 10 5 -1 -21
43 228 -41 18 5 12 -59 -65 30 -83 21 -10 55 -79 -26 23 -2 -13 0 12 -18 35
-118 -41 269 17 99 -9 78 0 -8 5 -20 15 -43 50 -30 2 -12 -53 -81 -44 -2 -20
-42 18 17 231 15 7 113 71 -23 -8 28 113 15 -10 33 27 -42 21 40 -23 -8 53
-7 5 99 15 255 55 59 38 6 50 -17 -48 26 16 22 1 -49 -53 -51 74 -64 -24
-25 12 -9 7 55 219 36 -67 66 -59 29 33 -46 40 -23 19 19 43 -9 3 -54 30
-76 -59 78 113 59 36 231 66 -53 33 -11 10 -21 7 36 40 -33 59 67 -23 -37 -73
-9 -65 0 71 38 -67 66 214 -55 91 -14 1 63 3 -29 -61 -62 4 11 -3 -4 -5
-20 30 -8 -23 6 66 -53 -55 297 -101 121 32 -125 32 3 20 43 -93 12 66 -19 -21
63 -83 5 -8 50 -59 33 91 -101 206 -36 -29 -18 42 31 -107 -3 60 20 -30 49 25
-6 21 -20 28 -17 29 -11 -14 121 -36 217 92 -112 56 34 -39 14 -47 24 -41 -2 -23
-39 -10 15 113 -48 33 10 1 32 -29 92 204 -103 29 -24 5 -50 -15 31 -38 -31 57
24 55 -43 15 26 -46 -21 63 -125 -18 -112 -103 270 -35 21 -9 -31 -1 8 -14 -33 9
-38 -79 50 -10 16 40 7 3 32 42 56 29 -35 173 81 -40 23 -27 21 -39 29 -9
111 -26 -30 33 22 -23 36 -29 3 31 34 -24 21 81 271 38 47 -21 75 -46 16 -62
5 23 2 27 1 19 40 -61 20 -107 -39 5 -9 -40 38 183 -11 -64 1 79 -28 -65
20 -2 -12 -42 -49 19 -33 -62 43 -3 14 -50 -31 23 47 -11 187 4 -44 -83 101 18
16 -13 -53 21 -53 43 59 4 -93 60 -47 -15 -1 -27 -21 -64 4 240 59 -18 4 31
10 0 -81 40 -51 -9 67 11 12 20 24 31 8 21 75 1 -44 59 255 -47 2 -16
5 12 -44 -23 74 3 -23 -3 66 -30 -41 -38 -14 -39 -46 79 -83 -18 -47 300 -33 -41
-1 -18 -2 -8 -64 -54 -37 -4 -19 49 -2 -31 -33 29 16 -28 101 4 2 -33 160 57
-21 35 -20 53 -24 30 -73 -5 -21 25 -23 57 9 -9 -62 -65 18 31 -16 -41 57 191

Q_cnstr 
82 16 -16 -35 3 -11 -44 -7 30 38 42 10 -11 -11 -29 -4 -5 -9 26 14 -3 -3
16 25 -14 -15 -12 15 -14 13 -10 2 9 2 -5 -17 0 -14 -3 -21 27 4 11 4
-16 -14 54 20 9 1 20 -1 -27 -21 -12 -5 -21 25 20 20 -8 15 -24 9 3 -27
-35 -15 20 62 -4 8 30 13 -19 -12 -25 -18 1 13 -16 -5 4 11 -12 3 -10 10
3 -12 9 -4 80 -15 -11 -48 35 24 -28 -22 7 -1 14 15 -22 16 -22 -22 2 34
-11 15 1 8 -15 50 5 25 -3 -5 7 0 -20 -30 13 14 3 -19 12 6 10 -6
-44 -14 20 30 -11 5 89 4 -16 8 -19 9 -5 10 54 -2 15 10 -7 -15 -1 -3
-7 13 -1 13 -48 25 4 107 -39 7 3 -22 -7 -27 27 -31 7 -20 23 22 14 -38
30 -10 -27 -19 35 -3 -16 -39 116 31 2 17 -6 1 -6 19 -18 30 -8 -29 -12 41
38 2 -21 -12 24 -5 8 7 31 97 2 1 -5 -41 28 -13 25 0 10 -2 -6 16
42 9 -12 -25 -28 7 -19 3 2 2 94 37 16 -13 -66 0 38 -13 5 1 -14 -10
10 2 -5 -18 -22 0 9 -22 17 1 37 103 6 13 -8 21 21 -7 10 14 -21 11
-11 -5 -21 1 7 -20 -5 -7 -6 -5 16 6 69 -4 -35 -34 29 3 1 7 -13 20
-11 -17 25 13 -1 -30 10 -27 1 -41 -13 13 -4 96 -9 36 -18 49 -12 12 7 -22
-29 0 20 -16 14 13 54 27 -6 28 -66 -8 -35 -9 169 5 -33 5 5 20 30 -49
-4 -14 20 -5 15 14 -2 -31 19 -13 0 21 -34 36 5 117 -29 7 -43 0 13 -22
-5 -3 -8 4 -22 3 15 7 -18 25 38 21 29 -18 -33 -29 108 -3 0 7 -8 19
-9 -21 15 11 16 -19 10 -20 30 0 -13 -7 3 49 5 7 -3 95 -6 31 -16 -20
26 27 -24 -12 -22 12 -7 23 -8 10 5 10 1 -12 5 -43 0 -6 100 39 9 7
14 4 9 3 -22 6 -15 22 -29 -2 1 14 7 12 20 0 7 31 39 125 15 -62
-3 11 3 -10 2 10 -1 14 -12 -6 -14 -21 -13 7 30 13 -8 -16 9 15 48 -11
-3 4 -27 10 34 -6 -3 -38 41 16 -10 11 20 -22 -49 -22 19 -20 7 -62 -11 109

