Q_obj 
190 58 75 23 42 8 41 -74 50 2 16 -25 -6 -70 -33 18 -57 92 -2 12
58 256 -18 -5 -43 6 34 -31 -43 -72 -9 25 -21 8 -7 14 -34 16 -12 -19
75 -18 194 -94 38 49 56 -15 93 107 -16 31 63 -3 12 -1 -75 -56 35 -19
23 -5 -94 274 16 28 -92 18 -45 -21 17 -23 18 -80 -91 17 17 32 -26 79
42 -43 38 16 182 11 -17 -76 90 18 32 -36 -42 -11 21 -29 -67 -64 8 -2
8 6 49 28 11 238 66 8 6 72 -13 45 59 -49 -76 -27 42 24 13 -44
41 34 56 -92 -17 66 219 -86 9 18 46 -12 -45 -8 46 4 -56 12 -7 -23
-74 -31 -15 18 -76 8 -86 190 -23 27 -33 50 130 -10 -61 13 67 -16 -14 55
50 -43 93 -45 90 6 9 -23 164 36 46 28 25 -25 -18 -6 -7 -43 -27 -30
2 -72 107 -21 18 72 18 27 36 170 10 12 107 -14 21 -21 -14 -44 78 0
16 -9 -16 17 32 -13 46 -33 46 10 118 22 -22 -75 15 -11 8 -32 -1 23
-25 25 31 -23 -36 45 -12 50 28 12 22 206 -13 -42 -32 -8 67 -22 -27 -35
-6 -21 63 18 -42 59 -45 130 25 107 -22 -13 218 -34 -88 6 24 -3 27 36
-70 8 -3 -80 -11 -49 -8 -10 -25 -14 -75 -42 -34 164 128 53 -34 -41 4 -55
-33 -7 12 -91 21 -76 46 -61 -18 21 15 -32 -88 128 259 57 -88 -70 34 -42
18 14 -1 17 -29 -27 4 13 -6 -21 -11 -8 6 53 57 118 -13 36 -12 19
-57 -34 -75 17 -67 42 -56 67 -7 -14 8 67 24 -34 -88 -13 165 58 -10 -31
92 16 -56 32 -64 24 12 -16 -43 -44 -32 -22 -3 -41 -70 36 58 242 -3 -43
-2 -12 35 -26 8 13 -7 -14 -27 78 -1 -27 27 4 34 -12 -10 -3 110 -11
12 -19 -19 79 -2 -44 -23 55 -30 0 23 -35 36 -55 -42 19 -31 -43 -11 189

Q_cnstr 
44 -7 -7 -8 3 9 -7 -2 -17 8 2 17 -9 -4 0 -6 0 -5 23 -18
-7 87 5 9 27 37 -5 3 -4 -57 -19 -21 9 6 -17 20 -15 -2 19 29
-7 5 43 7 -3 -7 -8 6 -18 -35 4 15 7 -26 -2 -14 -2 6 -13 12
-8 9 7 31 1 3 -14 -15 4 -1 5 -2 1 -9 -23 22 15 -2 -6 -17
3 27 -3 1 82 42 13 16 -42 -20 -12 -14 23 -14 -12 0 -32 -23 43 29
9 37 -7 3 42 99 -10 -2 -38 -14 3 -24 12 -20 -50 19 -18 24 25 14
-7 -5 -8 -14 13 -10 155 23 19 27 15 -59 20 26 31 -23 4 6 41 -9
-2 3 6 -15 16 -2 23 73 -15 -7 -20 -19 12 -17 18 -31 -3 5 22 57
-17 -4 -18 4 -42 -38 19 -15 127 22 -7 -14 12 23 7 35 19 -9 -12 -3
8 -57 -35 -1 -20 -14 27 -7 22 110 35 -7 -5 20 -3 -10 29 13 4 -29
2 -19 4 5 -12 3 15 -20 -7 35 60 1 -7 -8 1 -29 35 11 -17 -9
17 -21 15 -2 -14 -24 -59 -19 -14 -7 1 102 -20 15 16 14 -12 -23 -25 12
-9 9 7 1 23 12 20 12 12 -5 -7 -20 50 -3 2 -1 -1 -5 14 29
-4 6 -26 -9 -14 -20 26 -17 23 20 -8 15 -3 148 25 29 21 -4 -10 27
0 -17 -2 -23 -12 -50 31 18 7 -3 1 16 2 25 67 -38 2 -10 -5 15
-6 20 -14 22 0 19 -23 -31 35 -10 -29 14 -1 29 -38 93 -9 -7 -4 -22
0 -15 -2 15 -32 -18 4 -3 19 29 35 -12 -1 21 2 -9 106 -8 -38 3
-5 -2 6 -2 -23 24 6 5 -9 13 11 -23 -5 -4 -10 -7 -8 60 -11 -9
23 19 -13 -6 43 25 41 22 -12 4 -17 -25 14 -10 -5 -4 -38 -11 79 -9
-18 29 12 -17 29 14 -9 57 -3 -29 -9 12 29 27 15 -22 3 -9 -9 164

