Q_obj 
406 27 -9 -20 112 11 -3 21 49 87 -82 12 -59 -3 53 39 -26 18 -221 110 54 13 60 -25 -66 -85 21 41 -11 0 -4 -60 27 8 50 47 24 -26 41 92
27 422 -50 -107 -89 84 8 -83 133 39 37 -3 -12 102 98 54 25 49 -38 27 20 28 54 74 102 104 -126 -3 85 48 -30 0 7 61 -60 -25 -10 -66 -28 -30
-9 -50 409 -143 42 39 -27 56 -9 54 157 -32 7 -57 -18 -57 97 49 62 -17 -28 -15 -19 50 -32 -17 8 57 -76 -39 61 47 -70 4 -69 -60 3 -27 134 70
-20 -107 -143 450 54 34 -22 23 -33 -111 -94 -31 -25 56 58 40 20 -92 -47 -45 1 -95 -119 -61 67 2 48 47 -5 -43 -14 -26 21 35 36 31 -4 -30 -159 -103
112 -89 42 54 404 58 -23 129 105 35 -116 29 -119 3 55 84 127 10 -106 -102 -98 -69 31 -6 3 -119 -4 21 -83 72 142 -4 54 11 25 -9 -11 -80 159 117
11 84 39 34 58 330 -4 -16 73 6 17 -97 47 0 -18 97 88 15 -55 -81 -25 30 -96 122 6 -70 -23 84 -71 32 -79 81 63 -16 -30 -79 -30 -68 5 -4
-3 8 -27 -22 -23 -4 281 -40 65 -2 -10 2 58 -32 -30 1 -69 -67 107 -6 -36 69 38 -2 -65 17 -25 22 58 5 -5 -9 72 -22 16 -42 12 -50 15 65
21 -83 56 23 129 -16 -40 310 -25 -35 -38 -28 -26 -21 52 61 75 19 -60 -69 -12 -41 -76 -1 1 -82 67 40 -139 -67 147 -70 -52 6 -70 -15 25 37 20 99
49 133 -9 -33 105 73 65 -25 455 34 28 -12 -90 51 5 18 22 37 -8 32 -121 64 17 6 -88 18 -137 -17 56 67 68 175 56 115 -17 -7 57 2 56 87
87 39 54 -111 35 6 -2 -35 34 352 -65 -8 -14 23 -48 25 -47 -18 -45 96 76 -15 1 -18 -55 -49 -41 -6 -9 -29 17 17 -38 -114 9 39 -141 5 29 110
-82 37 157 -94 -116 17 -10 -38 28 -65 446 27 -11 113 7 -62 78 38 70 -31 -71 79 5 -11 60 110 -52 -11 23 -69 135 -40 -110 18 -105 -87 61 16 -41 1
12 -3 -32 -31 29 -97 2 -28 -12 -8 27 379 -98 60 -23 10 -77 40 136 -36 7 -1 154 5 9 -30 14 -51 -3 -55 -74 -31 95 -47 75 -27 67 23 75 34
-59 -12 7 -25 -119 47 58 -26 -90 -14 -11 -98 472 -30 -134 14 -27 -27 73 -80 29 11 -3 88 64 -14 -22 48 152 -103 -21 54 50 -5 -46 -95 -192 92 -63 -6
-3 102 -57 56 3 0 -32 -21 51 23 113 60 -30 501 -37 122 17 23 9 -60 8 -107 79 -1 -59 43 -91 -17 75 -58 -25 -87 -104 -85 -25 -58 15 -47 0 -36
53 98 -18 58 55 -18 -30 52 5 -48 7 -23 -134 -37 459 9 44 50 -87 14 -89 28 -152 59 144 54 -10 81 49 20 146 -76 -66 17 -60 116 -6 -21 -172 -6
39 54 -57 40 84 97 1 61 18 25 -62 10 14 122 9 446 195 -135 -100 -24 36 -67 -45 -63 -52 -82 -39 77 45 -8 -29 15 96 -37 14 -74 24 -1 -94 115
-26 25 97 20 127 88 -69 75 22 -47 78 -77 -27 17 44 195 430 -69 -80 -16 -40 -29 -97 -7 102 -6 4 33 -66 -34 73 65 48 118 -8 -124 16 26 59 112
18 49 49 -92 10 15 -67 19 37 -18 38 40 -27 23 50 -135 -69 434 57 12 0 17 41 91 50 -100 -37 -10 -46 -56 -32 21 0 83 -34 -16 -100 -17 90 14
-221 -38 62 -47 -106 -55 107 -60 -8 -45 70 136 73 9 -87 -100 -80 57 428 -45 -92 47 74 111 12 73 0 -57 0 -75 -34 38 61 -60 77 -13 10 10 20 -14
110 27 -17 -45 -102 -81 -6 -69 32 96 -31 -36 -80 -60 14 -24 -16 12 -45 446 78 -50 26 -124 -54 126 38 -64 102 -100 -29 -40 -23 15 4 89 10 52 -19 -8
54 20 -28 1 -98 -25 -36 -12 -121 76 -71 7 29 8 -89 36 -40 0 -92 78 478 -90 -52 -14 3 -30 -62 53 21 -158 -164 45 29 28 -5 -5 -66 70 -85 74
13 28 -15 -95 -69 30 69 -41 64 -15 79 -1 11 -107 28 -67 -29 17 47 -50 -90 449 -11 -54 -44 14 65 54 27 63 -13 70 105 -15 -22 -58 79 32 38 54
60 54 -19 -119 31 -96 38 -76 17 1 5 154 -3 79 -152 -45 -97 41 74 26 -52 -11 497 -37 -115 86 -47 -138 71 94 -70 -2 7 35 72 -91 80 -35 243 -31
-25 74 50 -61 -6 122 -2 -1 6 -18 -11 5 88 -1 59 -63 -7 91 111 -124 -14 -54 -37 388 102 -66 2 -5 -77 30 0 61 12 -122 29 42 -91 -34 6 55
-66 102 -32 67 3 6 -65 1 -88 -55 60 9 64 -59 144 -52 102 50 12 -54 3 -44 -115 102 458 8 -60 3 46 -80 77 -56 -65 51 22 20 -122 -30 -42 13
-85 104 -17 2 -119 -70 17 -82 18 -49 110 -30 -14 43 54 -82 -6 -100 73 126 -30 14 86 -66 8 476 -43 -55 56 -2 97 -73 -89 13 -36 -3 52 -18 -63 -30
21 -126 8 48 -4 -23 -25 67 -137 -41 -52 14 -22 -91 -10 -39 4 -37 0 38 -62 65 -47 2 -60 -43 412 68 -99 30 95 -52 -11 -155 79 -12 21 117 65 -21
41 -3 57 47 21 84 22 40 -17 -6 -11 -51 48 -17 81 77 33 -10 -57 -64 53 54 -138 -5 3 -55 68 269 22 -22 -16 9 43 5 35 -81 24 82 -78 109
-11 85 -76 -5 -83 -71 58 -139 56 -9 23 -3 152 75 49 45 -66 -46 0 102 21 27 71 -77 46 56 -99 22 478 1 1 17 15 54 -24 18 -7 90 -60 -69
0 48 -39 -43 72 32 5 -67 67 -29 -69 -55 -103 -58 20 -8 -34 -56 -75 -100 -158 63 94 30 -80 -2 30 -22 1 354 42 53 37 -67 24 25 80 -107 79 -90
-4 -30 61 -14 142 -79 -5 147 68 17 135 -74 -21 -25 146 -29 73 -32 -34 -29 -164 -13 -70 0 77 97 95 -16 1 42 530 -71 -127 -66 -62 71 -96 8 4 98
-60 0 47 -26 -4 81 -9 -70 175 17 -40 -31 54 -87 -76 15 65 21 38 -40 45 70 -2 61 -56 -73 -52 9 17 53 -71 371 112 96 53 -28 -50 7 56 23
27 7 -70 21 54 63 72 -52 56 -38 -110 95 50 -104 -66 96 48 0 61 -23 29 105 7 12 -65 -89 -11 43 15 37 -127 112 344 69 70 -84 31 13 -15 64
8 61 4 35 11 -16 -22 6 115 -114 18 -47 -5 -85 17 -37 118 83 -60 15 28 -15 35 -122 51 13 -155 5 54 -67 -66 96 69 455 -27 -50 51 1 30 -40
50 -60 -69 36 25 -30 16 -70 -17 9 -105 75 -46 -25 -60 14 -8 -34 77 4 -5 -22 72 29 22 -36 79 35 -24 24 -62 53 70 -27 369 74 -7 22 47 84
47 -25 -60 31 -9 -79 -42 -15 -7 39 -87 -27 -95 -58 116 -74 -124 -16 -13 89 -5 -58 -91 42 20 -3 -12 -81 18 25 71 -28 -84 -50 74 351 -119 -100 -66 -52
24 -10 3 -4 -11 -30 12 25 57 -141 61 67 -192 15 -6 24 16 -100 10 10 -66 79 80 -91 -122 52 21 24 -7 80 -96 -50 31 51 -7 -119 434 55 -21 -65
-26 -66 -27 -30 -80 -68 -50 37 2 5 16 23 92 -47 -21 -1 26 -17 10 52 70 32 -35 -34 -30 -18 117 82 90 -107 8 7 13 1 22 -100 55 429 -57 95
41 -28 134 -159 159 5 15 20 56 29 -41 75 -63 0 -172 -94 59 90 20 -19 -85 38 243 6 -42 -63 65 -78 -60 79 4 56 -15 30 47 -66 -21 -57 474 53
92 -30 70 -103 117 -4 65 99 87 110 1 34 -6 -36 -6 115 112 14 -14 -8 74 54 -31 55 13 -30 -21 109 -69 -90 98 23 64 -40 84 -52 -65 95 53 414

Q_cnstr 
55 4 -26 26 -2 10 -1 2 1 -20 -8 18 24 -8 20 4 13 22 -7 22 -5 -16 -9 7 23 6 -3 1 12 1 -8 21 18 -5 13 14 13 10 12 1
4 147 37 14 0 -9 -21 44 -3 -1 20 -10 8 12 49 -5 0 -2 -35 23 18 10 21 19 -4 -24 -23 13 -2 -16 12 15 48 -18 -46 -32 -13 16 17 -9
-26 37 179 -25 -7 -49 -64 23 20 9 28 -36 3 1 25 -16 -23 -28 12 -20 23 24 27 52 7 -8 4 -14 0 44 13 7 9 -6 12 -33 -6 -8 -12 -16
26 14 -25 141 16 38 67 13 13 -25 -4 30 29 -25 -25 -5 11 3 -48 53 -29 -9 16 6 -20 -22 -17 48 8 4 23 10 16 -30 11 2 3 7 -28 21
-2 0 -7 16 121 32 56 -25 25 8 -3 13 -20 -24 -8 -11 33 -24 -8 -1 -13 4 6 -39 35 -59 -12 2 -11 3 15 18 -10 -6 -22 -23 21 13 -6 -21
10 -9 -49 38 32 79 31 -7 11 3 -6 3 -6 -23 -9 16 3 18 -11 18 -8 -5 6 -2 13 -18 14 25 12 -12 29 2 -11 -28 -16 1 -3 -9 -13 2
-1 -21 -64 67 56 31 189 -24 8 -15 -2 28 -10 -42 -8 -36 25 0 -47 28 -4 19 6 -52 -22 -28 10 42 14 -5 -2 1 -25 -30 6 8 10 -25 -9 -6
2 44 23 13 -25 -7 -24 99 -16 36 -7 -4 -16 -4 40 14 -3 -3 -4 20 12 -8 24 -5 -24 -18 -13 6 -9 31 -44 -36 16 -15 -17 -28 -20 -14 12 -5
1 -3 20 13 25 11 8 -16 106 38 -14 -10 -10 -23 4 -23 25 19 0 6 0 4 25 3 24 -24 -8 16 30 -16 42 -3 -5 35 20 -6 32 18 -48 7
-20 -1 9 -25 8 3 -15 36 38 173 0 -8 -24 -21 32 40 19 24 21 -9 28 22 -3 -14 13 -27 -8 5 28 41 2 -11 43 27 39 7 25 -50 0 9
-8 20 28 -4 -3 -6 -2 -7 -14 0 154 34 59 4 -19 18 33 -12 -15 1 47 9 -5 -13 -19 -5 29 -8 -6 5 2 -2 -8 -30 -13 -7 41 14 -4 -3
18 -10 -36 30 13 3 28 -4 -10 -8 34 152 31 4 -43 -28 38 -29 -12 22 -3 -31 21 -34 -40 -20 29 26 -17 6 26 3 31 6 -8 29 58 28 5 -12
24 8 3 29 -20 -6 -10 -16 -10 -24 59 31 222 27 -12 35 55 19 8 19 14 9 16 25 -2 29 12 48 13 47 45 27 19 -29 52 37 -3 -17 -14 6
-8 12 1 -25 -24 -23 -42 -4 -23 -21 4 4 27 104 5 -8 -1 12 32 29 23 -3 -1 14 -6 -2 -16 5 -22 5 24 -2 14 15 -3 -23 -26 27 16 -4
20 49 25 -25 -8 -9 -8 40 4 32 -19 -43 -12 5 140 14 -5 26 9 12 48 8 -9 23 34 -17 -9 11 44 25 -12 13 9 -29 1 -14 -22 -43 25 -4
4 -5 -16 -5 -11 16 -36 14 -23 40 18 -28 35 -8 14 106 9 8 29 2 5 15 -17 23 32 8 21 -18 2 -1 -20 4 40 4 23 15 12 -57 10 21
13 0 -23 11 33 3 25 -3 25 19 33 38 55 -1 -5 9 104 20 3 30 -2 -28 34 -22 8 -18 4 9 -1 -6 10 18 -8 -3 20 -15 14 13 -27 -25
22 -2 -28 3 -24 18 0 -3 19 24 -12 -29 19 12 26 8 20 84 23 33 14 -2 -13 13 12 18 -9 12 36 -7 14 2 0 -13 42 0 -14 4 -24 -5
-7 -35 12 -48 -8 -11 -47 -4 0 21 -15 -12 8 32 9 29 3 23 116 3 11 17 14 11 14 3 5 -20 11 -1 16 -17 5 9 -7 -14 -21 -12 -14 -11
22 23 -20 53 -1 18 28 20 6 -9 1 22 19 29 12 2 30 33 3 112 -10 -1 -3 18 13 14 -14 38 -1 -21 29 8 18 7 9 -27 -6 -9 -18 -2
-5 18 23 -29 -13 -8 -4 12 0 28 47 -3 14 23 48 5 -2 14 11 -10 137 3 24 -1 -30 -25 17 -6 25 -8 22 6 11 7 -28 9 0 -7 30 -16
-16 10 24 -9 4 -5 19 -8 4 22 9 -31 9 -3 8 15 -28 -2 17 -1 3 72 -13 18 13 -3 -2 11 40 18 11 -6 10 4 7 -9 -3 -31 -2 17
-9 21 27 16 6 6 6 24 25 -3 -5 21 16 -1 -9 -17 34 -13 14 -3 24 -13 131 -12 -36 -60 10 6 2 -16 22 -6 3 13 -34 -44 -1 23 -26 -30
7 19 52 6 -39 -2 -52 -5 3 -14 -13 -34 25 14 23 23 -22 13 11 18 -1 18 -12 128 24 55 6 6 28 5 60 36 2 26 40 0 -20 -44 -34 -2
23 -4 7 -20 35 13 -22 -24 24 13 -19 -40 -2 -6 34 32 8 12 14 13 -30 13 -36 24 137 -8 -12 -3 -4 -15 5 8 31 4 15 -3 7 -21 -21 10
6 -24 -8 -22 -59 -18 -28 -18 -24 -27 -5 -20 29 -2 -17 8 -18 18 3 14 -25 -3 -60 55 -8 159 9 -12 2 -23 14 15 -48 22 36 20 2 -10 -1 15
-3 -23 4 -17 -12 14 10 -13 -8 -8 29 29 12 -16 -9 21 4 -9 5 -14 17 -2 10 6 -12 9 67 -10 6 -5 8 8 8 1 0 18 23 -18 -5 -7
1 13 -14 48 2 25 42 6 16 5 -8 26 48 5 11 -18 9 12 -20 38 -6 11 6 6 -3 -12 -10 75 18 11 44 -1 -3 -13 10 4 -13 -20 -17 11
12 -2 0 8 -11 12 14 -9 30 28 -6 -17 13 -22 44 2 -1 36 11 -1 25 40 2 28 -4 2 6 18 151 24 17 23 22 3 48 25 11 -38 -23 10
1 -16 44 4 3 -12 -5 31 -16 41 5 6 47 5 25 -1 -6 -7 -1 -21 -8 18 -16 5 -15 -23 -5 11 24 143 -28 -4 15 -59 59 13 -23 -30 5 8
-8 12 13 23 15 29 -2 -44 42 2 2 26 45 24 -12 -20 10 14 16 29 22 11 22 60 5 14 8 44 17 -28 166 37 -24 27 0 -7 22 -20 -32 3
21 15 7 10 18 2 1 -36 -3 -11 -2 3 27 -2 13 4 18 2 -17 8 6 -6 -6 36 8 15 8 -1 23 -4 37 90 5 31 31 5 26 -23 12 -9
18 48 9 16 -10 -11 -25 16 -5 43 -8 31 19 14 9 40 -8 0 5 18 11 10 3 2 31 -48 8 -3 22 15 -24 5 175 32 13 66 32 -16 11 8
-5 -18 -6 -30 -6 -28 -30 -15 35 27 -30 6 -29 15 -29 4 -3 -13 9 7 7 4 13 26 4 22 1 -13 3 -59 27 31 32 170 24 17 66 -6 -8 1
13 -46 12 11 -22 -16 6 -17 20 39 -13 -8 52 -3 1 23 20 42 -7 9 -28 7 -34 40 15 36 0 10 48 59 0 31 13 24 169 32 53 -44 -18 18
14 -32 -33 2 -23 1 8 -28 -6 7 -7 29 37 -23 -14 15 -15 0 -14 -27 9 -9 -44 0 -3 20 18 4 25 13 -7 5 66 17 32 122 21 -31 14 19
13 -13 -6 3 21 -3 10 -20 32 25 41 58 -3 -26 -22 12 14 -14 -21 -6 0 -3 -1 -20 7 2 23 -13 11 -23 22 26 32 66 53 21 159 -2 12 16
10 16 -8 7 13 -9 -25 -14 18 -50 14 28 -17 27 -43 -57 13 4 -12 -9 -7 -31 23 -44 -21 -10 -18 -20 -38 -30 -20 -23 -16 -6 -44 -31 -2 145 -10 -11
12 17 -12 -28 -6 -13 -9 12 -48 0 -4 5 -14 16 25 10 -27 -24 -14 -18 30 -2 -26 -34 -21 -1 -5 -17 -23 5 -32 12 11 -8 -18 14 12 -10 113 5
1 -9 -16 21 -21 2 -6 -5 7 9 -3 -12 6 -4 -4 21 -25 -5 -11 -2 -16 17 -30 -2 10 15 -7 11 10 8 3 -9 8 1 18 19 16 -11 5 68

