Q_obj 
486 85 29 -118 26 -5 141 -33 -25 74 -40 40 -70 -12 13 142 -19 -16 22 -23 -15 -21 -38 23 -77 -153 27 63 -72 -17 -25 -190 -66 71 91 3 37 -121 18 -19 41 -12 -1 -34 24
85 368 -5 -38 24 123 24 36 -119 11 -110 44 39 -76 27 -22 8 -82 -62 107 27 -31 91 57 -9 12 -55 -7 42 -5 -38 -16 30 118 -71 -42 -46 -71 16 -64 -35 -130 52 5 -16
29 -5 375 49 52 18 -88 -45 25 -40 38 -18 -127 13 -89 -13 -23 17 -143 127 29 0 -18 -12 -45 -105 26 36 -56 -16 52 37 -46 37 -42 -77 97 4 134 -28 75 -65 -23 -130 39
-118 -38 49 341 -34 -30 -88 62 4 -53 92 -71 -41 123 -81 -94 -66 -67 22 -66 36 76 -69 9 114 -23 -16 2 55 -82 -3 117 -51 -10 64 6 39 69 -61 76 64 -31 -55 21 -17
26 24 52 -34 485 -87 72 11 86 36 35 -29 24 -11 -10 -30 -69 11 -89 -76 9 -41 -80 -5 -39 -2 -103 20 -19 96 66 -2 -24 69 43 -94 -57 -82 -137 -1 -22 52 -20 -32 58
-5 123 18 -30 -87 413 -138 -53 -91 -76 -5 -45 -164 -66 54 73 -9 63 -86 42 -95 26 126 1 -80 35 -65 80 113 10 -120 -19 -9 -23 -65 -146 -56 -1 112 9 48 -87 -87 -47 -51
141 24 -88 -88 72 -138 448 14 -7 -6 -62 215 64 -23 28 14 37 -123 -44 72 24 -16 -30 64 75 13 -1 -89 140 -84 81 -10 -2 53 170 116 -39 -63 -11 -104 -96 127 11 -37 54
-33 36 -45 62 11 -53 14 385 -53 -16 100 26 83 -49 -71 -96 -42 -132 68 56 -2 36 -20 88 44 43 -54 0 -12 -55 -18 -12 -8 66 -19 73 57 125 34 -8 28 111 -6 -29 21
-25 -119 25 4 86 -91 -7 -53 406 54 8 1 -55 138 -18 87 -29 87 -117 -106 -28 90 -113 6 -115 -10 10 -24 -17 56 47 123 48 -108 112 33 -111 108 -85 41 -78 58 82 -27 -58
74 11 -40 -53 36 -76 -6 -16 54 513 20 44 37 -111 -13 -49 78 50 120 -57 7 20 36 -56 -44 -62 71 87 -14 -35 -25 13 6 27 12 50 13 15 -119 -56 -38 -118 -90 -25 -90
-40 -110 38 92 35 -5 -62 100 8 20 383 -65 95 -55 -16 -37 53 6 72 -4 9 -16 -87 -26 35 -27 -73 -12 38 -34 -4 8 -43 16 -41 -35 96 28 -13 12 9 51 18 -79 57
40 44 -18 -71 -29 -45 215 26 1 44 -65 573 -91 32 54 -80 68 -156 21 161 50 29 77 77 -76 -13 -90 -146 161 -63 102 7 18 63 38 36 40 118 90 -56 -66 71 -44 -83 -122
-70 39 -127 -41 24 -164 64 83 -55 37 95 -91 615 -97 -16 -54 75 2 114 25 75 -6 -88 29 66 -43 1 38 17 11 32 -39 74 72 -71 20 -29 -92 -51 -128 -137 -100 167 49 -44
-12 -76 13 123 -11 -66 -23 -49 138 -111 -55 32 -97 432 -8 -79 15 18 -45 -45 26 91 3 -1 -34 -52 -61 -60 0 -50 -142 129 -120 -40 89 94 15 51 39 95 34 62 8 4 -43
13 27 -89 -81 -10 54 28 -71 -18 -13 -16 54 -16 -8 404 95 16 45 42 12 59 -50 61 44 71 32 -133 25 22 148 34 6 -46 6 85 74 -82 14 65 -26 -1 -7 15 51 -83
142 -22 -13 -94 -30 73 14 -96 87 -49 -37 -80 -54 -79 95 413 -101 19 -35 9 -20 -25 -88 1 -60 6 4 35 -111 -1 87 5 121 -130 52 -30 -114 16 -42 -46 35 56 61 27 44
-19 8 -23 -66 -69 -9 37 -42 -29 78 53 68 75 15 16 -101 392 78 -24 73 -31 40 88 92 48 47 -18 -34 129 -23 -42 -18 -15 -56 -32 -8 -46 -88 -4 25 49 -29 8 -73 -71
-16 -82 17 -67 11 63 -123 -132 87 50 6 -156 2 18 45 19 78 410 -58 -112 9 -10 46 -56 -38 15 104 21 -36 169 -27 -9 28 54 -38 -99 -85 -104 -56 -55 23 -169 -20 -91 -31
22 -62 -143 22 -89 -86 -44 68 -117 120 72 21 114 -45 42 -35 -24 -58 472 -99 26 -38 66 -1 4 17 -46 97 9 -45 51 -69 -19 57 -64 96 136 34 -40 81 -6 48 -129 72 -72
-23 107 127 -66 -76 42 72 56 -106 -57 -4 161 25 -45 12 9 73 -112 -99 482 -74 -1 78 103 -29 -83 -11 -52 90 -105 37 -76 -89 19 -37 16 135 -14 147 -89 13 1 -5 -53 61
-15 27 29 36 9 -95 24 -2 -28 7 9 50 75 26 59 -20 -31 9 26 -74 424 -11 28 -53 89 -78 -44 -43 -108 -37 7 135 42 -48 -29 17 -116 31 52 21 -7 26 30 -38 69
-21 -31 0 76 -41 26 -16 36 90 20 -16 29 -6 91 -50 -25 40 -10 -38 -1 -11 450 12 40 59 78 54 93 29 -84 -123 50 -90 -161 27 -54 -1 49 -20 56 87 117 69 56 -126
-38 91 -18 -69 -80 126 -30 -20 -113 36 -87 77 -88 3 61 -88 88 46 66 78 28 12 437 -35 -38 55 -71 63 129 -50 -66 -61 -48 41 -35 35 53 -43 183 -13 -20 -36 -61 -127 -115
23 57 -12 9 -5 1 64 88 6 -56 -26 77 29 -1 44 1 92 -56 -1 103 -53 40 -35 413 86 22 -60 6 19 25 40 -51 -26 -92 110 106 7 54 7 64 74 112 25 -46 -19
-77 -9 -45 114 -39 -80 75 44 -115 -44 35 -76 66 -34 71 -60 48 -38 4 -29 89 59 -38 86 367 40 10 58 35 70 40 67 1 -55 62 82 -56 -70 6 -17 27 94 -11 97 21
-153 12 -105 -23 -2 35 13 43 -10 -62 -27 -13 -43 -52 32 6 47 15 17 -83 -78 78 55 22 40 476 26 84 -33 6 53 117 -12 -13 26 -3 -71 -21 -114 56 78 71 -63 86 -8
27 -55 26 -16 -103 -65 -1 -54 10 71 -73 -90 1 -61 -133 4 -18 104 -46 -11 -44 54 -71 -60 10 26 450 70 -187 118 -3 -60 4 -7 -3 -79 -29 -81 -166 -62 -74 -130 -36 15 -6
63 -7 36 2 20 80 -89 0 -24 87 -12 -146 38 -60 25 35 -34 21 97 -52 -43 93 63 6 58 84 70 445 -35 136 51 -14 -126 -51 44 21 -31 -107 -7 38 8 -78 -210 104 -67
-72 42 -56 55 -19 113 140 -12 -17 -14 38 161 17 0 22 -111 129 -36 9 90 -108 29 129 19 35 -33 -187 -35 527 -94 35 -21 5 50 39 46 -11 21 70 -22 -93 -16 -158 -10 -56
-17 -5 -16 -82 96 10 -84 -55 56 -35 -34 -63 11 -50 148 -1 -23 169 -45 -105 -37 -84 -50 25 70 6 118 136 -94 575 173 -8 -7 35 24 -165 -119 -18 -75 23 -197 -58 -87 -22 -61
-25 -38 52 -3 66 -120 81 -18 47 -25 -4 102 32 -142 34 87 -42 -27 51 37 7 -123 -66 40 40 53 -3 51 35 173 482 17 128 -18 -6 -14 -28 2 -65 10 -63 -20 -120 12 49
-190 -16 37 117 -2 -19 -10 -12 123 13 8 7 -39 129 6 5 -18 -9 -69 -76 135 50 -61 -51 67 117 -60 -14 -21 -8 17 468 4 22 39 41 -125 107 -1 47 -58 40 19 55 12
-66 30 -46 -51 -24 -9 -2 -8 48 6 -43 18 74 -120 -46 121 -15 28 -19 -89 42 -90 -48 -26 1 -12 4 -126 5 -7 128 4 480 -90 -120 40 -187 31 -62 -84 -92 -1 155 -3 -29
71 118 37 -10 69 -23 53 66 -108 27 16 63 72 -40 6 -130 -56 54 57 19 -48 -161 41 -92 -55 -13 -7 -51 50 35 -18 22 -90 462 28 -30 110 -96 13 -133 -93 -188 -16 -31 -36
91 -71 -42 64 43 -65 170 -19 112 12 -41 38 -71 89 85 52 -32 -38 -64 -37 -29 27 -35 110 62 26 -3 44 39 24 -6 39 -120 28 421 86 -70 2 -100 32 -64 54 -73 31 -54
3 -42 -77 6 -94 -146 116 73 33 50 -35 36 20 94 74 -30 -8 -99 96 16 17 -54 35 106 82 -3 -79 21 46 -165 -14 41 40 -30 86 470 25 31 73 -17 23 52 36 120 21
37 -46 97 39 -57 -56 -39 57 -111 13 96 40 -29 15 -82 -114 -46 -85 136 135 -116 -1 53 7 -56 -71 -29 -31 -11 -119 -28 -125 -187 110 -70 25 435 64 107 33 80 9 -20 -96 12
-121 -71 4 69 -82 -1 -63 125 108 15 28 118 -92 51 14 16 -88 -104 34 -14 31 49 -43 54 -70 -21 -81 -107 21 -18 2 107 31 -96 2 31 64 413 27 49 -45 123 3 -90 -41
18 16 134 -61 -137 112 -11 34 -85 -119 -13 90 -51 39 65 -42 -4 -56 -40 147 52 -20 183 7 6 -114 -166 -7 70 -75 -65 -1 -62 13 -100 73 107 27 467 -59 26 117 72 -117 -32
-19 -64 -28 76 -1 9 -104 -8 41 -56 12 -56 -128 95 -26 -46 25 -55 81 -89 21 56 -13 64 -17 56 -62 38 -22 23 10 47 -84 -133 32 -17 33 49 -59 436 16 107 -95 35 115
41 -35 75 64 -22 48 -96 28 -78 -38 9 -66 -137 34 -1 35 49 23 -6 13 -7 87 -20 74 27 78 -74 8 -93 -197 -63 -58 -92 -93 -64 23 80 -45 26 16 407 31 -49 4 40
-12 -130 -65 -31 52 -87 127 111 58 -118 51 71 -100 62 -7 56 -29 -169 48 1 26 117 -36 112 94 71 -130 -78 -16 -58 -20 40 -1 -188 54 52 9 123 117 107 31 557 72 -13 60
-1 52 -23 -55 -20 -87 11 -6 82 -90 18 -44 167 8 15 61 8 -20 -129 -5 30 69 -61 25 -11 -63 -36 -210 -158 -87 -120 19 155 -16 -73 36 -20 3 72 -95 -49 72 561 22 -38
-34 5 -130 21 -32 -47 -37 -29 -27 -25 -79 -83 49 4 51 27 -73 -91 72 -53 -38 56 -127 -46 97 86 15 104 -10 -22 12 55 -3 -31 31 120 -96 -90 -117 35 4 -13 22 415 28
24 -16 39 -17 58 -51 54 21 -58 -90 57 -122 -44 -43 -83 44 -71 -31 -72 61 69 -126 -115 -19 21 -8 -6 -67 -56 -61 49 12 -29 -36 -54 21 12 -41 -32 115 40 60 -38 28 395

Q_cnstr 
86 -3 5 13 9 -7 2 -15 4 12 -4 12 4 27 11 10 -11 7 -19 -1 -22 13 -12 8 11 -16 -31 -18 -6 -15 4 -7 18 6 -21 -1 -15 -3 17 1 10 13 -27 0 -10
-3 99 -37 -9 -16 -14 5 -10 -2 9 12 11 -8 10 11 -3 -8 -10 -11 16 -3 -46 -5 11 7 2 33 -21 16 12 8 10 -16 -5 11 0 7 -17 -22 12 -5 -11 -31 -3 4
5 -37 89 10 31 -5 2 4 3 23 -15 6 28 -16 23 -14 5 15 16 14 -10 28 12 -4 -18 6 -16 -13 12 -7 3 -11 10 -5 19 2 2 4 12 17 -5 8 12 -4 -20
13 -9 10 130 -12 20 16 -18 2 2 49 5 26 -9 -2 -15 -8 5 -31 13 7 9 -3 -15 3 19 -4 -12 -9 -5 49 46 9 7 4 26 -45 24 14 -28 -55 22 38 0 -44
9 -16 31 -12 139 -1 9 13 2 27 -16 1 23 8 34 -14 3 -4 -2 64 -8 7 10 -6 14 0 6 25 4 -5 -22 -6 7 0 -16 12 -11 -13 8 13 19 13 -22 22 25
-7 -14 -5 20 -1 148 2 -15 24 -28 4 15 14 -14 2 -8 18 0 0 -17 9 -29 -6 25 -5 6 -14 -6 2 -21 1 -39 1 10 13 15 -15 -14 -2 -32 1 5 21 14 -10
2 5 2 16 9 2 77 15 -26 -34 38 39 17 6 -1 0 -21 14 -10 1 16 13 -17 -16 -3 -2 25 -13 10 -24 7 3 -3 19 -4 1 -38 -7 0 -13 -15 -2 25 -13 2
-15 -10 4 -18 13 -15 15 90 -41 1 -13 -7 26 -8 9 6 14 9 -7 19 -1 42 -6 0 14 -4 -9 2 -9 1 -14 -33 14 -4 -8 -1 -23 -14 0 2 -8 -11 20 -19 25
4 -2 3 2 2 24 -26 -41 121 27 -25 16 5 -8 -4 -18 -7 -1 -21 -11 -26 0 38 14 12 -13 -4 17 4 31 0 4 -17 4 -8 13 45 8 -7 6 40 24 9 12 -24
12 9 23 2 27 -28 -34 1 27 153 -5 -10 13 19 16 -21 22 -7 -17 16 0 0 4 5 33 -15 -24 24 21 36 -12 23 5 -23 3 -9 68 -8 17 17 4 21 8 -8 -21
-4 12 -15 49 -16 4 38 -13 -25 -5 135 12 1 23 9 -8 -17 5 -16 2 35 -8 -20 -19 6 -8 4 -2 8 -13 15 51 -11 -4 20 -18 -44 19 28 -18 -65 6 31 -19 -24
12 11 6 5 1 15 39 -7 16 -10 12 86 15 6 10 9 -17 15 -22 -23 21 11 -7 -11 -10 -22 13 -11 11 -8 28 3 1 24 -4 -10 -13 -11 2 6 -4 1 8 -10 12
4 -8 28 26 23 14 17 26 5 13 1 15 118 -28 9 -15 -10 -10 5 30 -15 4 -7 -2 14 -28 15 -23 1 -17 22 -17 5 5 18 11 -18 -18 -6 -1 -5 11 33 11 -6
27 10 -16 -9 8 -14 6 -8 -8 19 23 6 -28 105 12 47 -34 6 -5 17 -8 -3 -30 -6 16 -7 -5 12 3 22 -9 -12 -6 5 17 -26 1 -11 22 39 1 6 1 -5 -14
11 11 23 -2 34 2 -1 9 -4 16 9 10 9 12 131 -3 4 -7 3 3 -15 -27 -13 14 8 -7 -17 -19 14 -2 -2 19 18 -2 2 2 -15 4 1 6 7 12 6 -8 -30
10 -3 -14 -15 -14 -8 0 6 -18 -21 -8 9 -15 47 -3 100 -18 17 21 -12 6 16 -21 -2 3 -4 17 5 -10 12 19 -42 -8 5 -14 -21 3 5 22 6 2 -2 13 -4 -6
-11 -8 5 -8 3 18 -21 14 -7 22 -17 -17 -10 -34 4 -18 108 -1 -12 -9 11 4 -15 -19 6 4 -21 20 -7 -24 -8 -3 8 11 -23 11 28 14 3 4 18 -21 -28 -5 -4
7 -10 15 5 -4 0 14 9 -1 -7 5 15 -10 6 -7 17 -1 53 11 2 16 26 -4 18 -7 11 -1 7 -1 -22 -4 -9 12 4 -15 -6 -13 6 19 2 -8 -1 3 -1 4
-19 -11 16 -31 -2 0 -10 -7 -21 -17 -16 -22 5 -5 3 21 -12 11 143 29 -8 -15 8 22 -7 17 -10 -28 9 -19 -8 -25 -6 4 -9 -29 26 5 0 -2 39 16 1 2 -5
-1 16 14 13 64 -17 1 19 -11 16 2 -23 30 17 3 -12 -9 2 29 138 -36 0 -14 9 -1 6 9 -29 -11 14 -26 -2 2 -32 -8 21 -25 -10 8 31 17 3 -8 25 -6
-22 -3 -10 7 -8 9 16 -1 -26 0 35 21 -15 -8 -15 6 11 16 -8 -36 121 -4 -24 -3 10 12 12 43 -6 -16 31 17 6 -1 4 7 5 -11 12 -42 -24 -3 3 -3 26
13 -46 28 9 7 -29 13 42 0 0 -8 11 4 -3 -27 16 4 26 -15 0 -4 106 31 -13 -17 -20 -25 14 -22 -7 16 -31 -8 -21 -12 -5 -20 15 15 8 -3 4 5 -13 19
-12 -5 12 -3 10 -6 -17 -6 38 4 -20 -7 -7 -30 -13 -21 -15 -4 8 -14 -24 31 114 3 -20 3 -15 -14 0 17 2 -6 -33 -2 1 23 24 4 -25 5 -12 13 -4 -7 14
8 11 -4 -15 -6 25 -16 0 14 5 -19 -11 -2 -6 14 -2 -19 18 22 9 -3 -13 3 106 6 -4 -29 4 3 10 -9 -42 9 -56 14 -14 7 -15 12 9 8 11 21 7 -5
11 7 -18 3 14 -5 -3 14 12 33 6 -10 14 16 8 3 6 -7 -7 -1 10 -17 -20 6 68 -20 12 26 7 2 2 7 11 13 -1 -13 16 -4 7 0 -1 13 14 -4 -4
-16 2 6 19 0 6 -2 -4 -13 -15 -8 -22 -28 -7 -7 -4 4 11 17 6 12 -20 3 -4 -20 88 -1 8 -4 6 -13 -4 0 31 -18 19 -10 9 -3 -29 -10 3 -15 4 -20
-31 33 -16 -4 6 -14 25 -9 -4 -24 4 13 15 -5 -17 17 -21 -1 -10 9 12 -25 -15 -29 12 -1 154 5 3 14 -20 19 2 2 17 -12 -5 -11 -6 -5 23 -21 -21 10 -9
-18 -21 -13 -12 25 -6 -13 2 17 24 -2 -11 -23 12 -19 5 20 7 -28 -29 43 14 -14 4 26 8 5 145 -12 -2 -4 -5 3 -8 12 -12 15 -22 38 -3 31 20 -7 -1 23
-6 16 12 -9 4 2 10 -9 4 21 8 11 1 3 14 -10 -7 -1 9 -11 -6 -22 0 3 7 -4 3 -12 49 -3 -12 7 4 4 1 -16 11 -2 -20 10 -9 -2 3 -11 -20
-15 12 -7 -5 -5 -21 -24 1 31 36 -13 -8 -17 22 -2 12 -24 -22 -19 14 -16 -7 17 10 2 6 14 -2 -3 119 16 2 -16 -29 12 2 16 -11 -9 30 12 2 20 -18 -32
4 8 3 49 -22 1 7 -14 0 -12 15 28 22 -9 -2 19 -8 -4 -8 -26 31 16 2 -9 2 -13 -20 -4 -12 16 168 15 -44 26 -7 20 -18 18 -9 21 -29 2 34 -4 -20
-7 10 -11 46 -6 -39 3 -33 4 23 51 3 -17 -12 19 -42 -3 -9 -25 -2 17 -31 -6 -42 7 -4 19 -5 7 2 15 152 21 2 -18 -6 4 14 0 -27 -54 0 -5 3 -20
18 -16 10 9 7 1 -3 14 -17 5 -11 1 5 -6 18 -8 8 12 -6 2 6 -8 -33 9 11 0 2 3 4 -16 -44 21 78 -2 10 4 5 -21 11 -13 -4 7 -10 -4 2
6 -5 -5 7 0 10 19 -4 4 -23 -4 24 5 5 -2 5 11 4 4 -32 -1 -21 -2 -56 13 31 2 -8 4 -29 26 2 -2 183 -27 5 16 30 -11 -8 19 -13 4 -24 7
-21 11 19 4 -16 13 -4 -8 -8 3 20 -4 18 17 2 -14 -23 -15 -9 -8 4 -12 1 14 -1 -18 17 12 1 12 -7 -18 10 -27 122 4 17 -14 4 28 -21 7 19 -24 14
-1 0 2 26 12 15 1 -1 13 -9 -18 -10 11 -26 2 -21 11 -6 -29 21 7 -5 23 -14 -13 19 -12 -12 -16 2 20 -6 4 5 4 111 4 -8 -25 -1 18 6 19 7 -1
-15 7 2 -45 -11 -15 -38 -23 45 68 -44 -13 -18 1 -15 3 28 -13 26 -25 5 -20 24 7 16 -10 -5 15 11 16 -18 4 5 16 17 4 164 9 -6 10 66 -3 -3 -23 -24
-3 -17 4 24 -13 -14 -7 -14 8 -8 19 -11 -18 -11 4 5 14 6 5 -10 -11 15 4 -15 -4 9 -11 -22 -2 -11 18 14 -21 30 -14 -8 9 85 -12 -16 -2 -11 7 -3 -10
17 -22 12 14 8 -2 0 0 -7 17 28 2 -6 22 1 22 3 19 0 8 12 15 -25 12 7 -3 -6 38 -20 -9 -9 0 11 -11 4 -25 -6 -12 93 -7 -5 5 -2 1 -3
1 12 17 -28 13 -32 -13 2 6 17 -18 6 -1 39 6 6 4 2 -2 31 -42 8 5 9 0 -29 -5 -3 10 30 21 -27 -13 -8 28 -1 10 -16 -7 114 7 -12 15 -11 -18
10 -5 -5 -55 19 1 -15 -8 40 4 -65 -4 -5 1 7 2 18 -8 39 17 -24 -3 -12 8 -1 -10 23 31 -9 12 -29 -54 -4 19 -21 18 66 -2 -5 7 187 5 -26 -7 -5
13 -11 8 22 13 5 -2 -11 24 21 6 1 11 6 12 -2 -21 -1 16 3 -3 4 13 11 13 3 -21 20 -2 2 2 0 7 -13 7 6 -3 -11 5 -12 5 52 23 -1 1
-27 -31 12 38 -22 21 25 20 9 8 31 8 33 1 6 13 -28 3 1 -8 3 5 -4 21 14 -15 -21 -7 3 20 34 -5 -10 4 19 19 -3 7 -2 15 -26 23 161 -16 -12
0 -3 -4 0 22 14 -13 -19 12 -8 -19 -10 11 -5 -8 -4 -5 -1 2 25 -3 -13 -7 7 -4 4 10 -1 -11 -18 -4 3 -4 -24 -24 7 -23 -3 1 -11 -7 -1 -16 71 29
-10 4 -20 -44 25 -10 2 25 -24 -21 -24 12 -6 -14 -30 -6 -4 4 -5 -6 26 19 14 -5 -4 -20 -9 23 -20 -32 -20 -20 2 7 14 -1 -24 -10 -3 -18 -5 1 -12 29 161

