Q_obj 
148 -115 -5 -30 7 2 -5 19 -21 43 -24 70 -53 42 54 57 -85
-115 227 8 -17 -52 -17 -42 -50 -4 -69 12 -18 60 -10 -102 -42 63
-5 8 112 80 -5 24 68 -49 60 -30 -6 81 -41 10 2 0 -5
-30 -17 80 127 8 33 78 4 53 -27 -26 15 -23 -1 -3 -12 42
7 -52 -5 8 209 18 -5 -51 19 -30 -16 31 6 41 48 72 -27
2 -17 24 33 18 140 27 -15 -7 48 -33 91 17 -57 -54 21 -1
-5 -42 68 78 -5 27 160 -30 39 -49 -24 -14 -36 13 24 -15 74
19 -50 -49 4 -51 -15 -30 178 -14 53 22 -91 -58 -38 -35 -43 -28
-21 -4 60 53 19 -7 39 -14 138 -7 -5 29 -36 -52 69 65 10
43 -69 -30 -27 -30 48 -49 53 -7 159 18 14 5 -51 -21 26 -57
-24 12 -6 -26 -16 -33 -24 22 -5 18 158 -75 -2 -8 53 -4 -14
70 -18 81 15 31 91 -14 -91 29 14 -75 265 -43 34 -14 72 -94
-53 60 -41 -23 6 17 -36 -58 -36 5 -2 -43 196 -53 -9 -3 83
42 -10 10 -1 41 -57 13 -38 -52 -51 -8 34 -53 155 -5 -15 -34
54 -102 2 -3 48 -54 24 -35 69 -21 53 -14 -9 -5 212 101 3
57 -42 0 -12 72 21 -15 -43 65 26 -4 72 -3 -15 101 149 -6
-85 63 -5 42 -27 -1 74 -28 10 -57 -14 -94 83 -34 3 -6 180

Q_cnstr 
60 0 -8 13 20 23 -6 7 -11 3 -16 12 -2 17 -25 13 -14
0 49 16 6 16 15 30 -9 -7 26 -10 -10 -1 13 -27 -12 12
-8 16 66 -25 16 1 -19 -18 -26 18 -19 -3 -33 21 -19 13 2
13 6 -25 34 -31 17 21 -6 10 -9 -4 -15 16 -10 -2 -27 7
20 16 16 -31 154 30 35 -30 -18 9 8 63 -18 36 17 27 2
23 15 1 17 30 71 35 -15 -12 -1 8 -18 14 11 -9 -21 7
-6 30 -19 21 35 35 139 -11 27 0 24 -44 23 8 29 -24 69
7 -9 -18 -6 -30 -15 -11 120 0 12 15 -1 29 22 -15 16 -21
-11 -7 -26 10 -18 -12 27 0 108 14 -28 -9 35 -13 6 -21 -1
3 26 18 -9 9 -1 0 12 14 106 -18 -10 9 19 -43 -2 -34
-16 -10 -19 -4 8 8 24 15 -28 -18 66 -28 -2 -21 21 -8 6
12 -10 -3 -15 63 -18 -44 -1 -9 -10 -28 131 3 25 4 39 -41
-2 -1 -33 16 -18 14 23 29 35 9 -2 3 62 -8 -2 -10 14
17 13 21 -10 36 11 8 22 -13 19 -21 25 -8 77 -15 21 -27
-25 -27 -19 -2 17 -9 29 -15 6 -43 21 4 -2 -15 61 -3 29
13 -12 13 -27 27 -21 -24 16 -21 -2 -8 39 -10 21 -3 49 -10
-14 12 2 7 2 7 69 -21 -1 -34 6 -41 14 -27 29 -10 108

