Q_obj 
161 3 44 -39 9 78 -9 -37 -4 -5 -12 39 -38 33 47 46 -91
3 193 -5 -41 4 59 78 -32 0 2 -37 33 36 -86 -32 20 -86
44 -5 145 4 53 43 2 -4 -2 4 -14 -3 1 13 -28 -14 -68
-39 -41 4 132 -6 -26 -55 40 26 51 23 12 24 50 0 15 45
9 4 53 -6 133 -3 12 -69 22 -32 -44 10 50 38 -23 -7 1
78 59 43 -26 -3 121 26 -1 -22 24 -14 84 -10 -31 5 19 -81
-9 78 2 -55 12 26 228 -83 -51 -105 15 -41 94 -52 -10 43 -27
-37 -32 -4 40 -69 -1 -83 184 -100 63 -5 24 -67 42 2 10 56
-4 0 -2 26 22 -22 -51 -100 228 19 -5 23 -12 -59 -85 -4 -44
-5 2 4 51 -32 24 -105 63 19 119 -1 95 -35 0 -36 -17 1
-12 -37 -14 23 -44 -14 15 -5 -5 -1 131 -8 -46 49 36 13 6
39 33 -3 12 10 84 -41 24 23 95 -8 175 -22 0 -66 25 -14
-38 36 1 24 50 -10 94 -67 -12 -35 -46 -22 218 -42 -80 16 33
33 -86 13 50 38 -31 -52 42 -59 0 49 0 -42 195 54 110 62
47 -32 -28 0 -23 5 -10 2 -85 -36 36 -66 -80 54 207 -16 0
46 20 -14 15 -7 19 43 10 -4 -17 13 25 16 110 -16 221 16
-91 -86 -68 45 1 -81 -27 56 -44 1 6 -14 33 62 0 16 171

Q_cnstr 
37 5 -7 -17 14 -6 -24 27 12 29 5 -20 5 24 -24 7 6
5 120 9 13 32 14 -29 -1 4 10 -1 -44 7 29 -26 5 30
-7 9 47 3 4 1 -3 9 -17 -18 -7 14 -3 0 -13 -9 -13
-17 13 3 125 29 -6 -7 -17 -43 -37 -8 -10 -12 7 32 -5 5
14 32 4 29 87 10 -16 4 -35 -5 -1 -25 -8 40 -35 6 34
-6 14 1 -6 10 36 -10 -23 -21 -10 2 7 -9 -1 -13 21 0
-24 -29 -3 -7 -16 -10 70 -15 12 -4 0 41 3 -24 47 -35 33
27 -1 9 -17 4 -23 -15 80 1 3 7 2 11 14 -6 -30 -4
12 4 -17 -43 -35 -21 12 1 92 8 10 -3 18 -3 23 -12 4
29 10 -18 -37 -5 -10 -4 3 8 103 -13 -32 4 8 -48 16 -2
5 -1 -7 -8 -1 2 0 7 10 -13 34 5 -8 4 21 11 10
-20 -44 14 -10 -25 7 41 2 -3 -32 5 78 -9 -12 45 -27 -7
5 7 -3 -12 -8 -9 3 11 18 4 -8 -9 19 -12 9 -12 10
24 29 0 7 40 -1 -24 14 -3 8 4 -12 -12 99 -49 34 -19
-24 -26 -13 32 -35 -13 47 -6 23 -48 21 45 9 -49 119 -27 40
7 5 -9 -5 6 21 -35 -30 -12 16 11 -27 -12 34 -27 87 -35
6 30 -13 5 34 0 33 -4 4 -2 10 -7 10 -19 40 -35 100

