Q_obj 
304 -3 138 48 58 50 4 91 -69 -83 110 -100 -16 130
-3 272 -3 -31 70 23 17 56 81 -82 -21 -193 -35 71
138 -3 291 146 -20 62 82 29 -121 -100 107 -28 40 170
48 -31 146 241 36 52 -35 54 -60 -20 111 -101 18 126
58 70 -20 36 190 42 15 63 -20 -87 2 -75 -115 -21
50 23 62 52 42 149 -75 5 1 -108 46 -56 -9 -63
4 17 82 -35 15 -75 348 -50 -85 -16 -31 35 -67 135
91 56 29 54 63 5 -50 256 36 -40 47 -167 -76 23
-69 81 -121 -60 -20 1 -85 36 373 -38 -26 -117 68 -149
-83 -82 -100 -20 -87 -108 -16 -40 -38 313 -90 3 -74 54
110 -21 107 111 2 46 -31 47 -26 -90 389 -16 137 75
-100 -193 -28 -101 -75 -56 35 -167 -117 3 -16 384 126 -117
-16 -35 40 18 -115 -9 -67 -76 68 -74 137 126 265 32
130 71 170 126 -21 -63 135 23 -149 54 75 -117 32 370

Q_cnstr 
17 -1 -1 2 0 -5 3 0 11 11 10 -3 4 -3
-1 25 -2 24 -16 -14 15 -6 -10 -3 -1 1 -1 -3
-1 -2 8 7 5 1 -2 4 5 -2 -1 2 4 1
2 24 7 46 -14 -6 24 -2 2 1 2 4 9 4
0 -16 5 -14 31 1 -15 6 2 -3 -2 17 6 -19
-5 -14 1 -6 1 66 14 1 15 14 -14 0 3 28
3 15 -2 24 -15 14 49 -5 8 9 7 15 11 11
0 -6 4 -2 6 1 -5 13 1 -8 0 2 0 0
11 -10 5 2 2 15 8 1 33 9 9 3 4 6
11 -3 -2 1 -3 14 9 -8 9 23 3 -8 10 8
10 -1 -1 2 -2 -14 7 0 9 3 20 1 -5 -9
-3 1 2 4 17 0 15 2 3 -8 1 32 5 -11
4 -1 4 9 6 3 11 0 4 10 -5 5 44 -4
-3 -3 1 4 -19 28 11 0 6 8 -9 -11 -4 50

