Q_obj 
139 -12 -35 -26 39 -8 -20 53 7 -60 -30 -21
-12 97 16 -11 2 11 18 -3 0 -12 -9 -25
-35 16 137 16 -29 6 -3 -63 -5 2 30 62
-26 -11 16 68 29 -25 14 10 6 17 32 15
39 2 -29 29 126 -5 3 19 -24 -48 6 -40
-8 11 6 -25 -5 138 14 -65 -53 1 1 -49
-20 18 -3 14 3 14 113 -11 -46 -21 39 -47
53 -3 -63 10 19 -65 -11 122 20 28 -59 -32
7 0 -5 6 -24 -53 -46 20 94 37 -17 64
-60 -12 2 17 -48 1 -21 28 37 133 -71 22
-30 -9 30 32 6 1 39 -59 -17 -71 133 22
-21 -25 62 15 -40 -49 -47 -32 64 22 22 98

Q_cnstr 
46 16 17 -7 -8 -8 -4 2 21 7 10 6
16 44 2 5 -3 0 14 -6 -16 -8 8 10
17 2 14 -7 -7 2 -5 -1 15 9 5 -4
-7 5 -7 89 6 11 -9 0 -23 36 -4 -32
-8 -3 -7 6 24 10 1 5 -2 -16 3 -5
-8 0 2 11 10 27 -4 3 0 -1 5 0
-4 14 -5 -9 1 -4 40 -11 -12 1 5 15
2 -6 -1 0 5 3 -11 17 4 -9 -1 16
21 -16 15 -23 -2 0 -12 4 79 -2 3 -18
7 -8 9 36 -16 -1 1 -9 -2 60 -4 -18
10 8 5 -4 3 5 5 -1 3 -4 17 11
6 10 -4 -32 -5 0 15 16 -18 -18 11 69

