Q_obj 
128 -96 -15 21 -1 4 22 -51 -35 -13
-96 136 -4 -21 24 27 -5 11 44 21
-15 -4 103 44 -3 19 30 45 -9 -32
21 -21 44 35 -10 22 41 8 -10 -19
-1 24 -3 -10 97 -22 15 6 26 59
4 27 19 22 -22 85 18 -7 -27 -43
22 -5 30 41 15 18 109 5 4 14
-51 11 45 8 6 -7 5 90 18 2
-35 44 -9 -10 26 -27 4 18 142 24
-13 21 -32 -19 59 -43 14 2 24 66

Q_cnstr 
35 -6 -17 -11 -10 0 -11 29 -2 21
-6 32 8 15 -25 -13 -15 0 4 2
-17 8 54 11 8 27 1 -25 26 2
-11 15 11 19 3 -4 -6 -6 -1 14
-10 -25 8 3 60 23 17 -11 3 19
0 -13 27 -4 23 58 18 -3 -7 18
-11 -15 1 -6 17 18 35 -4 -1 -11
29 0 -25 -6 -11 -3 -4 48 -11 9
-2 4 26 -1 3 -7 -1 -11 51 -5
21 2 2 14 19 18 -11 9 -5 67

