Q_obj 
464 -52 -66 -91 85 61 155 -38 -18 137 65 29 -1 55 46 -38 54 -61 39 4 -135 33 121 -85 -7 -38 -97 -46 0 -75 -50 -87 -42 5 68 7 0 -11 34 90 3 109 72 -30 22
-52 549 -55 -41 -9 -49 66 71 -52 11 64 1 93 35 100 -57 -11 3 115 -5 -5 17 81 71 8 -24 -53 -96 196 -4 159 -18 -86 30 15 -51 62 30 -32 167 -12 -22 -22 -25 55
-66 -55 454 31 90 -70 -30 -10 -30 -74 -39 7 -41 -44 -74 -85 -64 42 -170 13 53 -114 -93 41 -52 144 55 107 -110 123 36 -27 94 -39 -113 -5 53 25 -31 14 -7 79 -65 -93 57
-91 -41 31 604 -189 -77 -2 112 83 42 11 68 0 24 17 38 81 124 222 -204 -50 91 58 45 95 28 -149 46 -33 -40 88 -184 111 7 -214 57 45 2 71 -156 8 -37 74 -2 24
85 -9 90 -189 407 -3 67 -93 4 -46 71 10 59 8 -12 -53 -51 -41 -154 25 -11 -1 -21 80 10 30 86 77 37 -16 -65 66 -77 -88 46 27 51 26 -31 48 -14 62 -50 1 56
61 -49 -70 -77 -3 412 -68 18 84 23 -15 -192 -17 -19 -12 -70 49 -148 8 -43 48 -61 -32 -124 -41 25 -32 -16 96 65 -105 66 3 -24 110 42 27 -51 53 68 -65 -12 -29 33 55
155 66 -30 -2 67 -68 460 132 -26 -6 -7 85 85 58 1 -116 2 -31 62 -96 -54 15 75 31 -56 0 3 -13 -10 -38 -37 -42 -76 -62 -3 38 19 111 -108 52 -86 83 -17 -29 68
-38 71 -10 112 -93 18 132 431 -30 69 -125 0 71 2 14 -50 21 -58 50 -96 22 -10 100 -79 -135 57 -79 -40 -17 -13 135 -23 -9 21 68 -79 19 -19 29 68 -76 -31 28 -1 75
-18 -52 -30 83 4 84 -26 -30 482 24 22 -64 -42 48 -35 2 4 -99 10 -43 43 46 -152 -49 60 68 69 25 26 -105 -67 122 -12 -88 6 -93 72 85 4 -121 36 -27 8 99 -82
137 11 -74 42 -46 23 -6 69 24 428 -14 97 -42 -113 116 57 -73 -123 79 -47 -4 -18 37 -33 61 93 -51 12 44 -36 100 -37 -120 -93 -7 -4 11 -54 92 -92 116 -38 146 -28 84
65 64 -39 11 71 -15 -7 -125 22 -14 373 1 34 64 -69 25 12 11 25 15 40 87 8 -33 56 -43 -23 160 35 -17 -110 63 -4 -69 33 34 -23 -128 24 -81 20 -115 -108 -30 -53
29 1 7 68 10 -192 85 0 -64 97 1 622 81 -40 -41 -20 -17 138 61 -85 -53 89 106 67 102 -100 -54 128 0 15 50 30 87 3 6 -185 37 -51 8 -91 32 -81 29 -98 -69
-1 93 -41 0 59 -17 85 71 -42 -42 34 81 469 133 26 9 89 80 -37 -138 -36 23 48 30 -80 -92 -159 66 42 138 21 31 -10 65 156 -13 56 -2 22 71 -117 -42 87 107 79
55 35 -44 24 8 -19 58 2 48 -113 64 -40 133 594 -78 11 56 73 24 19 -57 67 -7 -68 -102 -106 -44 69 65 -25 -118 -34 -8 -23 10 -76 -35 99 -40 106 33 -131 -47 -48 -133
46 100 -74 17 -12 -12 1 14 -35 116 -69 -41 26 -78 350 93 54 -10 56 -37 -17 -40 95 59 -29 35 -80 -40 37 -31 31 -112 -25 32 14 113 40 -40 20 -19 6 139 106 -2 75
-38 -57 -85 38 -53 -70 -116 -50 2 57 25 -20 9 11 93 403 40 20 -11 -16 -16 -76 2 -31 31 2 -13 91 -22 26 17 11 -77 7 40 70 29 -81 2 -87 26 39 51 35 -27
54 -11 -64 81 -51 49 2 21 4 -73 12 -17 89 56 54 40 353 41 119 -35 13 -44 51 -13 -19 -34 -111 108 7 120 -23 -41 111 84 -55 -54 76 2 -8 -24 -74 33 14 107 23
-61 3 42 124 -41 -148 -31 -58 -99 -123 11 138 80 73 -10 20 41 437 45 -112 -2 53 14 27 110 -12 -140 -53 -69 -1 -30 -53 43 10 -27 -47 67 -120 -11 4 -2 -70 -5 79 -74
39 115 -170 222 -154 8 62 50 10 79 25 61 -37 24 56 -11 119 45 474 -38 -50 30 53 46 -1 -32 -176 -64 60 -55 102 -221 5 24 -54 13 10 -86 -2 -116 -74 -31 -15 -47 4
4 -5 13 -204 25 -43 -96 -96 -43 -47 15 -85 -138 19 -37 -16 -35 -112 -38 467 -61 -68 2 -23 -92 -44 94 -25 39 -24 -11 -2 7 123 -27 95 -139 68 -15 -63 21 0 -84 -56 -88
-135 -5 53 -50 -11 48 -54 22 43 -4 40 -53 -36 -57 -17 -16 13 -2 -50 -61 442 44 -134 -43 -3 -26 65 46 -77 24 -103 100 -8 -69 30 -67 39 -73 15 71 29 -62 -33 46 66
33 17 -114 91 -1 -61 15 -10 46 -18 87 89 23 67 -40 -76 -44 53 30 -68 44 422 -15 79 19 -187 -6 -41 9 -141 -3 -10 40 2 42 11 23 28 107 -33 37 -97 31 -20 -40
121 81 -93 58 -21 -32 75 100 -152 37 8 106 48 -7 95 2 51 14 53 2 -134 -15 416 -26 -6 -85 -97 84 40 -15 57 -65 8 163 -21 42 -8 19 122 100 22 110 43 -49 -7
-85 71 41 45 80 -124 31 -79 -49 -33 -33 67 30 -68 59 -31 -13 27 46 -23 -43 79 -26 486 5 -9 -78 -35 -18 71 160 -49 -72 -60 -40 -18 -14 9 -26 -118 19 -9 -9 -44 23
-7 8 -52 95 10 -41 -56 -135 60 61 56 102 -80 -102 -29 31 -19 110 -1 -92 -3 19 -6 5 416 120 46 -33 41 24 -56 121 -18 -51 -142 -158 50 -108 9 24 124 3 51 52 14
-38 -24 144 28 30 25 0 57 68 93 -43 -100 -92 -106 35 2 -34 -12 -32 -44 -26 -187 -85 -9 120 462 -30 22 -49 -15 5 46 -64 -141 -9 -110 -6 -85 -55 19 78 74 60 -24 84
-97 -53 55 -149 86 -32 3 -79 69 -51 -23 -54 -159 -44 -80 -13 -111 -140 -176 94 65 -6 -97 -78 46 -30 527 -14 93 24 -77 203 61 -75 -35 -2 0 29 -16 -38 -96 -14 -52 -59 -66
-46 -96 107 46 77 -16 -13 -40 25 12 160 128 66 69 -40 91 108 -53 -64 -25 46 -41 84 -35 -33 22 -14 563 31 -12 -85 -5 84 -68 1 12 27 -9 23 -112 26 -43 49 -52 42
0 196 -110 -33 37 96 -10 -17 26 44 35 0 42 65 37 -22 7 -69 60 39 -77 9 40 -18 41 -49 93 31 365 -7 -41 21 20 -65 52 1 28 -25 38 -32 -19 -72 -22 -60 0
-75 -4 123 -40 -16 65 -38 -13 -105 -36 -17 15 138 -25 -31 26 120 -1 -55 -24 24 -141 -15 71 24 -15 24 -12 -7 718 88 188 81 88 -138 20 120 -128 -13 71 -74 15 -68 107 -11
-50 159 36 88 -65 -105 -37 135 -67 100 -110 50 21 -118 31 17 -23 -30 102 -11 -103 -3 57 160 -56 5 -77 -85 -41 88 399 -100 -51 92 -74 -42 -2 29 -20 5 -72 -16 77 4 118
-87 -18 -27 -184 66 66 -42 -23 122 -37 63 30 31 -34 -112 11 -41 -53 -221 -2 100 -10 -65 -49 121 46 203 -5 21 188 -100 449 -107 -41 90 -176 73 -42 12 37 33 -65 -70 48 -88
-42 -86 94 111 -77 3 -76 -9 -12 -120 -4 87 -10 -8 -25 -77 111 43 5 7 -8 40 8 -72 -18 -64 61 84 20 81 -51 -107 480 50 -85 21 -53 -103 68 -111 -68 9 8 2 -130
5 30 -39 7 -88 -24 -62 21 -88 -93 -69 3 65 -23 32 7 84 10 24 123 -69 2 163 -60 -51 -141 -75 -68 -65 88 92 -41 50 432 -6 62 -5 48 96 85 -75 63 -31 124 57
68 15 -113 -214 46 110 -3 68 6 -7 33 6 156 10 14 40 -55 -27 -54 -27 30 42 -21 -40 -142 -9 -35 1 52 -138 -74 90 -85 -6 464 -59 -41 -157 52 30 -145 -63 36 33 1
7 -51 -5 57 27 42 38 -79 -93 -4 34 -185 -13 -76 113 70 -54 -47 13 95 -67 11 42 -18 -158 -110 -2 12 1 20 -42 -176 21 62 -59 516 -31 70 41 -66 -78 68 -19 30 -15
0 62 53 45 51 27 19 19 72 11 -23 37 56 -35 40 29 76 67 10 -139 39 23 -8 -14 50 -6 0 27 28 120 -2 73 -53 -5 -41 -31 373 -53 22 20 2 79 -31 21 65
-11 30 25 2 26 -51 111 -19 85 -54 -128 -51 -2 99 -40 -81 2 -120 -86 68 -73 28 19 9 -108 -85 29 -9 -25 -128 29 -42 -103 48 -157 70 -53 521 -83 91 85 64 -5 6 39
34 -32 -31 71 -31 53 -108 29 4 92 24 8 22 -40 20 2 -8 -11 -2 -15 15 107 122 -26 9 -55 -16 23 38 -13 -20 12 68 96 52 41 22 -83 328 -34 35 -23 98 89 32
90 167 14 -156 48 68 52 68 -121 -92 -81 -91 71 106 -19 -87 -24 4 -116 -63 71 -33 100 -118 24 19 -38 -112 -32 71 5 37 -111 85 30 -66 20 91 -34 537 0 90 70 62 98
3 -12 -7 8 -14 -65 -86 -76 36 116 20 32 -117 33 6 26 -74 -2 -74 21 29 37 22 19 124 78 -96 26 -19 -74 -72 33 -68 -75 -145 -78 2 85 35 0 461 41 23 -32 -101
109 -22 79 -37 62 -12 83 -31 -27 -38 -115 -81 -42 -131 139 39 33 -70 -31 0 -62 -97 110 -9 3 74 -14 -43 -72 15 -16 -65 9 63 -63 68 79 64 -23 90 41 470 126 -55 22
72 -22 -65 74 -50 -29 -17 28 8 146 -108 29 87 -47 106 51 14 -5 -15 -84 -33 31 43 -9 51 60 -52 49 -22 -68 77 -70 8 -31 36 -19 -31 -5 98 70 23 126 446 100 87
-30 -25 -93 -2 1 33 -29 -1 99 -28 -30 -98 107 -48 -2 35 107 79 -47 -56 46 -20 -49 -44 52 -24 -59 -52 -60 107 4 48 2 124 33 30 21 6 89 62 -32 -55 100 517 67
22 55 57 24 56 55 68 75 -82 84 -53 -69 79 -133 75 -27 23 -74 4 -88 66 -40 -7 23 14 84 -66 42 0 -11 118 -88 -130 57 1 -15 65 39 32 98 -101 22 87 67 436

Q_cnstr 
109 -14 1 -8 -17 30 6 10 19 0 -31 -18 -7 3 -13 -8 -19 -74 10 -4 0 25 3 15 -28 -4 -9 -13 -19 -7 0 17 -4 -2 13 -21 3 12 -24 12 29 10 -9 -1 10
-14 91 17 -14 4 5 3 -6 0 -4 5 47 3 13 -12 0 20 -19 -14 15 0 4 -28 17 29 22 -13 18 18 20 3 -3 26 -7 -2 -4 -23 11 35 -20 18 15 5 0 5
1 17 120 23 -12 -19 -23 -10 6 -30 -13 13 -13 -15 -18 -10 32 5 4 32 4 10 -27 -12 44 10 2 13 -9 33 11 12 -11 1 -15 -14 11 -3 -8 34 5 -30 -16 44 6
-8 -14 23 58 -3 -25 1 11 -8 -11 4 -15 5 0 -9 -2 23 0 13 19 -6 -5 11 8 13 -20 0 2 4 -3 12 2 -7 5 18 3 -14 2 4 6 7 15 -13 -14 3
-17 4 -12 -3 127 3 -3 -31 3 -1 -12 -38 -4 -3 28 -26 2 8 -4 -6 -21 24 6 -28 -2 -8 32 15 0 -15 5 -30 14 -10 29 5 -27 -23 -10 0 3 15 15 -10 6
30 5 -19 -25 3 156 -30 -19 5 -8 -6 19 0 32 16 -23 2 -6 -22 -29 15 28 18 -21 -14 36 0 -8 4 26 23 15 30 2 6 -8 59 5 2 -18 15 -11 9 -31 11
6 3 -23 1 -3 -30 91 23 -17 28 6 4 15 3 10 20 -23 -13 17 30 -17 17 10 -3 37 10 5 6 2 -8 -12 -8 -5 4 9 -13 -3 9 -12 -17 -2 12 11 1 -17
10 -6 -10 11 -31 -19 23 104 -18 6 9 -2 -1 20 9 4 -4 -21 29 -23 -16 -5 23 7 -13 -3 -5 -10 41 8 -4 -49 9 -18 -25 -7 7 3 -23 1 4 0 12 6 -8
19 0 6 -8 3 5 -17 -18 153 -1 -30 7 -17 -4 -43 -6 9 -1 26 21 26 32 -13 19 0 13 5 -16 -14 -5 4 32 -14 -22 3 -24 -17 13 -7 2 13 1 -36 -11 -13
0 -4 -30 -11 -1 -8 28 6 -1 187 19 15 28 9 6 6 -34 7 15 -10 11 11 2 -2 23 -6 -9 13 -20 -5 8 7 -14 24 24 7 63 -7 17 -8 24 1 9 27 -9
-31 5 -13 4 -12 -6 6 9 -30 19 95 1 28 -14 20 -9 21 15 -37 -16 -21 -21 21 -32 -1 7 -5 10 -5 -6 16 -30 -33 2 -11 5 -5 2 17 -17 6 -25 21 3 -16
-18 47 13 -15 -38 19 4 -2 7 15 1 118 -9 20 -20 12 3 20 2 -12 23 5 -20 16 36 21 -18 3 42 19 -12 -1 -3 18 -18 -5 14 7 29 -21 -10 -18 24 1 -1
-7 3 -13 5 -4 0 15 -1 -17 28 28 -9 104 -10 1 20 10 -19 28 19 -11 -37 1 -24 -1 -7 -6 5 -6 39 4 -7 -24 -4 -8 12 4 4 7 -17 12 -8 -7 -27 21
3 13 -15 0 -3 32 3 20 -4 9 -14 20 -10 147 28 7 -22 -24 8 -23 9 25 7 41 17 8 -5 -18 23 -23 27 7 10 -14 -11 -11 7 -14 20 -20 -19 35 23 -1 -5
-13 -12 -18 -9 28 16 10 9 -43 6 20 -20 1 28 95 -10 13 23 -31 -26 -40 4 39 -24 -8 -4 28 5 -11 -34 -14 -42 -8 0 -9 8 -11 -42 -6 -14 -19 -16 31 1 -9
-8 0 -10 -2 -26 -23 20 4 -6 6 -9 12 20 7 -10 80 -9 5 34 2 13 -17 4 5 3 17 -18 -9 6 -14 -2 -11 -4 1 -3 -19 18 44 13 17 -27 29 -24 -9 13
-19 20 32 23 2 2 -23 -4 9 -34 21 3 10 -22 13 -9 146 -3 16 4 -19 2 17 -17 23 39 -6 8 -21 -13 -4 -28 27 4 -13 29 16 5 25 -6 10 -32 -21 -2 -12
-74 -19 5 0 8 -6 -13 -21 -1 7 15 20 -19 -24 23 5 -3 167 -16 22 9 -13 -9 -12 24 -6 -1 5 -8 -23 -6 -23 -20 1 10 16 4 -9 -24 12 -25 -21 24 19 8
10 -14 4 13 -4 -22 17 29 26 15 -37 2 28 8 -31 34 16 -16 161 14 -28 -3 -2 31 32 39 -10 -5 12 50 -1 19 29 -9 18 -3 24 30 0 29 10 40 15 -52 25
-4 15 32 19 -6 -29 30 -23 21 -10 -16 -12 19 -23 -26 2 4 22 14 214 38 16 -60 -5 60 -3 5 16 -39 -4 20 33 4 -8 22 3 -18 20 26 10 -9 27 15 27 21
0 0 4 -6 -21 15 -17 -16 26 11 -21 23 -11 9 -40 13 -19 9 -28 38 149 -22 -48 14 16 -14 -17 -10 9 -16 8 -10 -14 -5 7 -8 10 20 -21 -7 -27 -25 3 -4 11
25 4 10 -5 24 28 17 -5 32 11 -21 5 -37 25 4 -17 2 -13 -3 16 -22 113 25 -6 16 17 16 -15 -13 -24 14 36 23 0 4 -1 18 1 19 -2 13 11 13 10 -23
3 -28 -27 11 6 18 10 23 -13 2 21 -20 1 7 39 4 17 -9 -2 -60 -48 25 161 -11 3 -2 20 -19 -19 -38 15 34 -13 0 18 -2 24 11 6 -14 14 6 27 -39 -11
15 17 -12 8 -28 -21 -3 7 19 -2 -32 16 -24 41 -24 5 -17 -12 31 -5 14 -6 -11 110 24 -22 -30 0 0 7 9 29 11 9 18 11 -37 15 0 10 5 44 -4 -36 8
-28 29 44 13 -2 -14 37 -13 0 23 -1 36 -1 17 -8 3 23 24 32 60 16 16 3 24 124 25 -5 24 3 30 13 30 2 5 8 6 27 21 6 -1 -10 7 41 -8 2
-4 22 10 -20 -8 36 10 -3 13 -6 7 21 -7 8 -4 17 39 -6 39 -3 -14 17 -2 -22 25 112 -16 6 9 9 1 1 26 1 -13 -11 33 32 18 7 -4 -9 2 -1 -11
-9 -13 2 0 32 0 5 -5 5 -9 -5 -18 -6 -5 28 -18 -6 -1 -10 5 -17 16 20 -30 -5 -16 60 0 -4 -8 -6 17 -1 -3 21 -14 -24 -49 6 -14 -14 -2 16 19 -7
-13 18 13 2 15 -8 6 -10 -16 13 10 3 5 -18 5 -9 8 5 -5 16 -10 -15 -19 0 24 6 0 59 0 26 -19 -7 16 26 -3 -4 -12 13 -6 -5 -2 -6 12 1 7
-19 18 -9 4 0 4 2 41 -14 -20 -5 42 -6 23 -11 6 -21 -8 12 -39 9 -13 -19 0 3 9 -4 0 132 21 -23 -39 28 -10 -32 1 4 -14 -7 -12 -22 16 26 -34 -5
-7 20 33 -3 -15 26 -8 8 -5 -5 -6 19 39 -23 -34 -14 -13 -23 50 -4 -16 -24 -38 7 30 9 -8 26 21 141 -7 30 1 -10 -21 5 10 12 -27 10 14 -22 -5 -43 34
0 3 11 12 5 23 -12 -4 4 8 16 -12 4 27 -14 -2 -4 -6 -1 20 8 14 15 9 13 1 -6 -19 -23 -7 95 27 -5 -5 22 4 26 17 31 8 12 23 -26 11 -2
17 -3 12 2 -30 15 -8 -49 32 7 -30 -1 -7 7 -42 -11 -28 -23 19 33 -10 36 34 29 30 1 17 -7 -39 30 27 223 -17 13 49 10 9 16 21 8 36 28 5 -9 7
-4 26 -11 -7 14 30 -5 9 -14 -14 -33 -3 -24 10 -8 -4 27 -20 29 4 -14 23 -13 11 2 26 -1 16 28 1 -5 -17 124 2 10 10 33 7 25 -6 10 50 11 2 5
-2 -7 1 5 -10 2 4 -18 -22 24 2 18 -4 -14 0 1 4 1 -9 -8 -5 0 0 9 5 1 -3 26 -10 -10 -5 13 2 88 12 19 6 0 8 6 -4 13 -9 16 -24
13 -2 -15 18 29 6 9 -25 3 24 -11 -18 -8 -11 -9 -3 -13 10 18 22 7 4 18 18 8 -13 21 -3 -32 -21 22 49 10 12 121 -10 -31 -10 -1 9 35 46 20 -17 13
-21 -4 -14 3 5 -8 -13 -7 -24 7 5 -5 12 -11 8 -19 29 16 -3 3 -8 -1 -2 11 6 -11 -14 -4 1 5 4 10 10 19 -10 68 17 -9 -4 3 6 -4 0 -13 -12
3 -23 11 -14 -27 59 -3 7 -17 63 -5 14 4 7 -11 18 16 4 24 -18 10 18 24 -37 27 33 -24 -12 4 10 26 9 33 6 -31 17 236 41 18 -5 6 18 -3 21 -10
12 11 -3 2 -23 5 9 3 13 -7 2 7 4 -14 -42 44 5 -9 30 20 20 1 11 15 21 32 -49 13 -14 12 17 16 7 0 -10 -9 41 108 -2 17 15 25 -11 -38 13
-24 35 -8 4 -10 2 -12 -23 -7 17 17 29 7 20 -6 13 25 -24 0 26 -21 19 6 0 6 18 6 -6 -7 -27 31 21 25 8 -1 -4 18 -2 119 -27 -10 40 2 16 4
12 -20 34 6 0 -18 -17 1 2 -8 -17 -21 -17 -20 -14 17 -6 12 29 10 -7 -2 -14 10 -1 7 -14 -5 -12 10 8 8 -6 6 9 3 -5 17 -27 59 2 5 -21 12 7
29 18 5 7 3 15 -2 4 13 24 6 -10 12 -19 -19 -27 10 -25 10 -9 -27 13 14 5 -10 -4 -14 -2 -22 14 12 36 10 -4 35 6 6 15 -10 2 92 17 -7 -18 -8
10 15 -30 15 15 -11 12 0 1 1 -25 -18 -8 35 -16 29 -32 -21 40 27 -25 11 6 44 7 -9 -2 -6 16 -22 23 28 50 13 46 -4 18 25 40 5 17 169 -4 -29 7
-9 5 -16 -13 15 9 11 12 -36 9 21 24 -7 23 31 -24 -21 24 15 15 3 13 27 -4 41 2 16 12 26 -5 -26 5 11 -9 20 0 -3 -11 2 -21 -7 -4 138 -26 15
-1 0 44 -14 -10 -31 1 6 -11 27 3 1 -27 -1 1 -9 -2 19 -52 27 -4 10 -39 -36 -8 -1 19 1 -34 -43 11 -9 2 16 -17 -13 21 -38 16 12 -18 -29 -26 165 -16
10 5 6 3 6 11 -17 -8 -13 -9 -16 -1 21 -5 -9 13 -12 8 25 21 11 -23 -11 8 2 -11 -7 7 -5 34 -2 7 5 -24 13 -12 -10 13 4 7 -8 7 15 -16 71

