Q_obj 
122 15 7 19 -36 13 -5 22 29 -16 3 -34 28 -10 29 -46 11
15 218 107 42 -23 -10 54 3 -17 14 21 18 -13 -37 -70 20 -14
7 107 172 34 -39 24 4 46 -47 -13 70 72 -61 -55 26 22 -56
19 42 34 190 64 11 30 6 33 25 -10 -25 -62 29 15 20 -110
-36 -23 -39 64 121 38 21 -28 7 56 -61 3 -73 12 -22 -15 -72
13 -10 24 11 38 133 3 15 19 52 -2 39 -93 -7 12 -8 0
-5 54 4 30 21 3 126 -14 -16 50 8 6 18 -17 -1 11 -52
22 3 46 6 -28 15 -14 175 39 55 15 -3 -33 39 99 -7 -54
29 -17 -47 33 7 19 -16 39 138 0 -40 -8 -40 51 11 33 61
-16 14 -13 25 56 52 50 55 0 125 -49 22 -51 42 39 20 -66
3 21 70 -10 -61 -2 8 15 -40 -49 128 26 21 -37 4 -20 -4
-34 18 72 -25 3 39 6 -3 -8 22 26 162 -74 -12 26 93 -13
28 -13 -61 -62 -73 -93 18 -33 -40 -51 21 -74 225 -32 27 32 40
-10 -37 -55 29 12 -7 -17 39 51 42 -37 -12 -32 143 11 26 17
29 -70 26 15 -22 12 -1 99 11 39 4 26 27 11 196 92 -92
-46 20 22 20 -15 -8 11 -7 33 20 -20 93 32 26 92 216 -9
11 -14 -56 -110 -72 0 -52 -54 61 -66 -4 -13 40 17 -92 -9 211

Q_cnstr 
14 -6 9 -23 9 -11 9 -1 -9 -1 9 16 0 -8 21 6 3
-6 17 -1 21 5 16 2 -2 -12 -1 4 -16 -17 -5 -24 11 -3
9 -1 72 1 -3 -20 -7 -18 -11 -37 -16 13 17 -13 -1 -13 -16
-23 21 1 106 5 35 -5 -13 21 -20 7 -24 20 15 -61 -9 -43
9 5 -3 5 59 -9 11 -7 -7 26 -4 28 -8 -14 -15 16 -3
-11 16 -20 35 -9 94 -9 -1 -15 26 42 -14 -17 27 -3 8 -28
9 2 -7 -5 11 -9 50 -8 -19 -2 18 7 -4 -10 11 9 -8
-1 -2 -18 -13 -7 -1 -8 32 -4 18 13 -18 -10 -6 -5 13 3
-9 -12 -11 21 -7 -15 -19 -4 55 13 -16 -1 21 19 4 -15 0
-1 -1 -37 -20 26 26 -2 18 13 110 9 12 -33 3 30 25 24
9 4 -16 7 -4 42 18 13 -16 9 99 17 -12 15 28 54 -37
16 -16 13 -24 28 -14 7 -18 -1 12 17 104 24 14 34 16 -1
0 -17 17 20 -8 -17 -4 -10 21 -33 -12 24 81 20 -1 -35 -1
-8 -5 -13 15 -14 27 -10 -6 19 3 15 14 20 34 8 -3 -18
21 -24 -1 -61 -15 -3 11 -5 4 30 28 34 -1 8 107 9 29
6 11 -13 -9 16 8 9 13 -15 25 54 16 -35 -3 9 60 -13
3 -3 -16 -43 -3 -28 -8 3 0 24 -37 -1 -1 -18 29 -13 106

