Q_obj 
133 28 -22 -31 -27 1 -60 -49 41 -2 -11 -19
28 86 28 -11 -10 -15 -12 -9 -16 28 15 -48
-22 28 144 -28 -65 -4 2 17 -63 -31 41 -47
-31 -11 -28 83 38 -8 33 35 -15 -19 6 8
-27 -10 -65 38 143 51 -31 7 5 -17 48 11
1 -15 -4 -8 51 96 3 -18 -17 -19 19 5
-60 -12 2 33 -31 3 108 17 -22 7 -40 22
-49 -9 17 35 7 -18 17 79 -46 -39 9 19
41 -16 -63 -15 5 -17 -22 -46 127 57 -17 18
-2 28 -31 -19 -17 -19 7 -39 57 101 -6 -20
-11 15 41 6 48 19 -40 9 -17 -6 92 -45
-19 -48 -47 8 11 5 22 19 18 -20 -45 77

Q_cnstr 
43 7 6 22 -2 9 15 12 1 -10 -9 6
7 6 27 -1 3 -4 2 13 13 -9 0 -1
6 27 207 -35 -4 -23 27 69 86 -32 10 -2
22 -1 -35 69 8 -2 8 -32 -4 12 -7 -2
-2 3 -4 8 24 -12 -14 3 0 10 -9 -4
9 -4 -23 -2 -12 40 15 2 -14 9 8 -3
15 2 27 8 -14 15 108 -11 38 -4 1 8
12 13 69 -32 3 2 -11 82 16 -9 4 9
1 13 86 -4 0 -14 38 16 67 -22 -3 4
-10 -9 -32 12 10 9 -4 -9 -22 57 -8 3
-9 0 10 -7 -9 8 1 4 -3 -8 20 -6
6 -1 -2 -2 -4 -3 8 9 4 3 -6 29

