Q_obj 
252 26 -64 11 -40 -25 -84 -93 -51 30 30 -89 26 -21 68 45 -61 76 44 -32 23 17
26 232 -35 -25 -4 -46 88 43 5 -6 -116 -2 9 -29 58 54 60 13 48 -47 37 -79
-64 -35 253 18 130 44 -81 70 124 18 0 51 1 -48 1 -52 -14 -31 12 -3 -39 -3
11 -25 18 274 -12 81 34 7 -59 37 -80 -29 -41 48 49 -64 20 13 -32 67 64 16
-40 -4 130 -12 201 28 -38 66 46 54 -43 16 -22 -30 -35 8 54 5 3 -11 -35 54
-25 -46 44 81 28 173 -49 26 -32 11 -44 -59 -50 -36 -46 -33 5 -43 -1 30 -6 50
-84 88 -81 34 -38 -49 264 34 -47 -66 -92 27 -22 28 56 62 -39 -10 43 -40 79 -73
-93 43 70 7 66 26 34 138 44 1 -47 27 45 -70 -26 14 45 -32 -12 -10 -7 -5
-51 5 124 -59 46 -32 -47 44 204 -57 21 25 12 31 -6 -55 -23 -65 -16 -1 -43 12
30 -6 18 37 54 11 -66 1 -57 189 12 7 -31 15 44 67 20 66 -41 86 10 28
30 -116 0 -80 -43 -44 -92 -47 21 12 186 40 70 39 -17 14 -31 5 -49 27 -37 -20
-89 -2 51 -29 16 -59 27 27 25 7 40 195 65 19 14 -84 13 24 -35 49 3 -46
26 9 1 -41 -22 -50 -22 45 12 -31 70 65 188 -38 -12 -31 4 17 -38 -18 -66 -42
-21 -29 -48 48 -30 -36 28 -70 31 15 39 19 -38 226 15 -33 -11 -28 -90 72 -57 -14
68 58 1 49 -35 -46 56 -26 -6 44 -17 14 -12 15 237 -9 -32 58 123 -15 128 -32
45 54 -52 -64 8 -33 62 14 -55 67 14 -84 -31 -33 -9 337 6 34 11 -73 11 0
-61 60 -14 20 54 5 -39 45 -23 20 -31 13 4 -11 -32 6 275 13 -10 -35 23 36
76 13 -31 13 5 -43 -10 -32 -65 66 5 24 17 -28 58 34 13 162 16 27 29 -20
44 48 12 -32 3 -1 43 -12 -16 -41 -49 -35 -38 -90 123 11 -10 16 244 -77 88 -12
-32 -47 -3 67 -11 30 -40 -10 -1 86 27 49 -18 72 -15 -73 -35 27 -77 160 -15 1
23 37 -39 64 -35 -6 79 -7 -43 10 -37 3 -66 -57 128 11 23 29 88 -15 205 10
17 -79 -3 16 54 50 -73 -5 12 28 -20 -46 -42 -14 -32 0 36 -20 -12 1 10 196

Q_cnstr 
98 82 2 21 12 -7 20 7 -23 -33 16 12 -9 25 -4 36 61 -6 12 -27 -7 -11
82 258 5 10 29 7 78 -6 37 -42 3 48 -20 40 12 59 39 -2 54 -43 -11 -22
2 5 68 17 15 11 0 7 30 -31 5 -11 30 27 32 -3 -6 32 10 56 7 -36
21 10 17 54 -3 -16 9 8 11 -39 10 3 25 30 -8 16 1 -20 0 21 5 -29
12 29 15 -3 74 -6 6 33 15 0 20 24 -6 39 35 0 27 21 9 -36 27 -7
-7 7 11 -16 -6 74 -5 -12 11 21 3 11 7 22 16 33 -16 6 -1 39 10 -33
20 78 0 9 6 -5 96 22 9 -16 6 13 -8 11 4 -10 -4 -38 28 25 -15 26
7 -6 7 8 33 -12 22 100 -2 -7 5 19 8 39 10 -25 41 6 5 -12 3 13
-23 37 30 11 15 11 9 -2 170 -2 2 10 -21 -15 23 18 -12 -20 0 56 -1 7
-33 -42 -31 -39 0 21 -16 -7 -2 124 19 22 -31 -8 21 -5 -10 27 -33 -19 13 33
16 3 5 10 20 3 6 5 2 19 54 20 19 46 28 -3 1 -2 -1 11 56 -10
12 48 -11 3 24 11 13 19 10 22 20 89 -19 46 -3 40 6 -5 -1 15 36 1
-9 -20 30 25 -6 7 -8 8 -21 -31 19 -19 81 59 24 -17 -3 17 18 39 18 -33
25 40 27 30 39 22 11 39 -15 -8 46 46 59 144 45 9 17 21 24 0 50 -40
-4 12 32 -8 35 16 4 10 23 21 28 -3 24 45 104 -46 2 25 7 7 20 -48
36 59 -3 16 0 33 -10 -25 18 -5 -3 40 -17 9 -46 148 -4 34 3 -5 26 3
61 39 -6 1 27 -16 -4 41 -12 -10 1 6 -3 17 2 -4 137 8 6 -45 -63 -14
-6 -2 32 -20 21 6 -38 6 -20 27 -2 -5 17 21 25 34 8 117 1 -39 20 4
12 54 10 0 9 -1 28 5 0 -33 -1 -1 18 24 7 3 6 1 41 -8 -4 1
-27 -43 56 21 -36 39 25 -12 56 -19 11 15 39 0 7 -5 -45 -39 -8 195 6 -19
-7 -11 7 5 27 10 -15 3 -1 13 56 36 18 50 20 26 -63 20 -4 6 123 -10
-11 -22 -36 -29 -7 -33 26 13 7 33 -10 1 -33 -40 -48 3 -14 4 1 -19 -10 138

