Q_obj 
154 -2 11 36 16 -18 49 40 -33 19 -27 -49 -15 9 -2 -71 63 17 11 -13 10 55
-2 218 77 -54 -1 -7 -37 -49 -59 -29 5 -10 56 28 -11 -93 67 24 38 -13 -76 -39
11 77 273 35 72 -6 33 163 3 -68 12 60 69 -20 47 -23 16 71 63 1 9 -62
36 -54 35 155 -61 30 56 72 12 -15 -14 47 -7 -78 -75 -10 -70 -39 -11 -46 37 -42
16 -1 72 -61 202 -126 31 34 15 31 -29 -36 36 8 24 12 8 33 -7 109 3 50
-18 -7 -6 30 -126 246 -22 36 -21 -81 60 67 -113 -34 13 -34 -52 -45 -30 -59 -30 -59
49 -37 33 56 31 -22 245 27 -70 58 20 -29 40 -48 -75 -61 -75 5 15 -12 17 33
40 -49 163 72 34 36 27 251 -3 -27 -33 42 13 -23 51 21 -62 30 8 -11 43 14
-33 -59 3 12 15 -21 -70 -3 209 40 -21 81 30 19 23 22 -19 6 10 36 15 -56
19 -29 -68 -15 31 -81 58 -27 40 244 -41 -79 78 46 -60 -59 -60 -32 -5 89 -12 38
-27 5 12 -14 -29 60 20 -33 -21 -41 157 31 55 14 -12 17 -11 49 -18 5 43 -13
-49 -10 60 47 -36 67 -29 42 81 -79 31 170 -12 -54 5 22 -20 43 -9 -52 -34 -77
-15 56 69 -7 36 -113 40 13 30 78 55 -12 269 12 11 7 -29 69 -26 3 24 -78
9 28 -20 -78 8 -34 -48 -23 19 46 14 -54 12 155 55 12 33 77 47 29 44 70
-2 -11 47 -75 24 13 -75 51 23 -60 -12 5 11 55 242 23 53 67 -23 1 56 -47
-71 -93 -23 -10 12 -34 -61 21 22 -59 17 22 7 12 23 200 -22 59 -42 -3 64 18
63 67 16 -70 8 -52 -75 -62 -19 -60 -11 -20 -29 33 53 -22 275 64 5 -3 -16 13
17 24 71 -39 33 -45 5 30 6 -32 49 43 69 77 67 59 64 199 -8 -31 20 21
11 38 63 -11 -7 -30 15 8 10 -5 -18 -9 -26 47 -23 -42 5 -8 187 -2 -19 48
-13 -13 1 -46 109 -59 -12 -11 36 89 5 -52 3 29 1 -3 -3 -31 -2 238 63 34
10 -76 9 37 3 -30 17 43 15 -12 43 -34 24 44 56 64 -16 20 -19 63 175 36
55 -39 -62 -42 50 -59 33 14 -56 38 -13 -77 -78 70 -47 18 13 21 48 34 36 235

Q_cnstr 
81 -24 34 24 -21 -7 19 -11 9 -2 -15 7 11 -3 23 3 -7 16 -14 21 -2 -58
-24 103 22 -12 11 -23 29 5 -30 5 5 -36 24 2 -13 -21 4 36 1 -15 -5 15
34 22 91 28 -10 4 15 10 4 15 -30 -14 34 8 4 27 3 12 -13 -21 24 -35
24 -12 28 78 15 13 15 -12 12 7 10 -1 3 -5 11 -5 -4 -13 -21 0 21 -9
-21 11 -10 15 154 5 -31 -24 44 6 7 29 31 -6 -7 -43 -6 3 24 6 36 9
-7 -23 4 13 5 102 -2 5 14 13 -11 17 -27 -8 -2 13 17 -40 15 -30 13 12
19 29 15 15 -31 -2 123 3 -21 -34 1 -8 24 2 40 -9 -1 66 -22 -22 -32 3
-11 5 10 -12 -24 5 3 66 19 -7 -8 -17 -3 15 0 16 16 -2 -11 -24 -11 18
9 -30 4 12 44 14 -21 19 97 2 -12 27 12 -6 -12 -1 0 16 9 -16 24 3
-2 5 15 7 6 13 -34 -7 2 53 -7 -24 -8 4 -16 12 -2 6 10 -5 15 -7
-15 5 -30 10 7 -11 1 -8 -12 -7 47 13 -11 -8 -7 -9 1 1 -30 -6 -3 4
7 -36 -14 -1 29 17 -8 -17 27 -24 13 102 2 5 -18 -6 -13 -31 -11 5 23 1
11 24 34 3 31 -27 24 -3 12 -8 -11 2 125 32 4 4 0 9 -14 -22 40 -38
-3 2 8 -5 -6 -8 2 15 -6 4 -8 5 32 47 4 0 1 5 -9 -1 5 -3
23 -13 4 11 -7 -2 40 0 -12 -16 -7 -18 4 4 73 -23 -8 29 1 11 -31 -27
3 -21 27 -5 -43 13 -9 16 -1 12 -9 -6 4 0 -23 72 16 -14 -9 -28 -1 -20
-7 4 3 -4 -6 17 -1 16 0 -2 1 -13 0 1 -8 16 25 -10 -10 -25 -2 2
16 36 12 -13 3 -40 66 -2 16 6 1 -31 9 5 29 -14 -10 147 12 -15 -41 -13
-14 1 -13 -21 24 15 -22 -11 9 10 -30 -11 -14 -9 1 -9 -10 12 93 34 -14 17
21 -15 -21 0 6 -30 -22 -24 -16 -5 -6 5 -22 -1 11 -28 -25 -15 34 88 -9 -5
-2 -5 24 21 36 13 -32 -11 24 15 -3 23 40 5 -31 -1 -2 -41 -14 -9 78 -1
-58 15 -35 -9 9 12 3 18 3 -7 4 1 -38 -3 -27 -20 2 -13 17 -5 -1 80

