Q_obj 
957 40 -51 -48 177 -12 -332 164 72 -42 117 -116 129 -47
40 881 521 269 58 -158 -11 17 -268 284 -382 310 -87 66
-51 521 714 -184 149 14 -49 -26 -3 144 -101 -47 -102 -35
-48 269 -184 779 -132 -181 -5 -183 -101 123 -302 259 58 178
177 58 149 -132 734 234 336 -224 134 -256 197 -452 434 156
-12 -158 14 -181 234 380 14 -132 21 -100 268 -386 102 115
-332 -11 -49 -5 336 14 761 -233 -221 -70 -9 -149 258 134
164 17 -26 -183 -224 -132 -233 838 -21 169 -116 217 -267 -20
72 -268 -3 -101 134 21 -221 -21 621 -305 169 -145 -43 164
-42 284 144 123 -256 -100 -70 169 -305 834 -435 163 -115 -147
117 -382 -101 -302 197 268 -9 -116 169 -435 659 -502 -1 98
-116 310 -47 259 -452 -386 -149 217 -145 163 -502 944 -251 -205
129 -87 -102 58 434 102 258 -267 -43 -115 -1 -251 568 -64
-47 66 -35 178 156 115 134 -20 164 -147 98 -205 -64 499

Q_cnstr 
23 -3 4 -5 -1 11 12 30 3 -5 2 14 -13 6
-3 41 3 -7 10 -23 14 18 -6 18 17 -9 14 2
4 3 72 18 -19 -1 6 -24 6 15 9 17 5 -6
-5 -7 18 50 -22 -32 -3 -27 19 3 -8 15 -9 -13
-1 10 -19 -22 86 37 -30 14 12 -2 -9 -10 4 9
11 -23 -1 -32 37 91 -11 13 0 -13 4 8 5 5
12 14 6 -3 -30 -11 58 14 -25 20 -2 5 -15 7
30 18 -24 -27 14 13 14 94 -4 -4 22 6 -16 -1
3 -6 6 19 12 0 -25 -4 57 -2 11 20 12 -2
-5 18 15 3 -2 -13 20 -4 -2 32 9 6 -1 5
2 17 9 -8 -9 4 -2 22 11 9 44 6 25 4
14 -9 17 15 -10 8 5 6 20 6 6 44 -9 26
-13 14 5 -9 4 5 -15 -16 12 -1 25 -9 44 3
6 2 -6 -13 9 5 7 -1 -2 5 4 26 3 56

