Q_obj 
1036 24 157 22 54 -246 -15 329 -67 -160 -99 -112 -8 -38
24 1324 -236 417 180 374 -564 10 -211 -230 -199 413 -169 32
157 -236 843 -315 -242 -327 127 -72 -158 357 -269 -46 -113 -23
22 417 -315 957 474 441 -374 190 -162 -264 15 197 239 25
54 180 -242 474 992 -329 -265 581 -388 -227 -481 -220 -142 172
-246 374 -327 441 -329 1351 -196 -65 284 -701 481 353 350 -145
-15 -564 127 -374 -265 -196 983 -344 63 -308 -60 -694 95 -468
329 10 -72 190 581 -65 -344 830 -177 -200 -156 -130 -242 257
-67 -211 -158 -162 -388 284 63 -177 1355 -5 678 49 -154 408
-160 -230 357 -264 -227 -701 -308 -200 -5 1397 52 523 -53 320
-99 -199 -269 15 -481 481 -60 -156 678 52 914 256 45 109
-112 413 -46 197 -220 353 -694 -130 49 523 256 880 254 120
-8 -169 -113 239 -142 350 95 -242 -154 -53 45 254 715 -483
-38 32 -23 25 172 -145 -468 257 408 320 109 120 -483 847

Q_cnstr 
54 19 12 5 -2 1 -21 -14 4 -10 -2 9 -10 1
19 86 13 21 -1 16 -43 30 47 23 -6 12 12 13
12 13 43 14 -11 11 6 5 -12 26 37 15 9 5
5 21 14 98 -3 -22 -8 10 18 0 18 21 1 3
-2 -1 -11 -3 41 19 -18 9 8 11 -30 0 -7 8
1 16 11 -22 19 62 -8 40 -20 15 3 -9 12 -20
-21 -43 6 -8 -18 -8 67 -23 -28 -6 29 -12 14 -4
-14 30 5 10 9 40 -23 66 2 15 0 3 5 -14
4 47 -12 18 8 -20 -28 2 61 10 -24 11 3 28
-10 23 26 0 11 15 -6 15 10 46 5 9 10 23
-2 -6 37 18 -30 3 29 0 -24 5 97 8 13 -9
9 12 15 21 0 -9 -12 3 11 9 8 45 15 8
-10 12 9 1 -7 12 14 5 3 10 13 15 34 0
1 13 5 3 8 -20 -4 -14 28 23 -9 8 0 46

