Q_obj 
204 6 -10 38 45 -28 -11 7 -55 -67 -12 43 46 35 -23 17 -6 1 33 40 -17 8
6 223 -45 49 -32 -41 21 26 3 -56 -31 50 84 -24 20 -30 119 -1 -44 -3 47 -16
-10 -45 240 63 32 73 17 19 -33 28 4 -29 14 44 -38 -49 -73 -101 13 -65 23 32
38 49 63 218 -9 -52 -25 45 9 -14 41 -44 24 26 74 91 -19 -68 -15 -43 89 24
45 -32 32 -9 205 -86 17 -97 3 -12 -41 -1 31 -4 -40 -3 -19 38 -7 21 5 -15
-28 -41 73 -52 -86 218 -13 71 -33 -12 44 24 -36 -43 -120 -63 -53 -1 51 -24 -52 52
-11 21 17 -25 17 -13 226 23 -29 53 -50 -48 -35 -38 20 -56 26 62 -32 -65 -9 29
7 26 19 45 -97 71 23 241 -6 -9 94 -17 11 -33 37 -23 23 -37 10 -74 -4 119
-55 3 -33 9 3 -33 -29 -6 166 105 -57 -55 -44 -16 69 50 -12 50 -12 24 -18 -3
-67 -56 28 -14 -12 -12 53 -9 105 273 -43 -27 -53 42 87 53 -4 44 32 26 89 75
-12 -31 4 41 -41 44 -50 94 -57 -43 247 -21 68 -2 28 35 66 -121 67 -99 61 119
43 50 -29 -44 -1 24 -48 -17 -55 -27 -21 186 22 11 -32 -36 25 5 10 109 25 -34
46 84 14 24 31 -36 -35 11 -44 -53 68 22 178 77 -52 -11 71 -56 15 -58 23 14
35 -24 44 26 -4 -43 -38 -33 -16 42 -2 11 77 230 6 -1 -63 -77 -18 -19 25 -11
-23 20 -38 74 -40 -120 20 37 69 87 28 -32 -52 6 241 57 73 -26 -55 27 99 21
17 -30 -49 91 -3 -63 -56 -23 50 53 35 -36 -11 -1 57 184 0 -10 26 -13 66 33
-6 119 -73 -19 -19 -53 26 23 -12 -4 66 25 71 -63 73 0 245 3 7 -49 75 41
1 -1 -101 -68 38 -1 62 -37 50 44 -121 5 -56 -77 -26 -10 3 221 -11 105 -55 -57
33 -44 13 -15 -7 51 -32 10 -12 32 67 10 15 -18 -55 26 7 -11 180 32 21 67
40 -3 -65 -43 21 -24 -65 -74 24 26 -99 109 -58 -19 27 -13 -49 105 32 319 25 -111
-17 47 23 89 5 -52 -9 -4 -18 89 61 25 23 25 99 66 75 -55 21 25 231 71
8 -16 32 24 -15 52 29 119 -3 75 119 -34 14 -11 21 33 41 -57 67 -111 71 181

Q_cnstr 
178 -34 -7 -34 -2 48 -1 24 57 5 -11 43 4 39 30 38 40 7 42 29 4 21
-34 67 -6 22 9 -10 -7 -26 0 27 28 -10 16 3 1 10 -24 -11 6 0 31 -5
-7 -6 87 2 -14 -24 -26 -8 -13 9 -4 6 9 12 -11 -26 16 17 -8 9 37 1
-34 22 2 132 -15 12 -25 13 -17 33 -5 12 -22 35 -31 -16 -14 15 -4 -31 75 17
-2 9 -14 -15 50 -10 -5 -18 8 -7 2 -3 -11 2 -3 -4 -13 -1 14 -10 -5 -4
48 -10 -24 12 -10 63 13 32 -7 16 6 13 -14 21 3 32 16 -5 2 6 -18 12
-1 -7 -26 -25 -5 13 74 27 -1 -14 38 3 12 -5 2 43 -8 -11 -9 -7 -54 -8
24 -26 -8 13 -18 32 27 111 0 -7 12 24 -44 38 14 66 22 8 -12 19 -45 14
57 0 -13 -17 8 -7 -1 0 119 16 14 -27 -9 -1 -34 9 17 -4 24 29 -14 24
5 27 9 33 -7 16 -14 -7 16 73 30 13 1 26 3 24 11 -18 -1 7 25 1
-11 28 -4 -5 2 6 38 12 14 30 93 4 21 7 -23 53 13 4 -4 6 -27 -16
43 -10 6 12 -3 13 3 24 -27 13 4 91 -8 46 67 15 12 -6 0 16 6 -6
4 16 9 -22 -11 -14 12 -44 -9 1 21 -8 111 4 18 6 -5 26 -8 -3 35 39
39 3 12 35 2 21 -5 38 -1 26 7 46 4 102 15 33 18 12 -8 19 11 27
30 1 -11 -31 -3 3 2 14 -34 3 -23 67 18 15 149 40 -2 -6 -10 11 -21 3
38 10 -26 -16 -4 32 43 66 9 24 53 15 6 33 40 121 19 -6 -4 5 -45 2
40 -24 16 -14 -13 16 -8 22 17 11 13 12 -5 18 -2 19 50 20 4 39 -28 2
7 -11 17 15 -1 -5 -11 8 -4 -18 4 -6 26 12 -6 -6 20 69 1 12 -4 23
42 6 -8 -4 14 2 -9 -12 24 -1 -4 0 -8 -8 -10 -4 4 1 38 3 21 -10
29 0 9 -31 -10 6 -7 19 29 7 6 16 -3 19 11 5 39 12 3 106 -26 26
4 31 37 75 -5 -18 -54 -45 -14 25 -27 6 35 11 -21 -45 -28 -4 21 -26 157 29
21 -5 1 17 -4 12 -8 14 24 1 -16 -6 39 27 3 2 2 23 -10 26 29 76

