Q_obj 
308 -74 -68 -4 -95 3 56 6 -40 94 -109 -59 -75 -29 -40 -122 -58 26 7 29 74 -13 -62 91 -68 84 -8 22 -24 -7 22 31 83 -85 -89
-74 425 -29 72 23 26 29 122 -10 -21 79 47 -78 4 48 27 109 60 -7 -78 -55 3 30 6 27 19 107 -29 103 -31 61 63 -7 87 119
-68 -29 314 -39 33 35 117 27 -30 -24 20 -87 18 -92 -2 -23 -17 -108 -58 -14 56 -117 17 4 76 17 -84 106 -6 -45 -17 -23 -69 -12 -10
-4 72 -39 382 -82 106 -47 -73 67 74 75 -59 -100 -21 -8 27 21 11 -40 102 -21 5 68 -49 132 -37 20 -24 4 -60 61 -125 -33 -72 96
-95 23 33 -82 309 19 -12 97 5 -30 -79 92 15 84 96 -15 -84 -9 -26 -134 96 40 83 -42 -15 124 55 -82 -57 79 2 -42 2 46 1
3 26 35 106 19 319 -63 -25 71 30 -19 -33 -77 -10 -28 26 -4 -58 -80 39 44 0 99 21 148 47 7 58 -5 10 30 -4 -98 -73 8
56 29 117 -47 -12 -63 402 72 2 30 -48 -61 4 -62 -137 -84 -26 8 14 18 108 -15 71 4 -20 57 -107 46 -21 49 -18 -122 38 -66 12
6 122 27 -73 97 -25 72 366 -13 -26 -12 11 -71 42 -39 -74 -44 76 27 -109 61 32 7 42 -81 20 36 9 29 18 -15 -68 23 112 -45
-40 -10 -30 67 5 71 2 -13 318 -19 -2 72 18 -128 -69 39 29 51 -75 62 44 -46 81 -72 77 3 -14 -95 -3 8 3 -81 -28 -58 28
94 -21 -24 74 -30 30 30 -26 -19 381 37 -58 -213 -59 79 -36 0 -91 -36 55 16 64 -39 -3 -57 100 55 29 46 -57 -64 -109 24 -12 -44
-109 79 20 75 -79 -19 -48 -12 -2 37 310 -50 -73 -61 39 47 42 116 -44 124 -39 18 -50 64 -16 -77 69 -42 90 -26 15 9 -10 93 -17
-59 47 -87 -59 92 -33 -61 11 72 -58 -50 375 56 86 -7 92 54 113 45 -96 41 -7 -103 -114 36 74 37 -110 1 62 53 64 89 6 60
-75 -78 18 -100 15 -77 4 -71 18 -213 -73 56 417 69 -35 -9 -35 -2 -52 23 55 -79 1 -65 52 -92 -144 -9 -36 84 -66 62 -9 -57 36
-29 4 -92 -21 84 -10 -62 42 -128 -59 -61 86 69 369 52 27 -104 18 29 -79 -11 29 13 -8 -83 63 32 -7 -18 -23 -36 64 14 62 -38
-40 48 -2 -8 96 -28 -137 -39 -69 79 39 -7 -35 52 430 1 59 11 -47 -43 -134 56 20 -65 -54 107 137 -66 32 -61 -64 -9 -52 76 8
-122 27 -23 27 -15 26 -84 -74 39 -36 47 92 -9 27 1 411 17 -18 -14 -65 -110 -83 71 -120 87 33 71 -39 -56 51 28 -71 -122 39 -54
-58 109 -17 21 -84 -4 -26 -44 29 0 42 54 -35 -104 59 17 379 1 -8 51 -71 29 11 -39 165 -38 12 -10 54 -46 -2 78 -115 21 23
26 60 -108 11 -9 -58 8 76 51 -91 116 113 -2 18 11 -18 1 426 18 36 31 52 -96 -18 -35 -16 92 -110 39 136 53 36 84 82 -5
7 -7 -58 -40 -26 -80 14 27 -75 -36 -44 45 -52 29 -47 -14 -8 18 376 -98 -99 138 -62 -34 -66 -51 -41 66 77 25 2 44 86 14 2
29 -78 -14 102 -134 39 18 -109 62 55 124 -96 23 -79 -43 -65 51 36 -98 308 74 30 -46 96 29 -68 -41 27 34 12 69 2 13 -78 -5
74 -55 56 -21 96 44 108 61 44 16 -39 41 55 -11 -134 -110 -71 31 -99 74 374 -13 -22 101 30 93 -98 -53 -48 114 35 -11 17 -107 -34
-13 3 -117 5 40 0 -15 32 -46 64 18 -7 -79 29 56 -83 29 52 138 30 -13 348 27 -4 -78 -82 77 -27 100 -4 -69 20 -30 -22 67
-62 30 17 68 83 99 71 7 81 -39 -50 -103 1 13 20 71 11 -96 -62 -46 -22 27 330 -32 67 19 23 -49 -72 10 -65 -158 -174 -36 7
91 6 4 -49 -42 21 4 42 -72 -3 64 -114 -65 -8 -65 -120 -39 -18 -34 96 101 -4 -32 364 -102 42 -72 44 98 76 103 119 -13 22 -68
-68 27 76 132 -15 148 -20 -81 77 -57 -16 36 52 -83 -54 87 165 -35 -66 29 30 -78 67 -102 427 0 -31 34 12 32 39 -17 -94 -41 73
84 19 17 -37 124 47 57 20 3 100 -77 74 -92 63 107 33 -38 -16 -51 -68 93 -82 19 42 0 351 81 -79 -12 68 52 4 20 1 -9
-8 107 -84 20 55 7 -107 36 -14 55 69 37 -144 32 137 71 12 92 -41 -41 -98 77 23 -72 -31 81 269 -114 -7 -35 13 19 15 84 68
22 -29 106 -24 -82 58 46 9 -95 29 -42 -110 -9 -7 -66 -39 -10 -110 66 27 -53 -27 -49 44 34 -79 -114 363 17 -34 24 36 38 4 -60
-24 103 -6 4 -57 -5 -21 29 -3 46 90 1 -36 -18 32 -56 54 39 77 34 -48 100 -72 98 12 -12 -7 17 292 -52 20 137 -2 30 46
-7 -31 -45 -60 79 10 49 18 8 -57 -26 62 84 -23 -61 51 -46 136 25 12 114 -4 10 76 32 68 -35 -34 -52 330 67 -32 -5 24 -20
22 61 -17 61 2 30 -18 -15 3 -64 15 53 -66 -36 -64 28 -2 53 2 69 35 -69 -65 103 39 52 13 24 20 67 307 64 122 -1 41
31 63 -23 -125 -42 -4 -122 -68 -81 -109 9 64 62 64 -9 -71 78 36 44 2 -11 20 -158 119 -17 4 19 36 137 -32 64 444 63 67 22
83 -7 -69 -33 2 -98 38 23 -28 24 -10 89 -9 14 -52 -122 -115 84 86 13 17 -30 -174 -13 -94 20 15 38 -2 -5 122 63 327 48 36
-85 87 -12 -72 46 -73 -66 112 -58 -12 93 6 -57 62 76 39 21 82 14 -78 -107 -22 -36 22 -41 1 84 4 30 24 -1 67 48 257 -75
-89 119 -10 96 1 8 12 -45 28 -44 -17 60 36 -38 8 -54 23 -5 2 -5 -34 67 7 -68 73 -9 68 -60 46 -20 41 22 36 -75 313

Q_cnstr 
123 38 6 -43 -8 6 2 3 2 -21 5 -21 -25 8 9 -2 -38 -24 8 16 3 -30 -43 17 -8 -9 26 0 -23 -36 -10 2 4 34 7
38 136 10 36 -26 47 -33 0 -15 -10 -19 -2 26 -13 20 52 -7 -11 -21 2 -21 0 -38 20 -16 -15 56 21 -23 -46 19 10 7 12 6
6 10 159 -20 16 0 15 -18 1 -48 -3 -3 -27 10 -1 -41 -41 1 -39 -3 -19 4 12 -2 1 -21 -15 19 0 -47 -19 0 13 -28 -48
-43 36 -20 149 -14 -1 -22 -8 -25 47 -30 -42 9 3 -25 46 -16 31 3 21 21 -28 14 0 -20 2 -12 -1 -10 -2 22 -12 19 2 13
-8 -26 16 -14 142 19 57 -5 -20 3 -11 30 -21 35 33 -15 -21 8 15 -15 -42 24 57 24 -24 11 15 14 5 5 5 2 -11 -19 12
6 47 0 -1 19 189 -7 -22 -25 -33 17 1 13 6 27 28 20 -28 -2 2 -44 -5 -22 -38 -42 34 2 28 -4 -14 -6 17 -21 18 29
2 -33 15 -22 57 -7 146 3 16 -24 29 -1 -34 26 3 -71 36 13 23 -12 12 -13 0 36 -21 -25 15 -1 37 -44 -2 -14 -4 -15 14
3 0 -18 -8 -5 -22 3 90 -17 23 -15 -12 4 -16 -16 -12 26 4 -5 -1 -3 -9 9 14 24 -11 12 -3 -5 34 6 32 1 13 -9
2 -15 1 -25 -20 -25 16 -17 104 17 19 1 -4 27 -14 -50 46 -10 -18 -18 2 11 -5 3 42 -21 13 -3 -1 7 2 26 2 11 -27
-21 -10 -48 47 3 -33 -24 23 17 122 -28 -1 16 -2 1 -31 1 -3 8 13 -14 -16 12 -17 35 14 10 -12 -22 61 5 14 4 -9 -1
5 -19 -3 -30 -11 17 29 -15 19 -28 61 -1 -1 10 -2 -15 23 -15 2 -7 -6 12 -24 -1 -12 -17 -19 -2 9 -21 -7 -10 3 17 16
-21 -2 -3 -42 30 1 -1 -12 1 -1 -1 115 -1 -1 24 -5 -6 -3 -7 -24 -9 20 -14 9 -4 25 9 9 -19 34 17 -24 -11 -12 7
-25 26 -27 9 -21 13 -34 4 -4 16 -1 -1 108 -21 21 3 22 1 -3 -25 -18 27 -8 5 10 -11 18 -5 -17 12 -9 61 5 -10 0
8 -13 10 3 35 6 26 -16 27 -2 10 -1 -21 71 -8 1 -6 -11 -6 5 -3 -7 21 2 -7 2 -5 10 6 -21 3 -1 10 -2 7
9 20 -1 -25 33 27 3 -16 -14 1 -2 24 21 -8 117 14 2 -15 18 -22 -49 44 -13 7 -39 -13 18 -12 21 -10 -14 -5 -1 -21 12
-2 52 -41 46 -15 28 -71 -12 -50 -31 -15 -5 3 1 14 224 -43 -22 -18 7 -8 49 -52 -30 -41 22 1 12 12 -29 26 -20 13 -27 1
-38 -7 -41 -16 -21 20 36 26 46 1 23 -6 22 -6 2 -43 151 18 -4 -32 -14 37 9 15 31 -19 44 0 25 -2 -10 3 -9 -7 -3
-24 -11 1 31 8 -28 13 4 -10 -3 -15 -3 1 -11 -15 -22 18 74 9 5 14 -7 32 11 -5 -1 -11 -1 -15 -10 -14 -15 -7 -11 8
8 -21 -39 3 15 -2 23 -5 -18 8 2 -7 -3 -6 18 -18 -4 9 103 -6 48 -30 1 -21 -4 -23 -16 7 8 -17 -5 -18 5 37 12
16 2 -3 21 -15 2 -12 -1 -18 13 -7 -24 -25 5 -22 7 -32 5 -6 108 7 -43 -34 -26 -16 20 -21 -18 11 -1 3 -25 3 -7 43
3 -21 -19 21 -42 -44 12 -3 2 -14 -6 -9 -18 -3 -49 -8 -14 14 48 7 140 -64 -33 -2 16 -33 -34 13 15 1 13 -8 6 54 3
-30 0 4 -28 24 -5 -13 -9 11 -16 12 20 27 -7 44 49 37 -7 -30 -43 -64 136 20 17 -13 28 20 8 22 -10 4 -3 18 -57 -1
-43 -38 12 14 57 -22 0 9 -5 12 -24 -14 -8 21 -13 -52 9 32 1 -34 -33 20 173 6 23 42 -10 4 1 -7 -20 22 -20 2 1
17 20 -2 0 24 -38 36 14 3 -17 -1 9 5 2 7 -30 15 11 -21 -26 -2 17 6 117 2 -24 39 8 -13 -12 17 12 -7 -7 -20
-8 -16 1 -20 -24 -42 -21 24 42 35 -12 -4 10 -7 -39 -41 31 -5 -4 -16 16 -13 23 2 103 -17 24 9 -23 19 -5 38 -12 -11 -51
-9 -15 -21 2 11 34 -25 -11 -21 14 -17 25 -11 2 -13 22 -19 -1 -23 20 -33 28 42 -24 -17 119 -23 5 -6 32 0 -19 -6 -35 45
26 56 -15 -12 15 2 15 12 13 10 -19 9 18 -5 18 1 44 -11 -16 -21 -34 20 -10 39 24 -23 106 4 -4 -22 17 12 -5 -13 -17
0 21 19 -1 14 28 -1 -3 -3 -12 -2 9 -5 10 -12 12 0 -1 7 -18 13 8 4 8 9 5 4 66 -14 -33 12 3 7 -8 -26
-23 -23 0 -10 5 -4 37 -5 -1 -22 9 -19 -17 6 21 12 25 -15 8 11 15 22 1 -13 -23 -6 -4 -14 78 -15 5 -26 -4 -14 23
-36 -46 -47 -2 5 -14 -44 34 7 61 -21 34 12 -21 -10 -29 -2 -10 -17 -1 1 -10 -7 -12 19 32 -22 -33 -15 173 19 26 -21 21 14
-10 19 -19 22 5 -6 -2 6 2 5 -7 17 -9 3 -14 26 -10 -14 -5 3 13 4 -20 17 -5 0 17 12 5 19 55 -10 11 13 3
2 10 0 -12 2 17 -14 32 26 14 -10 -24 61 -1 -5 -20 3 -15 -18 -25 -8 -3 22 12 38 -19 12 3 -26 26 -10 117 -10 27 -35
4 7 13 19 -11 -21 -4 1 2 4 3 -11 5 10 -1 13 -9 -7 5 3 6 18 -20 -7 -12 -6 -5 7 -4 -21 11 -10 52 -5 2
34 12 -28 2 -19 18 -15 13 11 -9 17 -12 -10 -2 -21 -27 -7 -11 37 -7 54 -57 2 -7 -11 -35 -13 -8 -14 21 13 27 -5 132 17
7 6 -48 13 12 29 14 -9 -27 -1 16 7 0 7 12 1 -3 8 12 43 3 -1 1 -20 -51 45 -17 -26 23 14 3 -35 2 17 110

