Q_obj 
458 -18 48 22 -39 -59 38 -77 4 -44 114 -12 33 39 -115 96 -20 33 -8 -85 70 -156 5 20 -29 85 -39 40 3 -33 41 15 -66 -2 41 -22 -33 -49 31 -40 -90 -10 91 88 77
-18 465 -8 18 117 85 61 -10 108 -34 -10 -41 -47 2 -12 -3 79 35 -120 52 57 35 2 -2 77 61 16 53 -38 -20 -61 -31 -158 87 -34 86 49 -50 -81 -106 -26 -102 26 101 61
48 -8 465 33 168 8 53 -20 -103 37 81 107 -65 51 -213 46 -46 49 94 -13 45 -20 -79 -117 41 -15 -94 23 13 18 38 -3 40 -37 -90 -32 -166 -30 9 -13 62 71 88 -50 -177
22 18 33 402 112 91 35 76 13 109 39 -94 61 8 -53 -25 -12 -84 -32 64 131 5 -67 -112 -103 31 40 -77 47 -4 56 -30 -68 24 -49 -82 -2 -57 -64 -23 35 8 -42 112 48
-39 117 168 112 556 82 96 -126 6 117 -11 -77 -74 52 -64 4 128 -43 -74 3 48 21 -18 11 48 -39 -97 61 -113 74 -27 42 -59 34 25 -13 -58 -5 -56 -82 55 -12 -31 -60 -66
-59 85 8 91 82 400 -21 25 5 -33 -155 -11 -62 -23 35 44 -12 -59 -55 47 28 3 27 48 50 -47 39 -117 70 -21 26 -41 -123 21 -80 58 -26 7 -49 -82 -47 83 -40 -16 -30
38 61 53 35 96 -21 365 -49 -21 -79 32 -34 -14 62 -63 -14 29 -42 -95 -91 77 -43 -16 -14 -87 2 38 30 -44 59 -89 8 -130 -31 110 -65 -17 -95 -28 -26 7 -42 44 42 29
-77 -10 -20 76 -126 25 -49 403 64 -4 -7 39 82 -19 106 2 -119 -58 93 21 29 -15 -147 -77 -132 0 191 -75 -85 20 -10 -48 50 124 -83 -65 -13 -4 2 -35 -9 37 -10 79 -18
4 108 -103 13 6 5 -21 64 549 118 82 -39 -36 71 142 74 -15 -16 -27 145 -6 -10 -77 -39 -74 60 -13 -9 -103 -133 -96 -34 -24 41 34 -110 24 18 -103 -84 -63 71 52 92 47
-44 -34 37 109 117 -33 -79 -4 118 465 100 -88 45 132 61 66 19 -54 12 85 8 -44 -66 -38 -6 -40 -49 -32 0 -48 71 7 118 -67 -10 54 17 111 15 -31 -82 -17 -142 3 -10
114 -10 81 39 -11 -155 32 -7 82 100 498 53 78 133 -36 37 -72 20 94 -95 -53 -6 -40 -19 -80 118 -2 75 81 25 -86 -91 151 -95 -2 -46 7 4 -45 46 87 -83 103 82 20
-12 -41 107 -94 -77 -11 -34 39 -39 -88 53 370 -40 -13 -49 -15 -59 92 69 62 -10 15 50 -5 37 -50 23 -53 -4 -21 -28 -83 79 16 -60 -9 -25 -72 52 34 32 26 130 69 -47
33 -47 -65 61 -74 -62 -14 82 -36 45 78 -40 337 69 38 3 -3 -54 43 -37 -56 7 -5 -53 -34 91 67 10 17 -17 48 -6 73 -2 71 3 38 61 73 169 103 -36 -53 149 60
39 2 51 8 52 -23 62 -19 71 132 133 -13 69 382 -84 71 14 28 0 -52 -63 -38 3 -39 29 120 43 18 11 42 -77 64 10 18 76 -11 67 6 67 -28 -30 46 -74 196 -52
-115 -12 -213 -53 -64 35 -63 106 142 61 -36 -49 38 -84 473 -26 5 -52 7 46 -66 92 57 37 -33 -57 44 -1 -21 74 -13 47 8 90 -45 -54 25 58 -167 -60 -12 10 -58 -50 100
96 -3 46 -25 4 44 -14 2 74 66 37 -15 3 71 -26 371 -19 24 -74 -45 -115 -104 -70 53 -109 37 -24 -14 -12 -15 -53 -29 28 -42 -24 135 67 28 18 -20 -75 -37 -76 23 -15
-20 79 -46 -12 128 -12 29 -119 -15 19 -72 -59 -3 14 5 -19 315 16 -79 100 74 13 45 17 58 -27 -53 -17 -36 15 6 85 -51 -8 71 -22 98 98 -51 81 60 -98 -25 -14 79
33 35 49 -84 -43 -59 -42 -58 -16 -54 20 92 -54 28 -52 24 16 409 3 -51 -6 -47 42 -118 -2 -4 33 -51 -43 -17 51 77 -12 116 -82 -36 -95 -42 -15 21 87 5 165 -5 -13
-8 -120 94 -32 -74 -55 -95 93 -27 12 94 69 43 0 7 -74 -79 3 390 23 44 118 -17 -95 11 24 73 27 20 67 5 76 107 -50 -85 -116 -22 29 -11 38 -13 154 17 -62 -106
-85 52 -13 64 3 47 -91 21 145 85 -95 62 -37 -52 46 -45 100 -51 23 511 98 50 61 -91 -38 -40 23 -45 11 -167 49 -9 47 83 -34 -36 1 -34 -24 73 -31 10 -100 -65 -31
70 57 45 131 48 28 77 29 -6 8 -53 -10 -56 -63 -66 -115 74 -6 44 98 415 -71 -23 -78 -51 -72 47 -47 -52 29 71 -18 -87 94 41 -105 18 -21 -91 -61 -20 55 32 -17 -33
-156 35 -20 5 21 3 -43 -15 -10 -44 -6 15 7 -38 92 -104 13 -47 118 50 -71 428 99 2 88 103 26 -14 -47 44 -88 66 112 -19 -38 -108 -4 -18 -46 7 28 45 -20 0 -4
5 2 -79 -67 -18 27 -16 -147 -77 -66 -40 50 -5 3 57 -70 45 42 -17 61 -23 99 487 0 -33 2 -40 15 79 -1 3 -34 -49 38 104 78 45 -99 31 61 30 -19 -102 -16 28
20 -2 -117 -112 11 48 -14 -77 -39 -38 -19 -5 -53 -39 37 53 17 -118 -95 -91 -78 2 0 482 98 -33 -19 -7 -44 93 -53 -143 42 -98 87 131 73 94 24 -18 41 -79 -71 -46 -60
-29 77 41 -103 48 50 -87 -132 -74 -6 -80 37 -34 29 -33 -109 58 -2 11 -38 -51 88 -33 98 462 -17 -53 52 3 50 -51 63 19 -107 5 3 -21 49 18 -45 -1 8 -25 45 -50
85 61 -15 31 -39 -47 2 0 60 -40 118 -50 91 120 -57 37 -27 -4 24 -40 -72 103 2 -33 -17 496 36 -94 -25 -1 21 20 58 67 -24 20 16 -8 143 27 83 34 -51 38 -5
-39 16 -94 40 -97 39 38 191 -13 -49 -2 23 67 43 44 -24 -53 33 73 23 47 26 -40 -19 -53 36 426 -45 -45 67 -6 -39 88 -4 104 -107 -63 86 35 -33 -52 -22 -139 71 3
40 53 23 -77 61 -117 30 -75 -9 -32 75 -53 10 18 -1 -14 -17 -51 27 -45 -47 -14 15 -7 52 -94 -45 374 -26 127 -111 -20 -64 -124 6 31 -25 -14 -27 -67 -31 -64 55 48 21
3 -38 13 47 -113 70 -44 -85 -103 0 81 -4 17 11 -21 -12 -36 -43 20 11 -52 -47 79 -44 3 -25 -45 -26 367 -56 15 -9 3 -113 9 59 72 -38 -12 22 -59 62 -24 22 12
-33 -20 18 -4 74 -21 59 20 -133 -48 25 -21 -17 42 74 -15 15 -17 67 -167 29 44 -1 93 50 -1 67 127 -56 458 -127 -10 17 -104 22 45 -6 93 -9 -173 41 12 -97 49 -43
41 -61 38 56 -27 26 -89 -10 -96 71 -86 -28 48 -77 -13 -53 6 51 5 49 71 -88 3 -53 -51 21 -6 -111 15 -127 405 -22 22 102 -39 -51 -73 19 44 117 47 15 16 -85 -26
15 -31 -3 -30 42 -41 8 -48 -34 7 -91 -83 -6 64 47 -29 85 77 76 -9 -18 66 -34 -143 63 20 -39 -20 -9 -10 -22 461 10 149 -110 -54 -11 45 -60 53 -86 73 56 16 -21
-66 -158 40 -68 -59 -123 -130 50 -24 118 151 79 73 10 8 28 -51 -12 107 47 -87 112 -49 42 19 58 88 -64 3 17 22 10 501 -44 -53 -35 -48 141 31 100 6 -87 -89 -35 -89
-2 87 -37 24 34 21 -31 124 41 -67 -95 16 -2 18 90 -42 -8 116 -50 83 94 -19 38 -98 -107 67 -4 -124 -113 -104 102 149 -44 496 -94 -117 23 -133 -58 47 36 16 74 -7 -116
41 -34 -90 -49 25 -80 110 -83 34 -10 -2 -60 71 76 -45 -24 71 -82 -85 -34 41 -38 104 87 5 -24 104 6 9 22 -39 -110 -53 -94 515 -30 36 50 69 46 -35 -20 -158 71 23
-22 86 -32 -82 -13 58 -65 -65 -110 54 -46 -9 3 -11 -54 135 -22 -36 -116 -36 -105 -108 78 131 3 20 -107 31 59 45 -51 -54 -35 -117 -30 508 146 49 86 -32 12 -72 -74 -25 36
-33 49 -166 -2 -58 -26 -17 -13 24 17 7 -25 38 67 25 67 98 -95 -22 1 18 -4 45 73 -21 16 -63 -25 72 -6 -73 -11 -48 23 36 146 470 -25 -24 39 2 -34 -52 103 -47
-49 -50 -30 -57 -5 7 -95 -4 18 111 4 -72 61 6 58 28 98 -42 29 -34 -21 -18 -99 94 49 -8 86 -14 -38 93 19 45 141 -133 50 49 -25 434 35 77 -31 -68 -109 -36 4
31 -81 9 -64 -56 -49 -28 2 -103 15 -45 52 73 67 -167 18 -51 -15 -11 -24 -91 -46 31 24 18 143 35 -27 -12 -9 44 -60 31 -58 69 86 -24 35 409 7 60 24 -91 -4 -86
-40 -106 -13 -23 -82 -82 -26 -35 -84 -31 46 34 169 -28 -60 -20 81 21 38 73 -61 7 61 -18 -45 27 -33 -67 22 -173 117 53 100 47 46 -32 39 77 7 410 99 -100 16 0 -45
-90 -26 62 35 55 -47 7 -9 -63 -82 87 32 103 -30 -12 -75 60 87 -13 -31 -20 28 30 41 -1 83 -52 -31 -59 41 47 -86 6 36 -35 12 2 -31 60 99 491 -87 134 -78 -50
-10 -102 71 8 -12 83 -42 37 71 -17 -83 26 -36 46 10 -37 -98 5 154 10 55 45 -19 -79 8 34 -22 -64 62 12 15 73 -87 16 -20 -72 -34 -68 24 -100 -87 357 27 17 -80
91 26 88 -42 -31 -40 44 -10 52 -142 103 130 -53 -74 -58 -76 -25 165 17 -100 32 -20 -102 -71 -25 -51 -139 55 -24 -97 16 56 -89 74 -158 -74 -52 -109 -91 16 134 27 532 41 45
88 101 -50 112 -60 -16 42 79 92 3 82 69 149 196 -50 23 -14 -5 -62 -65 -17 0 -16 -46 45 38 71 48 22 49 -85 16 -35 -7 71 -25 103 -36 -4 0 -78 17 41 470 66
77 61 -177 48 -66 -30 29 -18 47 -10 20 -47 60 -52 100 -15 79 -13 -106 -31 -33 -4 28 -60 -50 -5 3 21 12 -43 -26 -21 -89 -116 23 36 -47 4 -86 -45 -50 -80 45 66 390

Q_cnstr 
155 4 33 43 8 -4 51 -18 -9 -9 -37 38 -8 -15 -10 25 35 -4 -5 -13 24 -10 -19 9 16 14 -25 -26 6 -4 -5 -2 -1 5 42 13 7 19 2 -1 -20 -21 1 37 3
4 88 4 6 -15 -22 5 12 16 -10 -5 -6 -10 -3 22 -1 8 6 35 -15 21 -4 21 -3 -24 18 6 6 -3 7 3 9 6 8 15 8 11 -28 -24 -15 14 -18 2 -3 -12
33 4 70 -6 -3 9 22 -27 0 15 -1 11 -3 10 -3 9 -1 -19 -7 5 10 1 7 -1 17 1 -3 -5 2 13 -15 -5 14 -2 -17 13 5 6 -9 -2 -21 2 11 19 -11
43 6 -6 126 -8 1 48 20 16 -5 2 41 -21 -19 14 -22 10 -9 23 9 31 -26 -34 5 16 -13 -11 3 13 0 -23 -5 -26 -8 31 6 2 -15 -36 19 1 -32 -21 17 -9
8 -15 -3 -8 131 15 -27 -4 -18 -14 -11 -22 21 33 -16 24 -28 0 -2 19 -4 27 24 -24 41 -8 -23 8 7 25 8 5 6 -12 11 -14 15 -15 10 -8 0 33 -6 4 36
-4 -22 9 1 15 63 -1 2 10 0 1 13 2 1 33 -12 -20 -11 -29 35 -20 3 -11 -27 -10 18 -10 -4 -7 7 -20 -6 8 -3 -13 8 1 8 12 15 -15 17 3 -1 0
51 5 22 48 -27 -1 149 3 -2 -14 -2 44 1 -47 9 0 52 1 14 -12 18 -24 -31 -10 2 -2 13 -19 4 7 -21 -30 -4 11 9 -6 5 3 -14 1 -9 -28 -12 21 -19
-18 12 -27 20 -4 2 3 108 -4 -17 -1 21 -2 -28 10 1 -10 0 12 -23 9 22 1 4 -45 6 6 -15 -6 13 -18 -33 -22 -8 21 10 0 -4 -25 8 -2 -6 -12 21 -2
-9 16 0 16 -18 10 -2 -4 69 13 12 -9 11 8 3 -19 -35 -9 -1 34 8 -9 -6 -18 -10 -5 -3 1 -5 -4 -22 5 3 13 1 10 1 17 4 -3 11 -7 7 -21 -11
-9 -10 15 -5 -14 0 -14 -17 13 101 17 0 -8 17 -7 3 -42 -7 -23 24 -3 8 12 21 12 -23 16 0 -7 -2 13 13 5 24 -17 -4 4 26 -3 3 12 6 -4 37 -8
-37 -5 -1 2 -11 1 -2 -1 12 17 119 -18 5 25 18 -2 -21 -2 -12 0 -9 12 11 4 4 7 0 17 -11 6 -24 13 -4 5 -6 -4 -6 15 2 -2 -14 29 2 -2 -12
38 -6 11 41 -22 13 44 21 -9 0 -18 160 -18 -52 4 -23 17 -8 -7 -11 35 -18 -49 27 -54 0 0 -13 19 7 -12 -40 18 -1 21 19 20 19 -36 8 -27 -5 15 45 20
-8 -10 -3 -21 21 2 1 -2 11 -8 5 -18 94 -12 11 -6 -5 -9 13 16 -19 26 15 -10 0 -10 16 -9 15 -2 -5 -5 25 0 -10 -13 5 -1 0 9 9 -6 10 -22 12
-15 -3 10 -19 33 1 -47 -28 8 17 25 -52 -12 87 -19 13 -40 -15 -16 23 -10 10 20 2 30 5 -14 15 -8 -4 19 34 -13 3 6 5 -5 -9 13 -11 9 9 6 -20 -2
-10 22 -3 14 -16 33 9 10 3 -7 18 4 11 -19 133 -19 13 -5 -15 -24 -20 4 16 -24 0 32 7 -12 -22 -4 -32 11 23 8 3 6 -18 -19 2 -3 -8 6 -22 16 23
25 -1 9 -22 24 -12 0 1 -19 3 -2 -23 -6 13 -19 109 -3 0 2 -22 3 1 3 -1 12 4 -20 -5 -10 32 13 -3 0 -10 11 -12 -5 0 5 25 -5 20 -15 15 -6
35 8 -1 10 -28 -20 52 -10 -35 -42 -21 17 -5 -40 13 -3 175 35 34 -36 20 -27 -11 4 -8 12 12 7 1 -17 -11 -11 34 11 -6 2 12 -18 28 10 22 -17 13 12 -18
-4 6 -19 -9 0 -11 1 0 -9 -7 -2 -8 -9 -15 -5 0 35 77 -5 -19 -9 -16 8 -5 -10 8 -2 12 4 5 8 15 -11 1 -18 -4 18 18 1 -16 14 -2 -5 27 -6
-5 35 -7 23 -2 -29 14 12 -1 -23 -12 -7 13 -16 -15 2 34 -5 123 -25 -3 -18 0 0 -9 -16 26 -28 13 -1 -8 -16 -9 -29 35 -4 19 -12 -20 2 32 -57 -9 -5 -2
-13 -15 5 9 19 35 -12 -23 34 24 0 -11 16 23 -24 -22 -36 -19 -25 103 3 15 -20 -8 16 2 10 26 -2 -7 7 8 13 3 -27 2 4 -37 15 -6 18 17 10 -21 -5
24 21 10 31 -4 -20 18 9 8 -3 -9 35 -19 -10 -20 3 20 -9 -3 3 114 -15 -23 17 6 4 -3 6 11 6 7 -4 14 12 36 19 -13 -27 -10 26 11 -1 -4 -36 0
-10 -4 1 -26 27 3 -24 22 -9 8 12 -18 26 10 4 1 -27 -16 -18 15 -15 84 21 8 11 -9 9 -8 4 5 5 -3 20 0 -24 3 -23 -22 -2 -8 5 18 14 29 20
-19 21 7 -34 24 -11 -31 1 -6 12 11 -49 15 20 16 3 -11 8 0 -20 -23 21 105 -26 -3 -7 -6 -8 10 12 -1 20 -21 -12 -9 -11 -6 22 18 -16 -11 -5 2 3 -16
9 -3 -1 5 -24 -27 -10 4 -18 21 4 27 -10 2 -24 -1 4 -5 0 -8 17 8 -26 87 7 -1 25 1 4 0 11 12 0 3 12 11 -14 -1 -18 -1 -13 -13 -14 31 -2
16 -24 17 16 41 -10 2 -45 -10 12 4 -54 0 30 0 12 -8 -10 -9 16 6 11 -3 7 140 4 6 5 2 -17 -14 39 -11 -10 -5 1 -22 -22 12 2 15 25 -16 -6 9
14 18 1 -13 -8 18 -2 6 -5 -23 7 0 -10 5 32 4 12 8 -16 2 4 -9 -7 -1 4 130 15 16 -15 -10 13 -6 9 -4 2 17 -19 -11 28 0 -12 -16 -4 -15 7
-25 6 -3 -11 -23 -10 13 6 -3 16 0 0 16 -14 7 -20 12 -2 26 10 -3 9 -6 25 6 15 77 3 5 -2 0 -3 12 -1 6 3 -16 -26 13 -9 16 -28 -3 3 -17
-26 6 -5 3 8 -4 -19 -15 1 0 17 -13 -9 15 -12 -5 7 12 -28 26 6 -8 -8 1 5 16 3 102 -1 0 20 4 12 12 -9 7 18 -30 3 -5 12 18 7 -32 2
6 -3 2 13 7 -7 4 -6 -5 -7 -11 19 15 -8 -22 -10 1 4 13 -2 11 4 10 4 2 -15 5 -1 75 1 3 -26 -12 -5 -13 -23 -1 10 -18 14 -10 -14 7 -20 9
-4 7 13 0 25 7 7 13 -4 -2 6 7 -2 -4 -4 32 -17 5 -1 -7 6 5 12 0 -17 -10 -2 0 1 66 -21 7 -5 -7 15 2 11 -15 5 13 -22 -1 -20 4 -23
-5 3 -15 -23 8 -20 -21 -18 -22 13 -24 -12 -5 19 -32 13 -11 8 -8 7 7 5 -1 11 -14 13 0 20 3 -21 84 -10 11 18 -16 -18 0 -11 -8 -13 18 -6 15 -6 38
-2 9 -5 -5 5 -6 -30 -33 5 13 13 -40 -5 34 11 -3 -11 15 -16 8 -4 -3 20 12 39 -6 -3 4 -26 7 -10 120 -23 15 -5 15 -2 2 6 5 13 8 0 4 -28
-1 6 14 -26 6 8 -4 -22 3 5 -4 18 25 -13 23 0 34 -11 -9 13 14 20 -21 0 -11 9 12 12 -12 -5 11 -23 112 18 -21 -2 8 -24 11 14 25 25 10 -4 39
5 8 -2 -8 -12 -3 11 -8 13 24 5 -1 0 3 8 -10 11 1 -29 3 12 0 -12 3 -10 -4 -1 12 -5 -7 18 15 18 89 -34 -6 12 12 8 3 -1 12 24 -12 28
42 15 -17 31 11 -13 9 21 1 -17 -6 21 -10 6 3 11 -6 -18 35 -27 36 -24 -9 12 -5 2 6 -9 -13 15 -16 -5 -21 -34 166 40 -15 -42 1 8 -22 -29 -30 -16 -42
13 8 13 6 -14 8 -6 10 10 -4 -4 19 -13 5 6 -12 2 -4 -4 2 19 3 -11 11 1 17 3 7 -23 2 -18 15 -2 -6 40 65 -3 -19 14 3 0 -9 13 -1 -26
7 11 5 2 15 1 5 0 1 4 -6 20 5 -5 -18 -5 12 18 19 4 -13 -23 -6 -14 -22 -19 -16 18 -1 11 0 -2 8 12 -15 -3 71 7 -6 -11 22 2 13 -10 19
19 -28 6 -15 -15 8 3 -4 17 26 15 19 -1 -9 -19 0 -18 18 -12 -37 -27 -22 22 -1 -22 -11 -26 -30 10 -15 -11 2 -24 12 -42 -19 7 161 3 18 -15 -12 19 28 4
2 -24 -9 -36 10 12 -14 -25 4 -3 2 -36 0 13 2 5 28 1 -20 15 -10 -2 18 -18 12 28 13 3 -18 5 -8 6 11 8 1 14 -6 3 129 -3 8 -13 14 -45 -22
-1 -15 -2 19 -8 15 1 8 -3 3 -2 8 9 -11 -3 25 10 -16 2 -6 26 -8 -16 -1 2 0 -9 -5 14 13 -13 5 14 3 8 3 -11 18 -3 98 5 -7 -4 -20 -31
-20 14 -21 1 0 -15 -9 -2 11 12 -14 -27 9 9 -8 -5 22 14 32 18 11 5 -11 -13 15 -12 16 12 -10 -22 18 13 25 -1 -22 0 22 -15 8 5 93 -16 8 -21 12
-21 -18 2 -32 33 17 -28 -6 -7 6 29 -5 -6 9 6 20 -17 -2 -57 17 -1 18 -5 -13 25 -16 -28 18 -14 -1 -6 8 25 12 -29 -9 2 -12 -13 -7 -16 97 6 4 23
1 2 11 -21 -6 3 -12 -12 7 -4 2 15 10 6 -22 -15 13 -5 -9 10 -4 14 2 -14 -16 -4 -3 7 7 -20 15 0 10 24 -30 13 13 19 14 -4 8 6 85 -7 7
37 -3 19 17 4 -1 21 21 -21 37 -2 45 -22 -20 16 15 12 27 -5 -21 -36 29 3 31 -6 -15 3 -32 -20 4 -6 4 -4 -12 -16 -1 -10 28 -45 -20 -21 4 -7 186 -15
3 -12 -11 -9 36 0 -19 -2 -11 -8 -12 20 12 -2 23 -6 -18 -6 -2 -5 0 20 -16 -2 9 7 -17 2 9 -23 38 -28 39 28 -42 -26 19 4 -22 -31 12 23 7 -15 142

