Q_obj 
289 36 -77 -44 -91 -100 -2 -22 -21 22 50 -71 -44 -128 -75 -76 -92 44 18 19 -46 0 -69 83 52 -55 37 11 -10 48 -55 16 -83 21 -9 -130 64 0 -50 -26
36 376 84 9 -84 -30 -45 24 -63 83 -9 -4 -48 -16 4 103 -42 26 -15 -74 65 75 -4 57 0 -59 14 74 22 -57 -17 -83 9 -37 80 36 19 32 -50 105
-77 84 419 -38 96 60 -6 82 -17 51 -31 -22 -14 -17 174 109 4 2 -1 50 63 68 -132 -79 -135 20 63 -174 37 -32 23 -13 -71 -7 144 67 -7 -1 -12 23
-44 9 -38 347 29 -30 131 78 45 54 33 8 -10 20 28 0 18 34 -54 -15 -63 -1 39 10 0 82 -42 67 22 -58 -28 19 56 14 -70 31 2 -51 23 96
-91 -84 96 29 397 134 73 59 -40 -4 -25 10 35 10 68 21 124 8 0 -2 -31 40 11 8 -79 1 -14 -65 63 61 -24 90 85 14 -13 91 25 -141 -107 -17
-100 -30 60 -30 134 291 -37 14 106 29 6 103 -7 -30 52 20 114 39 -33 28 82 17 -21 47 3 -6 -4 -118 7 40 7 95 16 -30 2 36 -27 -58 -67 -75
-2 -45 -6 131 73 -37 400 -67 21 -67 -18 -71 13 50 15 -35 60 114 -100 -68 23 -11 -44 -39 42 -10 51 -28 21 -34 -92 -49 131 28 -21 -60 -91 75 -45 85
-22 24 82 78 59 14 -67 501 22 78 62 65 67 -43 53 98 77 -68 -85 32 -50 -36 -29 61 -8 116 -5 56 3 -64 58 109 6 -91 102 34 154 10 25 -86
-21 -63 -17 45 -40 106 21 22 365 51 61 123 -38 -77 -53 -34 70 46 -49 -11 12 -72 11 49 17 66 47 -58 2 173 91 48 5 -108 -79 10 27 -14 -60 -12
22 83 51 54 -4 29 -67 78 51 366 81 8 53 -157 18 20 -107 29 27 40 27 45 -12 58 -19 32 -24 37 46 41 11 48 -37 18 -16 -32 57 -15 -20 35
50 -9 -31 33 -25 6 -18 62 61 81 259 46 -47 -31 7 -27 -84 15 -1 47 -37 -96 85 139 63 46 -71 13 40 15 -56 1 -29 115 -24 -113 60 -78 5 -72
-71 -4 -22 8 10 103 -71 65 123 8 46 414 94 -32 40 -15 -78 -3 -68 18 -43 -12 139 15 -29 -42 74 -42 159 10 43 3 -40 -82 -70 88 -7 -93 132 -65
-44 -48 -14 -10 35 -7 13 67 -38 53 -47 94 380 11 -32 -29 51 27 44 -12 27 47 30 -12 -45 -78 43 11 90 -135 6 26 23 82 5 65 24 6 87 18
-128 -16 -17 20 10 -30 50 -43 -77 -157 -31 -32 11 402 116 9 13 -7 14 -92 8 -28 40 -11 86 -14 -101 30 -31 -55 -44 2 104 7 23 102 -74 51 44 -89
-75 4 174 28 68 52 15 53 -53 18 7 40 -32 116 386 123 -2 82 -53 19 -29 89 -71 -67 75 4 29 -174 61 -45 -60 70 -23 -25 118 2 -60 -20 24 -49
-76 103 109 0 21 20 -35 98 -34 20 -27 -15 -29 9 123 343 102 -66 -77 -98 -40 -6 -89 -51 -26 140 17 -63 -2 11 -72 23 -48 12 89 35 -17 37 25 37
-92 -42 4 18 124 114 60 77 70 -107 -84 -78 51 13 -2 102 414 57 15 -83 108 -52 -130 -25 -21 41 17 -32 -59 27 -4 129 110 -43 36 9 95 11 -89 -18
44 26 2 34 8 39 114 -68 46 29 15 -3 27 -7 82 -66 57 365 24 -39 144 -47 -114 -15 108 -19 56 -49 33 -35 -31 32 44 -80 19 -154 55 -9 -89 67
18 -15 -1 -54 0 -33 -100 -85 -49 27 -1 -68 44 14 -53 -77 15 24 442 5 41 118 -79 32 58 5 -4 64 15 24 89 97 -5 -33 -38 -16 68 -78 36 15
19 -74 50 -15 -2 28 -68 32 -11 40 47 18 -12 -92 19 -98 -83 -39 5 288 -41 63 47 78 14 20 33 -116 12 -136 84 29 -73 7 128 -30 -36 -83 -20 0
-46 65 63 -63 -31 82 23 -50 12 27 -37 -43 27 8 -29 -40 108 144 41 -41 352 -37 -166 38 50 -39 -4 -21 -69 52 33 28 50 11 52 10 8 0 -108 -92
0 75 68 -1 40 17 -11 -36 -72 45 -96 -12 47 -28 89 -6 -52 -47 118 63 -37 393 -1 4 67 -70 86 -86 64 -2 92 -23 -98 -102 69 19 -135 -54 -49 -13
-69 -4 -132 39 11 -21 -44 -29 11 -12 85 139 30 40 -71 -89 -130 -114 -79 47 -166 -1 509 22 39 -76 -41 105 153 -40 -64 -108 32 11 -64 76 -58 -57 77 75
83 57 -79 10 8 47 -39 61 49 58 139 15 -12 -11 -67 -51 -25 -15 32 78 38 4 22 288 117 -12 -78 8 5 -19 25 95 49 56 -30 2 -13 -91 -117 -90
52 0 -135 0 -79 3 42 -8 17 -19 63 -29 -45 86 75 -26 -21 108 58 14 50 67 39 117 365 -62 -11 -10 30 42 -1 81 46 -26 51 -119 -42 5 -73 -99
-55 -59 20 82 1 -6 -10 116 66 32 46 -42 -78 -14 4 140 41 -19 5 20 -39 -70 -76 -12 -62 365 -32 -29 -123 15 17 17 -77 -94 65 15 12 -76 72 44
37 14 63 -42 -14 -4 51 -5 47 -24 -71 74 43 -101 29 17 17 56 -4 33 -4 86 -41 -78 -11 -32 290 -147 83 -11 75 0 -11 -106 81 -1 -13 31 -14 -24
11 74 -174 67 -65 -118 -28 56 -58 37 13 -42 11 30 -174 -63 -32 -49 64 -116 -21 -86 105 8 -10 -29 -147 413 -81 16 -81 -33 106 23 -154 -24 64 53 42 90
-10 22 37 22 63 7 21 3 2 46 40 159 90 -31 61 -2 -59 33 15 12 -69 64 153 5 30 -123 83 -81 356 -75 -13 -50 43 17 -25 -62 28 -7 74 55
48 -57 -32 -58 61 40 -34 -64 173 41 15 10 -135 -55 -45 11 27 -35 24 -136 52 -2 -40 -19 42 15 -11 16 -75 498 21 -4 -94 -71 -110 0 53 23 -93 -154
-55 -17 23 -28 -24 7 -92 58 91 11 -56 43 6 -44 -60 -72 -4 -31 89 84 33 92 -64 25 -1 17 75 -81 -13 21 334 15 -53 -136 28 97 2 -37 7 -49
16 -83 -13 19 90 95 -49 109 48 48 1 3 26 2 70 23 129 32 97 29 28 -23 -108 95 81 17 0 -33 -50 -4 15 305 55 -17 -51 42 68 -71 -58 -110
-83 9 -71 56 85 16 131 6 5 -37 -29 -40 23 104 -23 -48 110 44 -5 -73 50 -98 32 49 46 -77 -11 106 43 -94 -53 55 386 25 -46 29 -34 31 -65 32
21 -37 -7 14 14 -30 28 -91 -108 18 115 -82 82 7 -25 12 -43 -80 -33 7 11 -102 11 56 -26 -94 -106 23 17 -71 -136 -17 25 449 7 -55 -6 -39 43 23
-9 80 144 -70 -13 2 -21 102 -79 -16 -24 -70 5 23 118 89 36 19 -38 128 52 69 -64 -30 51 65 81 -154 -25 -110 28 -51 -46 7 418 -16 -29 -66 -20 -16
-130 36 67 31 91 36 -60 34 10 -32 -113 88 65 102 2 35 9 -154 -16 -30 10 19 76 2 -119 15 -1 -24 -62 0 97 42 29 -55 -16 408 -78 -114 27 -23
64 19 -7 2 25 -27 -91 154 27 57 60 -7 24 -74 -60 -17 95 55 68 -36 8 -135 -58 -13 -42 12 -13 64 28 53 2 68 -34 -6 -29 -78 337 47 32 -3
0 32 -1 -51 -141 -58 75 10 -14 -15 -78 -93 6 51 -20 37 11 -9 -78 -83 0 -54 -57 -91 5 -76 31 53 -7 23 -37 -71 31 -39 -66 -114 47 428 49 55
-50 -50 -12 23 -107 -67 -45 25 -60 -20 5 132 87 44 24 25 -89 -89 36 -20 -108 -49 77 -117 -73 72 -14 42 74 -93 7 -58 -65 43 -20 27 32 49 401 66
-26 105 23 96 -17 -75 85 -86 -12 35 -72 -65 18 -89 -49 37 -18 67 15 0 -92 -13 75 -90 -99 44 -24 90 55 -154 -49 -110 32 23 -16 -23 -3 55 66 444

Q_cnstr 
191 -11 -4 -3 -57 -56 64 43 25 -25 34 43 19 -56 -24 -30 -10 12 -9 1 43 -39 15 18 0 -25 -36 10 28 30 -15 16 -37 9 32 8 -9 2 3 14
-11 122 1 -7 15 9 -11 20 6 10 1 -1 -7 24 -15 5 21 -14 -28 -3 -8 30 -37 -11 6 5 24 6 -2 -20 21 -34 24 25 21 -20 22 -10 25 22
-4 1 104 -6 12 -12 -17 7 2 13 13 18 -20 -8 -15 15 -9 -5 50 -41 8 29 -3 -1 -9 9 -17 1 -11 -12 -25 6 -38 -9 -14 18 -51 -4 -8 -4
-3 -7 -6 114 31 15 -20 15 1 25 7 6 36 9 12 -18 -24 18 42 36 13 2 31 58 -9 8 -32 -8 -16 -8 -12 -4 14 -24 -7 -3 10 21 25 -23
-57 15 12 31 146 37 -29 -7 18 -7 13 -8 -16 13 -17 -22 22 6 39 -8 -20 50 -10 36 6 -3 -25 3 12 -23 -7 24 -3 1 -9 -15 -6 1 0 9
-56 9 -12 15 37 163 -14 -17 -27 1 -15 7 6 37 -2 -6 46 -13 -71 -28 -23 -6 -14 -19 1 19 -9 21 -29 -31 -42 24 35 -12 -49 26 37 16 40 20
64 -11 -17 -20 -29 -14 125 -7 -18 -5 -2 15 16 12 -10 -55 16 5 7 0 8 -4 -11 -30 -3 0 11 12 -27 6 -21 3 -4 12 30 30 8 -2 -5 7
43 20 7 15 -7 -17 -7 89 30 3 0 36 -6 -21 0 10 8 27 -1 10 -14 -2 16 22 -13 -30 -16 11 9 15 8 -29 -6 -11 -3 -10 -10 0 18 -5
25 6 2 1 18 -27 -18 30 96 -24 13 -22 -18 -26 10 9 2 14 30 6 -12 4 6 3 9 -11 -31 2 41 -1 -14 -31 -16 4 5 -30 -4 -27 -7 10
-25 10 13 25 -7 1 -5 3 -24 180 -36 6 26 35 17 57 -7 20 39 40 -5 34 11 14 -45 33 -20 22 -24 -20 -16 9 17 -5 -12 -3 15 12 54 -29
34 1 13 7 13 -15 -2 0 13 -36 138 3 -14 -4 -23 -33 21 -8 25 -18 10 -15 -25 21 15 -8 -18 -8 -33 -6 13 -10 1 22 9 20 10 46 -8 -1
43 -1 18 6 -8 7 15 36 -22 6 3 169 13 11 23 3 55 -4 -1 -6 54 0 2 3 6 -29 -9 42 -37 -28 -35 49 -33 5 -22 -5 5 -19 -10 -22
19 -7 -20 36 -16 6 16 -6 -18 26 -14 13 170 19 4 14 -17 -18 8 4 40 0 -9 -3 -23 3 7 -15 -36 41 -19 -11 4 0 -10 -19 2 14 31 -17
-56 24 -8 9 13 37 12 -21 -26 35 -4 11 19 129 -8 5 21 -2 3 9 19 7 2 -21 7 2 7 -18 -35 1 -14 4 27 1 -23 -24 32 -11 -7 2
-24 -15 -15 12 -17 -2 -10 0 10 17 -23 23 4 -8 102 13 -6 -11 -3 17 -17 -11 52 0 15 5 12 1 -20 -29 -6 -26 -1 28 -14 -36 2 -4 1 -17
-30 5 15 -18 -22 -6 -55 10 9 57 -33 3 14 5 13 174 22 -48 7 -1 2 6 32 15 -8 36 -33 -15 14 10 26 2 44 -4 -12 -33 -11 1 36 5
-10 21 -9 -24 22 46 16 8 2 -7 21 55 -17 21 -6 22 158 -22 9 5 17 -1 -53 -43 13 6 -23 37 -16 -5 -25 22 33 32 -18 18 48 0 10 28
12 -14 -5 18 6 -13 5 27 14 20 -8 -4 -18 -2 -11 -48 -22 132 12 16 -42 -4 4 7 -40 -18 11 18 5 -9 -16 -26 -21 -9 10 15 31 -12 2 23
-9 -28 50 42 39 -71 7 -1 30 39 25 -1 8 3 -3 7 9 12 216 14 41 42 -4 23 14 11 -49 -3 14 2 -39 1 -10 -27 -3 12 -6 -1 -19 -25
1 -3 -41 36 -8 -28 0 10 6 40 -18 -6 4 9 17 -1 5 16 14 104 8 11 6 19 -4 14 8 8 21 10 19 5 20 10 17 -5 40 0 -1 -23
43 -8 8 13 -20 -23 8 -14 -12 -5 10 54 40 19 -17 2 17 -42 41 8 176 18 -1 -4 48 -5 6 -11 50 -20 22 56 1 -29 3 -5 -6 -26 -2 15
-39 30 29 2 50 -6 -4 -2 4 34 -15 0 0 7 -11 6 -1 -4 42 11 18 108 -4 -8 12 -1 3 15 -20 -13 -16 10 -2 11 16 -9 -13 -23 5 -12
15 -37 -3 31 -10 -14 -11 16 6 11 -25 2 -9 2 52 32 -53 4 -4 6 -1 -4 163 32 35 -10 -8 -27 -9 -13 16 -23 50 -12 -15 -40 2 21 -18 -9
18 -11 -1 58 36 -19 -30 22 3 14 21 3 -3 -21 0 15 -43 7 23 19 -4 -8 32 97 -6 -7 -25 -13 15 8 10 3 4 -14 0 -9 -19 38 15 -13
0 6 -9 -9 6 1 -3 -13 9 -45 15 6 -23 7 15 -8 13 -40 14 -4 48 12 35 -6 114 -18 9 -15 18 12 -6 5 7 12 14 -10 16 14 -25 14
-25 5 9 8 -3 19 0 -30 -11 33 -8 -29 3 2 5 36 6 -18 11 14 -5 -1 -10 -7 -18 65 -5 -17 12 -31 24 7 42 -3 -9 19 13 12 19 0
-36 24 -17 -32 -25 -9 11 -16 -31 -20 -18 -9 7 7 12 -33 -23 11 -49 8 6 3 -8 -25 9 -5 137 13 22 5 45 -7 21 31 18 -10 2 -3 -17 -14
10 6 1 -8 3 21 12 11 2 22 -8 42 -15 -18 1 -15 37 18 -3 8 -11 15 -27 -13 -15 -17 13 126 16 3 -23 33 -15 18 9 16 8 -14 24 24
28 -2 -11 -16 12 -29 -27 9 41 -24 -33 -37 -36 -35 -20 14 -16 5 14 21 50 -20 -9 15 18 12 22 16 175 -1 65 16 17 -19 24 -24 -6 -30 -9 36
30 -20 -12 -8 -23 -31 6 15 -1 -20 -6 -28 41 1 -29 10 -5 -9 2 10 -20 -13 -13 8 12 -31 5 3 -1 167 -36 1 -23 -2 28 -8 -29 21 -12 -15
-15 21 -25 -12 -7 -42 -21 8 -14 -16 13 -35 -19 -14 -6 26 -25 -16 -39 19 22 -16 16 10 -6 24 45 -23 65 -36 159 -22 55 -8 10 -13 -3 -9 11 27
16 -34 6 -4 24 24 3 -29 -31 9 -10 49 -11 4 -26 2 22 -26 1 5 56 10 -23 3 5 7 -7 33 16 1 -22 164 -31 -26 5 13 -45 4 15 -13
-37 24 -38 14 -3 35 -4 -6 -16 17 1 -33 4 27 -1 44 33 -21 -10 20 1 -2 50 4 7 42 21 -15 17 -23 55 -31 165 -2 -34 -3 54 53 11 13
9 25 -9 -24 1 -12 12 -11 4 -5 22 5 0 1 28 -4 32 -9 -27 10 -29 11 -12 -14 12 -3 31 18 -19 -2 -8 -26 -2 110 27 -8 18 11 -12 11
32 21 -14 -7 -9 -49 30 -3 5 -12 9 -22 -10 -23 -14 -12 -18 10 -3 17 3 16 -15 0 14 -9 18 9 24 28 10 5 -34 27 140 5 -11 -28 4 3
8 -20 18 -3 -15 26 30 -10 -30 -3 20 -5 -19 -24 -36 -33 18 15 12 -5 -5 -9 -40 -9 -10 19 -10 16 -24 -8 -13 13 -3 -8 5 98 10 17 16 10
-9 22 -51 10 -6 37 8 -10 -4 15 10 5 2 32 2 -11 48 31 -6 40 -6 -13 2 -19 16 13 2 8 -6 -29 -3 -45 54 18 -11 10 128 8 -17 14
2 -10 -4 21 1 16 -2 0 -27 12 46 -19 14 -11 -4 1 0 -12 -1 0 -26 -23 21 38 14 12 -3 -14 -30 21 -9 4 53 11 -28 17 8 134 -7 -12
3 25 -8 25 0 40 -5 18 -7 54 -8 -10 31 -7 1 36 10 2 -19 -1 -2 5 -18 15 -25 19 -17 24 -9 -12 11 15 11 -12 4 16 -17 -7 114 28
14 22 -4 -23 9 20 7 -5 10 -29 -1 -22 -17 2 -17 5 28 23 -25 -23 15 -12 -9 -13 14 0 -14 24 36 -15 27 -13 13 11 3 10 14 -12 28 117

