Q_obj 
276 54 -22 86 -54 -32 -37 23 -96 -25 24 11 20 -45 -24 -19 -78 38 -37 60
54 231 -31 23 101 -29 -85 -40 57 50 30 2 -21 -52 -54 -62 -51 -67 -80 -18
-22 -31 203 13 -7 10 -12 -29 -91 47 -20 24 -56 -47 45 39 103 60 9 -56
86 23 13 210 -80 30 34 -17 5 79 52 1 -74 1 120 -88 -18 49 11 -17
-54 101 -7 -80 249 -61 -28 -16 49 -12 -94 -125 -34 60 -56 76 -32 9 -60 -26
-32 -29 10 30 -61 156 83 -3 42 38 38 -24 3 -1 44 -23 21 8 -45 48
-37 -85 -12 34 -28 83 197 17 38 2 1 -49 17 23 95 13 3 55 12 28
23 -40 -29 -17 -16 -3 17 195 28 -92 4 -18 4 -25 -33 -21 -51 33 -24 6
-96 57 -91 5 49 42 38 28 302 62 -25 -33 -22 108 17 -80 -40 -75 -40 -13
-25 50 47 79 -12 38 2 -92 62 227 61 63 -59 8 31 9 24 1 -20 -21
24 30 -20 52 -94 38 1 4 -25 61 196 64 23 -59 44 -55 36 -77 -26 10
11 2 24 1 -125 -24 -49 -18 -33 63 64 236 56 -72 -6 -72 40 -20 -40 -64
20 -21 -56 -74 -34 3 17 4 -22 -59 23 56 199 16 13 -31 6 49 8 31
-45 -52 -47 1 60 -1 23 -25 108 8 -59 -72 16 252 107 -51 -42 6 67 31
-24 -54 45 120 -56 44 95 -33 17 31 44 -6 13 107 227 -95 66 49 59 -40
-19 -62 39 -88 76 -23 13 -21 -80 9 -55 -72 -31 -51 -95 251 28 51 7 14
-78 -51 103 -18 -32 21 3 -51 -40 24 36 40 6 -42 66 28 196 21 4 -58
38 -67 60 49 9 8 55 33 -75 1 -77 -20 49 6 49 51 21 243 26 -14
-37 -80 9 11 -60 -45 12 -24 -40 -20 -26 -40 8 67 59 7 4 26 234 4
60 -18 -56 -17 -26 48 28 6 -13 -21 10 -64 31 31 -40 14 -58 -14 4 157

Q_cnstr 
77 -19 0 38 -2 -3 -2 -34 -4 10 -9 29 5 -22 29 24 -1 13 23 16
-19 79 26 11 4 19 -24 -22 5 2 0 -20 23 -2 21 -8 -20 25 -8 -25
0 26 90 17 9 -7 -9 -18 14 -1 -4 -13 19 -22 6 -35 -17 17 39 17
38 11 17 139 -19 -22 27 -32 16 -11 10 23 33 -50 28 -44 1 -2 12 21
-2 4 9 -19 138 21 38 -10 23 -27 7 16 54 4 11 7 -20 -33 10 -11
-3 19 -7 -22 21 81 26 -3 -24 17 6 -2 11 -1 23 45 -34 6 1 0
-2 -24 -9 27 38 26 244 4 16 -25 -6 54 39 12 -23 -8 6 -43 -25 31
-34 -22 -18 -32 -10 -3 4 90 -13 20 30 7 -9 27 -18 -21 11 22 -11 -9
-4 5 14 16 23 -24 16 -13 37 -10 5 9 3 0 -14 -22 10 -25 -3 -6
10 2 -1 -11 -27 17 -25 20 -10 71 3 0 -21 0 -26 2 -3 26 13 10
-9 0 -4 10 7 6 -6 30 5 3 83 -12 14 17 12 -25 -27 -28 20 -19
29 -20 -13 23 16 -2 54 7 9 0 -12 45 4 -11 -1 7 18 4 -10 11
5 23 19 33 54 11 39 -9 3 -21 14 4 84 7 38 -9 -22 10 16 13
-22 -2 -22 -50 4 -1 12 27 0 0 17 -11 7 62 -13 13 6 2 -12 -14
29 21 6 28 11 23 -23 -18 -14 -26 12 -1 38 -13 118 8 -25 46 4 -22
24 -8 -35 -44 7 45 -8 -21 -22 2 -25 7 -9 13 8 98 13 6 -12 2
-1 -20 -17 1 -20 -34 6 11 10 -3 -27 18 -22 6 -25 13 77 12 -40 -2
13 25 17 -2 -33 6 -43 22 -25 26 -28 4 10 2 46 6 12 105 1 -6
23 -8 39 12 10 1 -25 -11 -3 13 20 -10 16 -12 4 -12 -40 1 72 27
16 -25 17 21 -11 0 31 -9 -6 10 -19 11 13 -14 -22 2 -2 -6 27 54

