Q_obj 
496 3 -27 -86 -26 33 -59 -64 -5 3 -7 31 -26 -16 6 -17 -204 54 -6 -69 9 143 26 24 73 39 -55 -28 7 67 144 69 63 -84 -62 -33 134 76 85 16 14 -26 80 -57 -89
3 412 18 -10 41 -111 -42 -53 -73 -78 -56 150 -71 15 16 -81 102 -10 111 87 17 0 -67 -122 -19 75 6 -29 1 64 148 112 -82 77 35 -116 -80 -50 1 -74 69 -102 -66 -22 -83
-27 18 315 2 9 -8 80 29 -5 44 5 -16 -14 -56 111 -57 -1 -9 -92 81 -122 2 -35 -47 62 17 36 76 85 6 -60 46 49 37 -58 -22 -67 85 -16 16 -16 120 -28 3 -59
-86 -10 2 314 38 108 -11 18 -11 17 13 -18 68 50 97 40 -69 -91 44 62 -6 -99 -9 41 93 52 -93 -24 1 51 -10 111 5 -15 36 58 32 3 -12 34 50 1 -43 43 -1
-26 41 9 38 506 143 8 130 38 -20 -204 -78 40 60 140 -113 40 -125 -68 84 -28 -4 95 20 142 202 -64 -53 -62 2 28 -80 47 38 -131 -51 98 -119 -89 24 -2 -48 -90 10 -52
33 -111 -8 108 143 482 -47 94 37 -15 -69 -55 146 -18 -3 -19 -16 7 -92 76 -90 -105 32 182 85 93 -21 30 -24 60 -15 -30 89 2 -131 29 106 -14 -113 49 94 31 33 -34 34
-59 -42 80 -11 8 -47 605 -70 -41 -62 -18 -29 63 -68 -92 72 -124 88 -74 18 21 183 -22 135 -25 54 -72 35 -45 -2 -77 15 111 -45 -38 -20 6 -44 102 76 -127 13 -33 215 -31
-64 -53 29 18 130 94 -70 524 -72 136 -8 -99 -29 17 -9 51 29 -80 108 76 15 -59 52 -124 36 -77 -19 -54 42 -27 -72 -17 12 11 160 50 58 33 5 3 20 -14 1 -64 5
-5 -73 -5 -11 38 37 -41 -72 438 52 -47 -82 5 183 100 -13 40 -52 -75 -99 75 -152 39 127 46 -80 92 -4 4 -53 68 -37 21 -105 -62 -11 -16 -61 -20 50 44 -86 -3 18 47
3 -78 44 17 -20 -15 -62 136 52 404 113 -58 22 43 -27 73 9 -83 174 -26 32 -37 -19 -76 123 -147 76 -28 146 58 36 -51 -22 -63 108 87 -54 60 44 90 100 3 9 28 15
-7 -56 5 13 -204 -69 -18 -8 -47 113 490 -35 27 -9 -22 85 -72 43 131 -82 -36 9 5 -80 -70 -178 5 22 -63 20 -39 75 -35 -10 63 19 -167 108 33 1 -48 81 121 -98 45
31 150 -16 -18 -78 -55 -29 -99 -82 -58 -35 534 -71 -44 -28 -19 86 41 -25 -18 -3 -53 43 104 -32 -6 15 7 4 -44 23 21 -32 59 28 -64 -112 -22 107 -87 105 18 -89 144 -59
-26 -71 -14 68 40 146 63 -29 5 22 27 -71 412 -82 -19 7 -40 -16 59 14 -50 29 4 30 -14 129 -34 -3 25 85 -24 38 22 33 -160 30 42 -83 -146 -35 -64 22 25 42 2
-16 15 -56 50 60 -18 -68 17 183 43 -9 -44 -82 449 59 17 104 -79 36 -71 123 -48 9 47 11 -59 -36 -64 19 -29 151 89 -64 -52 54 -38 34 72 54 11 47 -133 -13 -55 -15
6 16 111 97 140 -3 -92 -9 100 -27 -22 -28 -19 59 517 -96 66 -131 -39 -14 49 20 165 50 21 48 -86 -92 86 -18 38 108 -16 49 56 -93 15 39 -81 -112 77 91 -154 -113 -20
-17 -81 -57 40 -113 -19 72 51 -13 73 85 -19 7 17 -96 398 -5 -19 -5 -94 66 79 -11 -69 -46 -169 -36 -30 24 -14 -32 5 -13 -32 55 2 22 -14 -37 16 -29 -6 3 93 115
-204 102 -1 -69 40 -16 -124 29 40 9 -72 86 -40 104 66 -5 427 -44 8 29 -1 -21 7 -54 -25 49 142 18 33 4 11 -69 -76 4 51 -35 -69 -21 -22 -102 61 -68 -99 -31 58
54 -10 -9 -91 -125 7 88 -80 -52 -83 43 41 -16 -79 -131 -19 -44 453 -30 27 33 40 56 -53 -66 0 58 38 -51 -66 -103 -72 105 -29 -127 84 50 53 63 -108 -165 73 96 -53 139
-6 111 -92 44 -68 -92 -74 108 -75 174 131 -25 59 36 -39 -5 8 -30 468 -26 41 -38 -6 -154 43 -112 7 -63 -1 78 111 90 -23 -24 172 -3 32 72 56 -63 84 -87 6 -118 -15
-69 87 81 62 84 76 18 76 -99 -26 -82 -18 14 -71 -14 -94 29 27 -26 437 -60 -34 -95 3 59 88 -41 -25 36 62 -10 6 -122 8 -49 80 -18 91 -19 -99 42 121 56 10 15
9 17 -122 -6 -28 -90 21 15 75 32 -36 -3 -50 123 49 66 -1 33 41 -60 377 -37 78 -44 -89 -65 29 -97 85 3 143 -25 -62 2 67 -47 67 51 48 -17 30 -73 -87 -14 110
143 0 2 -99 -4 -105 183 -59 -152 -37 9 -53 29 -48 20 79 -21 40 -38 -34 -37 455 -21 -66 -24 41 -103 1 -7 49 -31 93 10 -37 69 -93 63 -40 97 -6 -80 109 39 41 -5
26 -67 -35 -9 95 32 -22 52 39 -19 5 43 4 9 165 -11 7 56 -6 -95 78 -21 423 -15 -46 22 -9 -76 -50 -163 -96 -24 126 33 -35 27 13 -43 -31 -21 -87 50 -23 -51 17
24 -122 -47 41 20 182 135 -124 127 -76 -80 104 30 47 50 -69 -54 -53 -154 3 -44 -66 -15 517 40 9 -98 -52 -61 20 -25 -23 -2 -47 -83 2 -69 -49 66 31 151 37 -5 144 -4
73 -19 62 93 142 85 -25 36 46 123 -70 -32 -14 11 21 -46 -25 -66 43 59 -89 -24 -46 40 440 80 40 108 -88 62 6 -30 107 -29 53 27 12 11 162 49 51 -45 -12 61 3
39 75 17 52 202 93 54 -77 -80 -147 -178 -6 129 -59 48 -169 49 0 -112 88 -65 41 22 9 80 535 28 161 -44 -47 -49 24 -27 71 -183 38 71 -130 -45 -30 -160 -150 -6 61 -80
-55 6 36 -93 -64 -21 -72 -19 92 76 5 15 -34 -36 -86 -36 142 58 7 -41 29 -103 -9 -98 40 28 432 27 -3 23 -15 -94 26 46 2 5 -49 25 52 32 -10 -18 -3 -19 54
-28 -29 76 -24 -53 30 35 -54 -4 -28 22 7 -3 -64 -92 -30 18 38 -63 -25 -97 1 -76 -52 108 161 27 421 -82 -101 -112 -16 31 -59 38 -11 -9 -20 36 22 -141 -93 4 73 -72
7 1 85 1 -62 -24 -45 42 4 146 -63 4 25 19 86 24 33 -51 -1 36 85 -7 -50 -61 -88 -44 -3 -82 297 49 54 -5 -95 51 4 14 57 90 -56 -41 59 33 -35 21 -30
67 64 6 51 2 60 -2 -27 -53 58 20 -44 85 -29 -18 -14 4 -66 78 62 3 49 -163 20 62 -47 23 -101 49 382 124 -7 90 -16 12 -64 -2 79 27 48 209 61 -58 -15 48
144 148 -60 -10 28 -15 -77 -72 68 36 -39 23 -24 151 38 -32 11 -103 111 -10 143 -31 -96 -25 6 -49 -15 -112 54 124 399 76 -54 -14 38 -100 67 49 -30 1 143 -77 -60 -160 -87
69 112 46 111 -80 -30 15 -17 -37 -51 75 21 38 89 108 5 -69 -72 90 6 -25 93 -24 -23 -30 24 -94 -16 -5 -7 76 367 -62 26 122 -66 -6 -26 -19 5 -52 7 -25 -88 -103
63 -82 49 5 47 89 111 12 21 -22 -35 -32 22 -64 -16 -13 -76 105 -23 -122 -62 10 126 -2 107 -27 26 31 -95 90 -54 -62 496 -61 -5 -17 18 -63 94 157 -28 86 -93 -46 67
-84 77 37 -15 38 2 -45 11 -105 -63 -10 59 33 -52 49 -32 4 -29 -24 8 2 -37 33 -47 -29 71 46 -59 51 -16 -14 26 -61 489 -37 -43 79 7 -190 -194 16 69 -72 -93 -86
-62 35 -58 36 -131 -131 -38 160 -62 108 63 28 -160 54 56 55 51 -127 172 -49 67 69 -35 -83 53 -183 2 38 4 12 38 122 -5 -37 501 -39 -73 85 146 42 52 6 -122 -18 -11
-33 -116 -22 58 -51 29 -20 50 -11 87 19 -64 30 -38 -93 2 -35 84 -3 80 -47 -93 27 2 27 38 5 -11 14 -64 -100 -66 -17 -43 -39 343 -46 -38 -24 22 -62 -9 85 84 30
134 -80 -67 32 98 106 6 58 -16 -54 -167 -112 42 34 15 22 -69 50 32 -18 67 63 13 -69 12 71 -49 -9 57 -2 67 -6 18 79 -73 -46 508 6 -117 -86 -103 -25 -34 -108 -71
76 -50 85 3 -119 -14 -44 33 -61 60 108 -22 -83 72 39 -14 -21 53 72 91 51 -40 -43 -49 11 -130 25 -20 90 79 49 -26 -63 7 85 -38 6 451 63 -89 70 42 28 -119 38
85 1 -16 -12 -89 -113 102 5 -20 44 33 107 -146 54 -81 -37 -22 63 56 -19 48 97 -31 66 162 -45 52 36 -56 27 -30 -19 94 -190 146 -24 -117 63 451 64 28 -8 68 118 62
16 -74 16 34 24 49 76 3 50 90 1 -87 -35 11 -112 16 -102 -108 -63 -99 -17 -6 -21 31 49 -30 32 22 -41 48 1 5 157 -194 42 22 -86 -89 64 401 -10 -36 -4 94 58
14 69 -16 50 -2 94 -127 20 44 100 -48 105 -64 47 77 -29 61 -165 84 42 30 -80 -87 151 51 -160 -10 -141 59 209 143 -52 -28 16 52 -62 -103 70 28 -10 573 32 -23 22 47
-26 -102 120 1 -48 31 13 -14 -86 3 81 18 22 -133 91 -6 -68 73 -87 121 -73 109 50 37 -45 -150 -18 -93 33 61 -77 7 86 69 6 -9 -25 42 -8 -36 32 394 13 -73 49
80 -66 -28 -43 -90 33 -33 1 -3 9 121 -89 25 -13 -154 3 -99 96 6 56 -87 39 -23 -5 -12 -6 -3 4 -35 -58 -60 -25 -93 -72 -122 85 -34 28 68 -4 -23 13 297 0 47
-57 -22 3 43 10 -34 215 -64 18 28 -98 144 42 -55 -113 93 -31 -53 -118 10 -14 41 -51 144 61 61 -19 73 21 -15 -160 -88 -46 -93 -18 84 -108 -119 118 94 22 -73 0 506 19
-89 -83 -59 -1 -52 34 -31 5 47 15 45 -59 2 -15 -20 115 58 139 -15 15 110 -5 17 -4 3 -80 54 -72 -30 48 -87 -103 67 -86 -11 30 -71 38 62 58 47 49 47 19 411

Q_cnstr 
184 -2 53 -6 33 41 -23 -8 -29 -2 19 -11 32 -14 0 22 -11 -2 -9 -9 30 31 -30 24 7 4 -2 -9 -16 29 -26 -6 -17 14 16 -4 18 19 36 25 -10 -21 12 25 -12
-2 129 9 -25 14 11 42 2 4 13 3 36 20 7 -14 -1 15 -21 9 -19 14 -1 -26 -20 9 8 36 -37 24 25 -30 37 4 -2 -1 12 0 -28 19 11 -7 14 8 13 -6
53 9 214 -41 -15 47 -10 -20 -11 32 33 14 28 -9 10 21 -50 1 3 -4 47 -9 -15 -6 4 36 30 -22 10 3 32 -16 13 -3 -18 11 -31 4 42 77 -18 22 10 -3 26
-6 -25 -41 117 -7 -16 24 12 8 -34 19 45 -3 -6 -49 -24 25 -4 1 20 8 -38 -4 -21 -4 2 -18 7 -41 -23 12 -44 16 -26 -6 -1 10 -9 -12 -16 8 -53 -17 -27 -41
33 14 -15 -7 91 4 -4 -7 -23 -22 20 -10 16 2 -25 -21 -5 4 8 -8 -26 12 -9 2 -2 -34 4 10 23 -7 24 14 -32 31 -27 -20 15 -6 -14 -6 -1 5 -4 32 9
41 11 47 -16 4 91 5 -17 -33 41 16 -9 13 -2 12 -11 7 -2 -12 -22 21 -8 -13 -7 2 11 10 16 -12 14 7 0 -17 26 -22 4 15 11 49 36 9 40 -1 15 22
-23 42 -10 24 -4 5 190 17 9 -18 44 37 35 -5 18 -24 57 -40 14 26 26 -29 1 9 23 -18 47 -56 -8 0 -6 -17 47 -13 -10 10 1 -42 -30 28 -4 5 -15 -9 -59
-8 2 -20 12 -7 -17 17 124 -12 -10 7 36 9 7 -2 -17 -15 -10 2 10 -16 4 17 15 8 19 -19 14 -3 -17 -41 -29 14 -12 -10 -18 42 -27 19 17 -7 0 6 4 -4
-29 4 -11 8 -23 -33 9 -12 261 -3 10 -11 1 35 -25 -38 36 25 14 24 -24 -39 -10 -15 31 -30 4 -71 -45 -16 -20 -41 36 -55 42 52 -34 4 -41 -8 -14 -32 -15 -53 15
-2 13 32 -34 -22 41 -18 -10 -3 187 -6 14 12 25 52 3 -5 -21 -16 -3 3 31 20 10 -6 37 42 -5 8 4 -9 39 -15 15 -31 18 22 8 44 16 9 103 4 -13 89
19 3 33 19 20 16 44 7 10 -6 109 29 18 10 -14 -18 18 -20 6 43 5 -41 -4 -5 17 -4 27 12 2 -11 81 -12 31 14 -4 12 9 2 7 20 -17 6 -4 25 0
-11 36 14 45 -10 -9 37 36 -11 14 29 225 9 8 -4 4 9 -50 1 17 6 -9 -13 -15 83 18 55 35 -14 1 -27 13 48 -20 11 -3 -1 -22 -30 4 26 49 12 2 8
32 20 28 -3 16 13 35 9 1 12 18 9 148 23 2 -12 7 -14 17 -36 30 -13 -3 -8 -3 -7 43 -17 -26 15 -19 -4 -15 -23 -11 -26 -27 -9 -1 18 18 15 -21 30 25
-14 7 -9 -6 2 -2 -5 7 35 25 10 8 23 66 1 -2 7 3 -10 8 -6 -7 4 6 -2 2 9 -11 4 2 15 9 -9 1 -5 6 2 8 -15 -11 -5 -9 4 14 8
0 -14 10 -49 -25 12 18 -2 -25 52 -14 -4 2 1 137 -4 4 -14 16 30 42 2 11 25 20 24 5 11 46 -13 1 -1 1 13 6 -6 8 1 -12 9 7 78 -1 4 39
22 -1 21 -24 -21 -11 -24 -17 -38 3 -18 4 -12 -2 -4 137 -15 14 -12 -1 14 63 -2 22 -6 21 -13 -12 -11 18 -15 37 21 25 28 -9 -32 3 -9 -8 1 -14 25 16 -38
-11 15 -50 25 -5 7 57 -15 36 -5 18 9 7 7 4 -15 119 -7 -12 -9 6 1 21 -16 18 -20 7 12 -41 12 24 10 35 6 -17 -1 2 4 -41 -18 5 2 0 7 -48
-2 -21 1 -4 4 -2 -40 -10 25 -21 -20 -50 -14 3 -14 14 -7 83 -6 -19 -31 26 -7 -14 -41 -10 -18 10 -14 -11 8 -16 1 3 -7 -10 -31 6 1 -16 -12 -28 7 4 -8
-9 9 3 1 8 -12 14 2 14 -16 6 1 17 -10 16 -12 -12 -6 58 -3 3 -31 -8 -7 19 -9 2 -4 14 -30 1 -23 20 0 -14 4 -13 -13 -4 18 1 11 -12 -25 4
-9 -19 -4 20 -8 -22 26 10 24 -3 43 17 -36 8 30 -1 -9 -19 -3 185 20 -24 -5 -18 11 87 -27 9 22 -38 23 -12 25 -1 24 -1 26 -21 7 9 -19 -12 -12 19 3
30 14 47 8 -26 21 26 -16 -24 3 5 6 30 -6 42 14 6 -31 3 20 120 -2 2 -11 -2 29 14 -26 4 -1 -6 9 -33 -9 6 18 3 -12 -3 28 10 3 -10 8 2
31 -1 -9 -38 12 -8 -29 4 -39 31 -41 -9 -13 -7 2 63 1 26 -31 -24 -2 160 11 1 -12 -24 45 5 12 -3 -44 72 -23 23 7 -9 -14 10 -24 -19 11 28 27 31 0
-30 -26 -15 -4 -9 -13 1 17 -10 20 -4 -13 -3 4 11 -2 21 -7 -8 -5 2 11 114 5 0 15 -23 11 -2 -26 1 -9 -13 -21 -9 18 4 22 -1 -24 8 5 0 -8 25
24 -20 -6 -21 2 -7 9 15 -15 10 -5 -15 -8 6 25 22 -16 -14 -7 -18 -11 1 5 82 8 -2 -19 -19 41 27 -7 -2 -2 16 39 7 2 25 -17 -8 1 3 23 15 12
7 9 4 -4 -2 2 23 8 31 -6 17 83 -3 -2 20 -6 18 -41 19 11 -2 -12 0 8 140 16 -6 13 0 -7 -20 17 45 12 39 19 9 -1 -45 30 25 12 8 -5 4
4 8 36 2 -34 11 -18 19 -30 37 -4 18 -7 2 24 21 -20 -10 -9 87 29 -24 15 -2 16 176 -31 19 35 -15 -6 -18 45 -20 23 13 37 -3 43 31 4 -13 2 22 4
-2 36 30 -18 4 10 47 -19 4 42 27 55 43 9 5 -13 7 -18 2 -27 14 45 -23 -19 -6 -31 169 -29 4 12 -4 22 -4 -8 -15 16 2 -1 -14 -5 1 81 -4 13 17
-9 -37 -22 7 10 16 -56 14 -71 -5 12 35 -17 -11 11 -12 12 10 -4 9 -26 5 11 -19 13 19 -29 162 11 -36 54 -1 -6 7 -47 -28 17 5 7 -23 10 25 -2 27 -1
-16 24 10 -41 23 -12 -8 -3 -45 8 2 -14 -26 4 46 -11 -41 -14 14 22 4 12 -2 41 0 35 4 11 155 -25 26 2 -16 6 19 0 1 24 -13 6 4 28 12 51 30
29 25 3 -23 -7 14 0 -17 -16 4 -11 1 15 2 -13 18 12 -11 -30 -38 -1 -3 -26 27 -7 -15 12 -36 -25 128 -49 48 -35 11 25 -12 -17 19 14 19 -30 6 38 7 -6
-26 -30 32 12 24 7 -6 -41 -20 -9 81 -27 -19 15 1 -15 24 8 1 23 -6 -44 1 -7 -20 -6 -4 54 26 -49 220 -31 26 14 -37 13 -20 -12 4 -24 -31 3 -19 15 13
-6 37 -16 -44 14 0 -17 -29 -41 39 -12 13 -4 9 -1 37 10 -16 -23 -12 9 72 -9 -2 17 -18 22 -1 2 48 -31 149 -44 53 10 5 -22 9 -36 3 26 23 48 37 15
-17 4 13 16 -32 -17 47 14 36 -15 31 48 -15 -9 1 21 35 1 20 25 -33 -23 -13 -2 45 45 -4 -6 -16 -35 26 -44 179 2 24 23 1 -4 -21 1 10 -19 -3 -11 -40
14 -2 -3 -26 31 26 -13 -12 -55 15 14 -20 -23 1 13 25 6 3 0 -1 -9 23 -21 16 12 -20 -8 7 6 11 14 53 2 117 -1 7 14 9 -11 17 -3 7 22 43 -9
16 -1 -18 -6 -27 -22 -10 -10 42 -31 -4 11 -11 -5 6 28 -17 -7 -14 24 6 7 -9 39 39 23 -15 -47 19 25 -37 10 24 -1 155 36 -33 29 1 -2 9 -41 18 32 -4
-4 12 11 -1 -20 4 10 -18 52 18 12 -3 -26 6 -6 -9 -1 -10 4 -1 18 -9 18 7 19 13 16 -28 0 -12 13 5 23 7 36 97 7 16 6 4 -6 -21 2 -17 -4
18 0 -31 10 15 15 1 42 -34 22 9 -1 -27 2 8 -32 2 -31 -13 26 3 -14 4 2 9 37 2 17 1 -17 -20 -22 1 14 -33 7 144 -6 22 0 7 -1 -10 4 -18
19 -28 4 -9 -6 11 -42 -27 4 8 2 -22 -9 8 1 3 4 6 -13 -21 -12 10 22 25 -1 -3 -1 5 24 19 -12 9 -4 9 29 16 -6 79 -13 -8 25 -4 10 5 15
36 19 42 -12 -14 49 -30 19 -41 44 7 -30 -1 -15 -12 -9 -41 1 -4 7 -3 -24 -1 -17 -45 43 -14 7 -13 14 4 -36 -21 -11 1 6 22 -13 174 49 -34 17 -18 -9 5
25 11 77 -16 -6 36 28 17 -8 16 20 4 18 -11 9 -8 -18 -16 18 9 28 -19 -24 -8 30 31 -5 -23 6 19 -24 3 1 17 -2 4 0 -8 49 131 -22 13 -5 -11 -9
-10 -7 -18 8 -1 9 -4 -7 -14 9 -17 26 18 -5 7 1 5 -12 1 -19 10 11 8 1 25 4 1 10 4 -30 -31 26 10 -3 9 -6 7 25 -34 -22 103 9 9 8 11
-21 14 22 -53 5 40 5 0 -32 103 6 49 15 -9 78 -14 2 -28 11 -12 3 28 5 3 12 -13 81 25 28 6 3 23 -19 7 -41 -21 -1 -4 17 13 9 181 -4 8 99
12 8 10 -17 -4 -1 -15 6 -15 4 -4 12 -21 4 -1 25 0 7 -12 -12 -10 27 0 23 8 2 -4 -2 12 38 -19 48 -3 22 18 2 -10 10 -18 -5 9 -4 78 19 4
25 13 -3 -27 32 15 -9 4 -53 -13 25 2 30 14 4 16 7 4 -25 19 8 31 -8 15 -5 22 13 27 51 7 15 37 -11 43 32 -17 4 5 -9 -11 8 8 19 158 -13
-12 -6 26 -41 9 22 -59 -4 15 89 0 8 25 8 39 -38 -48 -8 4 3 2 0 25 12 4 4 17 -1 30 -6 13 15 -40 -9 -4 -4 -18 15 5 -9 11 99 4 -13 216

