Q_obj 
304 -68 67 17 94 22 101 42 -46 26 103 -30 65 -34 20 -42 112 -42 -12 -89 6 -36 69 -2 -79 -3 1 -12 110 44 45 60 10 -22 53 67 5 24 -58 8 89 41 62 -11 -73
-68 433 -41 -5 -32 3 -36 48 -44 -108 -22 8 -53 -56 33 -26 35 -8 -151 81 -3 -27 -81 84 -68 -48 96 6 -16 80 -22 -41 4 26 -7 -90 -47 118 22 -25 14 2 -96 -21 51
67 -41 555 -62 109 97 16 10 -132 24 48 38 12 43 -47 -27 42 -40 44 59 -16 -88 -100 90 50 -61 -6 -33 5 -52 67 108 -77 -73 -101 -30 -33 0 -84 10 -18 -38 -46 -1 -172
17 -5 -62 413 19 -7 4 -67 -6 -12 77 -116 -81 -53 53 -159 52 51 -11 -2 24 -83 -19 -68 32 -27 -66 22 69 73 70 17 -120 63 40 -52 100 -13 81 -51 -31 33 24 104 116
94 -32 109 19 383 141 -31 40 93 14 -10 -6 20 97 -3 -81 32 -60 56 -70 31 -108 44 -15 51 -51 -20 31 62 100 -102 81 65 2 2 -68 -17 55 11 -49 -11 18 28 37 -124
22 3 97 -7 141 361 -135 -41 68 40 31 82 59 23 24 52 77 -40 -11 -54 -61 22 75 28 28 -64 67 -6 53 37 98 -71 -61 -26 -40 51 47 -2 2 54 51 46 5 -47 8
101 -36 16 4 -31 -135 477 46 -62 4 67 -124 -3 149 -127 -57 22 -33 56 41 46 55 8 -75 -96 126 73 -52 129 -74 -81 98 -99 -9 60 57 68 -45 -96 -58 6 -37 61 68 -1
42 48 10 -67 40 -41 46 374 34 32 92 -29 -65 1 69 14 -35 -7 -13 18 74 -77 -25 94 -63 17 -67 -66 78 -40 -16 -61 21 -84 55 71 27 12 -25 7 -63 44 8 17 -48
-46 -44 -132 -6 93 68 -62 34 435 133 -40 92 14 103 71 77 -35 -58 -33 -17 -52 43 -7 -31 -1 -27 -94 -19 95 0 13 -39 104 -51 -57 22 -45 -37 96 -36 -103 -22 28 5 97
26 -108 24 -12 14 40 4 32 133 500 -31 93 15 4 33 26 -110 -10 31 61 -33 7 -26 -15 104 -62 -102 -73 -16 46 44 -12 -45 -98 -102 -94 -52 17 0 -55 -96 -52 29 -116 72
103 -22 48 77 -10 31 67 92 -40 -31 419 -12 -72 17 63 29 80 -19 -3 -12 -35 -52 20 45 -27 -13 -118 44 54 -33 93 11 -127 32 42 139 51 18 -82 -42 -50 -30 -22 0 -75
-30 8 38 -116 -6 82 -124 -29 92 93 -12 443 -11 23 -46 124 -83 -55 -18 -68 40 19 -17 126 -31 -79 -43 24 32 -8 164 2 157 -32 -154 -40 -70 -36 -6 -88 75 -33 24 -224 -45
65 -53 12 -81 20 59 -3 -65 14 15 -72 -11 369 35 9 31 22 -33 -17 1 15 119 -16 -90 45 -34 51 -13 -2 96 27 49 -21 15 -44 37 137 -40 74 60 113 6 3 -91 52
-34 -56 43 -53 97 23 149 1 103 4 17 23 35 456 -141 -15 -95 -198 -35 -39 45 130 -13 -55 28 36 14 -51 163 21 23 37 -10 119 -48 -39 -62 -76 -46 26 -64 -64 -19 -46 -66
20 33 -47 53 -3 24 -127 69 71 33 63 -46 9 -141 485 1 32 48 -73 -54 16 -83 -70 -19 -8 57 -78 13 52 30 -1 -163 -121 -51 80 151 28 -2 55 -132 -23 86 34 4 47
-42 -26 -27 -159 -81 52 -57 14 77 26 29 124 31 -15 1 475 -41 -37 45 54 -50 28 -33 39 -111 -27 -39 -19 -61 -64 -42 -38 83 34 -11 132 -32 39 16 -4 80 28 95 -75 -9
112 35 42 52 32 77 22 -35 -35 -110 80 -83 22 -95 32 -41 390 -35 -99 -104 19 -102 -3 76 28 -74 -1 35 47 83 57 89 -52 -9 70 126 30 -63 -21 21 91 122 -14 82 -17
-42 -8 -40 51 -60 -40 -33 -7 -58 -10 -19 -55 -33 -198 48 -37 -35 404 54 -41 -34 22 75 -20 15 51 15 55 -142 -27 0 84 -32 -139 116 77 63 74 88 -50 46 -38 -14 80 15
-12 -151 44 -11 56 -11 56 -13 -33 31 -3 -18 -17 -35 -73 45 -99 54 488 115 -66 -25 171 -48 92 76 7 27 -95 -72 -112 -2 56 -16 -96 -17 103 93 58 -33 -42 25 146 70 -11
-89 81 59 -2 -70 -54 41 18 -17 61 -12 -68 1 -39 -54 54 -104 -41 115 383 -99 16 -161 -11 -72 -1 -21 9 -90 -74 -1 -120 0 -16 -89 -145 70 77 20 47 -115 -25 66 17 124
6 -3 -16 24 31 -61 46 74 -52 -33 -35 40 15 45 16 -50 19 -34 -66 -99 426 -111 -63 -12 -91 -34 17 48 139 41 -33 58 88 53 25 -33 122 -82 15 -123 50 34 5 -122 -44
-36 -27 -88 -83 -108 22 55 -77 43 7 -52 19 119 130 -83 28 -102 22 -25 16 -111 407 -8 -98 12 -40 42 -83 -17 -28 57 -2 1 -35 -47 7 94 -28 5 33 29 -33 20 -14 79
69 -81 -100 -19 44 75 8 -25 -7 -26 20 -17 -16 -13 -70 -33 -3 75 171 -161 -63 -8 457 12 65 61 42 -15 -29 -29 -54 -26 30 -15 24 111 32 19 -67 105 -56 85 -49 92 50
-2 84 90 -68 -15 28 -75 94 -31 -15 45 126 -90 -55 -19 39 76 -20 -48 -11 -12 -98 12 504 -107 -131 9 -30 -125 -53 88 -24 23 -87 -90 -118 -93 -4 -69 38 71 81 -76 20 8
-79 -68 50 32 51 28 -96 -63 -1 104 -27 -31 45 28 -8 -111 28 15 92 -72 -91 12 65 -107 465 -56 -72 50 -128 80 -41 86 -17 -2 2 36 -38 4 46 96 -83 -4 -111 55 -13
-3 -48 -61 -27 -51 -64 126 17 -27 -62 -13 -79 -34 36 57 -27 -74 51 76 -1 -34 -40 61 -131 -56 402 47 10 58 -47 -78 -56 -48 89 37 92 28 -50 39 -25 -62 -37 21 15 -23
1 96 -6 -66 -20 67 73 -67 -94 -102 -118 -43 51 14 -78 -39 -1 15 7 -21 17 42 42 9 -72 47 480 -27 7 -7 -39 38 -13 -55 36 25 -10 4 19 36 76 -20 -2 -118 -1
-12 6 -33 22 31 -6 -52 -66 -19 -73 44 24 -13 -51 13 -19 35 55 27 9 48 -83 -15 -30 50 10 -27 315 -29 -40 -64 59 19 -24 106 19 -45 -13 35 -15 32 -82 -34 77 -10
110 -16 5 69 62 53 129 78 95 -16 54 32 -2 163 52 -61 47 -142 -95 -90 139 -17 -29 -125 -128 58 7 -29 509 33 109 2 -66 72 14 129 7 -58 78 -33 13 19 15 -9 -11
44 80 -52 73 100 37 -74 -40 0 46 -33 -8 96 21 30 -64 83 -27 -72 -74 41 -28 -29 -53 80 -47 -7 -40 33 366 -17 68 -4 69 -21 -67 -42 -6 102 3 59 4 -41 -93 -5
45 -22 67 70 -102 98 -81 -16 13 44 93 164 27 23 -1 -42 57 0 -112 -1 -33 57 -54 88 -41 -78 -39 -64 109 -17 611 23 45 -49 -6 28 47 49 22 20 67 63 7 -182 -18
60 -41 108 17 81 -71 98 -61 -39 -12 11 2 49 37 -163 -38 89 84 -2 -120 58 -2 -26 -24 86 -56 38 59 2 68 23 488 8 -30 114 -17 -99 0 81 -56 93 -69 -1 -9 -104
10 4 -77 -120 65 -61 -99 21 104 -45 -127 157 -21 -10 -121 83 -52 -32 56 0 88 1 30 23 -17 -48 -13 19 -66 -4 45 8 545 -9 -49 -84 -26 55 12 60 -3 96 -38 -65 -32
-22 26 -73 63 2 -26 -9 -84 -51 -98 32 -32 15 119 -51 34 -9 -139 -16 -16 53 -35 -15 -87 -2 89 -55 -24 72 69 -49 -30 -9 369 -67 -64 32 -8 45 30 5 25 -23 -20 54
53 -7 -101 40 2 -40 60 55 -57 -102 42 -154 -44 -48 80 -11 70 116 -96 -89 25 -47 24 -90 2 37 36 106 14 -21 -6 114 -49 -67 431 164 -31 -8 -60 101 48 21 88 118 -50
67 -90 -30 -52 -68 51 57 71 22 -94 139 -40 37 -39 151 132 126 77 -17 -145 -33 7 111 -118 36 92 25 19 129 -67 28 -17 -84 -64 164 534 84 -46 26 20 28 -33 71 51 -16
5 -47 -33 100 -17 47 68 27 -45 -52 51 -70 137 -62 28 -32 30 63 103 70 122 94 32 -93 -38 28 -10 -45 7 -42 47 -99 -26 32 -31 84 496 27 4 -40 -70 93 105 8 95
24 118 0 -13 55 -2 -45 12 -37 17 18 -36 -40 -76 -2 39 -63 74 93 77 -82 -28 19 -4 4 -50 4 -13 -58 -6 49 0 55 -8 -8 -46 27 392 -24 -20 0 24 -9 -3 -143
-58 22 -84 81 11 2 -96 -25 96 0 -82 -6 74 -46 55 16 -21 88 58 20 15 5 -67 -69 46 39 19 35 78 102 22 81 12 45 -60 26 4 -24 394 -75 30 -35 -33 29 152
8 -25 10 -51 -49 54 -58 7 -36 -55 -42 -88 60 26 -132 -4 21 -50 -33 47 -123 33 105 38 96 -25 36 -15 -33 3 20 -56 60 30 101 20 -40 -20 -75 473 -35 76 -64 130 88
89 14 -18 -31 -11 51 6 -63 -103 -96 -50 75 113 -64 -23 80 91 46 -42 -115 50 29 -56 71 -83 -62 76 32 13 59 67 93 -3 5 48 28 -70 0 30 -35 459 -22 61 -45 -121
41 2 -38 33 18 46 -37 44 -22 -52 -30 -33 6 -64 86 28 122 -38 25 -25 34 -33 85 81 -4 -37 -20 -82 19 4 63 -69 96 25 21 -33 93 24 -35 76 -22 358 -33 66 78
62 -96 -46 24 28 5 61 8 28 29 -22 24 3 -19 34 95 -14 -14 146 66 5 20 -49 -76 -111 21 -2 -34 15 -41 7 -1 -38 -23 88 71 105 -9 -33 -64 61 -33 393 -63 -10
-11 -21 -1 104 37 -47 68 17 5 -116 0 -224 -91 -46 4 -75 82 80 70 17 -122 -14 92 20 55 15 -118 77 -9 -93 -182 -9 -65 -20 118 51 8 -3 29 130 -45 66 -63 494 125
-73 51 -172 116 -124 8 -1 -48 97 72 -75 -45 52 -66 47 -9 -17 15 -11 124 -44 79 50 8 -13 -23 -1 -10 -11 -5 -18 -104 -32 54 -50 -16 95 -143 152 88 -121 78 -10 125 469

Q_cnstr 
130 -2 8 -32 11 5 9 -2 8 15 -13 19 23 -19 24 -28 -30 -21 -21 -22 12 14 14 8 15 35 -17 -33 -20 6 5 -4 -1 20 22 7 -30 1 -20 7 -20 -8 -22 12 27
-2 102 -8 2 -8 7 -14 -18 8 15 0 -12 -2 2 24 7 -17 14 -1 -18 5 5 9 23 -8 9 -28 -13 8 1 13 -5 8 27 -2 11 27 4 -6 3 2 5 -18 -33 -14
8 -8 67 26 -8 -2 -11 5 7 -19 -8 -10 29 -2 2 13 0 -1 -8 13 26 -3 13 -4 13 -14 -1 9 2 11 -1 -11 -16 -11 5 5 -16 30 -1 2 -42 1 10 19 11
-32 2 26 149 -26 -1 6 13 -23 -54 -20 -40 2 -25 -27 -10 36 -15 25 1 -12 -1 3 15 28 -27 7 5 4 -2 -4 4 -12 -26 8 -2 0 38 -1 -4 -1 24 29 -28 15
11 -8 -8 -26 90 -14 7 6 1 -3 14 26 0 26 -15 5 -19 3 -3 -24 -15 -23 -6 -16 1 -21 6 13 0 26 8 0 -6 32 -14 -28 11 -2 -5 -8 21 2 -35 15 -1
5 7 -2 -1 -14 60 -1 -13 6 18 -7 -3 10 9 26 8 5 3 3 -11 0 -9 2 -4 -13 26 -7 -18 21 -8 13 2 2 -11 -8 15 8 -9 -2 -12 6 11 -14 -2 29
9 -14 -11 6 7 -1 146 26 -35 -23 -1 1 4 -22 6 11 -26 -12 7 -23 -19 -3 -43 -48 -7 -41 9 6 -5 -34 31 -32 -32 -10 5 4 -6 -14 -9 25 -47 -5 -11 7 17
-2 -18 5 13 6 -13 26 78 -15 -18 10 8 30 -7 -10 0 -20 -23 -10 1 17 12 16 -2 16 -22 -3 6 -7 -4 6 18 11 -2 -24 -3 -14 -14 29 -15 -9 -1 -5 14 6
8 8 7 -23 1 6 -35 -15 82 45 25 17 12 24 -8 -15 15 17 10 -3 15 -9 11 -1 1 10 -1 3 18 14 -11 -3 -5 -2 -18 -8 -6 -11 -2 -8 19 -12 6 -11 -5
15 15 -19 -54 -3 18 -23 -18 45 89 7 29 -18 18 2 -13 1 8 6 0 -11 13 14 15 6 17 -8 -33 22 10 15 13 -12 6 1 -16 7 -23 -3 2 34 -7 -22 10 -6
-13 0 -8 -20 14 -7 -1 10 25 7 71 19 2 -2 6 4 8 12 7 -10 1 -25 -6 -5 -1 -1 -7 -5 36 -2 -5 -7 4 -1 -34 -16 0 -22 7 1 -8 -9 -14 1 -10
19 -12 -10 -40 26 -3 1 8 17 29 19 97 10 35 -5 -26 -4 -17 -7 -25 -12 2 7 7 1 19 -7 -2 19 -13 8 0 6 9 5 -13 -20 -26 -4 -4 21 -11 -1 32 -14
23 -2 29 2 0 10 4 30 12 -18 2 10 116 -6 18 -11 4 -10 -10 -11 28 -27 19 13 5 -6 -11 -7 -12 7 -8 -9 10 24 -26 -8 -11 -34 -5 -9 -27 12 8 7 -11
-19 2 -2 -25 26 9 -22 -7 24 18 -2 35 -6 81 -21 1 19 4 -3 19 -8 1 3 6 2 19 0 20 14 14 18 3 19 -6 -2 -3 -3 1 -4 -28 36 -15 4 10 -4
24 24 2 -27 -15 26 6 -10 -8 2 6 -5 18 -21 101 3 -19 -11 -6 3 10 -15 -5 0 -3 52 11 -24 11 -12 14 -4 -7 6 -6 -4 -8 -1 8 5 -55 9 -25 4 13
-28 7 13 -10 5 8 11 0 -15 -13 4 -26 -11 1 3 100 -2 11 12 -6 6 -19 6 -27 -27 -14 -5 11 8 -2 6 -7 7 -9 6 12 19 2 0 -7 -26 2 22 -7 -15
-30 -17 0 36 -19 5 -26 -20 15 1 8 -4 4 19 -19 -2 146 -20 20 -21 -25 -1 -7 27 32 -1 -5 15 -10 2 -9 -16 -18 -12 5 -10 -2 -34 1 5 12 2 48 -16 -3
-21 14 -1 -15 3 3 -12 -23 17 8 12 -17 -10 4 -11 11 -20 170 1 14 -6 5 4 7 15 -30 34 40 18 22 0 -16 -5 -31 28 -16 50 17 -11 -6 4 13 -12 0 -9
-21 -1 -8 25 -3 3 7 -10 10 6 7 -7 -10 -3 -6 12 20 1 92 -15 -19 -10 -10 -9 -17 -5 17 -23 -5 -3 1 -2 -36 -13 10 2 -7 11 -8 -35 25 10 27 -23 -11
-22 -18 13 1 -24 -11 -23 1 -3 0 -10 -25 -11 19 3 -6 -21 14 -15 138 5 6 -1 19 10 21 13 10 4 7 12 22 23 -17 15 -10 -7 26 -12 -37 11 -14 -1 -4 -22
12 5 26 -12 -15 0 -19 17 15 -11 1 -12 28 -8 10 6 -25 -6 -19 5 95 5 32 -11 -40 -1 -2 11 0 -13 -13 14 -1 8 -30 33 -9 24 11 -21 -44 15 -13 9 21
14 5 -3 -1 -23 -9 -3 12 -9 13 -25 2 -27 1 -15 -19 -1 5 -10 6 5 134 13 1 -2 9 6 -18 -19 11 35 27 -17 -21 34 36 -15 10 -7 17 19 5 21 -6 26
14 9 13 3 -6 2 -43 16 11 14 -6 7 19 3 -5 6 -7 4 -10 -1 32 13 114 31 4 15 10 -30 12 8 1 17 18 6 -5 30 20 -5 19 -32 5 11 18 12 -3
8 23 -4 15 -16 -4 -48 -2 -1 15 -5 7 13 6 0 -27 27 7 -9 19 -11 1 31 84 27 24 -16 -13 -2 21 -19 19 13 9 19 -11 10 -5 11 5 29 -7 1 1 -27
15 -8 13 28 1 -13 -7 16 1 6 -1 1 5 2 -3 -27 32 15 -17 10 -40 -2 4 27 114 -4 16 3 6 15 -5 -5 10 1 23 -28 -9 -3 -1 13 -10 -8 15 15 3
35 9 -14 -27 -21 26 -41 -22 10 17 -1 19 -6 19 52 -14 -1 -30 -5 21 -1 9 15 24 -4 149 -1 -33 1 -12 20 6 56 4 1 24 -27 4 5 -24 30 -13 -17 6 22
-17 -28 -1 7 6 -7 9 -3 -1 -8 -7 -7 -11 0 11 -5 -5 34 17 13 -2 6 10 -16 16 -1 73 16 9 7 -2 -9 -16 -16 7 3 5 16 -2 -8 -11 26 8 7 4
-33 -13 9 5 13 -18 6 6 3 -33 -5 -2 -7 20 -24 11 15 40 -23 10 11 -18 -30 -13 3 -33 16 114 -21 2 -7 -8 13 3 -4 -7 12 7 6 6 6 -2 6 -4 -10
-20 8 2 4 0 21 -5 -7 18 22 36 19 -12 14 11 8 -10 18 -5 4 0 -19 12 -2 6 1 9 -21 124 -25 3 -6 3 -17 0 16 5 -11 12 -13 -14 8 -12 1 4
6 1 11 -2 26 -8 -34 -4 14 10 -2 -13 7 14 -12 -2 2 22 -3 7 -13 11 8 21 15 -12 7 2 -25 95 1 14 -6 -8 -7 -14 0 26 2 8 39 14 -10 3 0
5 13 -1 -4 8 13 31 6 -11 15 -5 8 -8 18 14 6 -9 0 1 12 -13 35 1 -19 -5 20 -2 -7 3 1 80 -2 -6 5 -3 3 -1 -2 -2 -28 0 9 -31 2 28
-4 -5 -11 4 0 2 -32 18 -3 13 -7 0 -9 3 -4 -7 -16 -16 -2 22 14 27 17 19 -5 6 -9 -8 -6 14 -2 74 11 7 -6 3 -8 7 16 -14 32 5 6 7 -4
-1 8 -16 -12 -6 2 -32 11 -5 -12 4 6 10 19 -7 7 -18 -5 -36 23 -1 -17 18 13 10 56 -16 13 3 -6 -6 11 109 15 -15 17 1 -12 0 -19 33 -17 24 -5 -11
20 27 -11 -26 32 -11 -10 -2 -2 6 -1 9 24 -6 6 -9 -12 -31 -13 -17 8 -21 6 9 1 4 -16 3 -17 -8 5 7 15 107 -13 8 18 -28 -8 14 20 13 -16 2 -25
22 -2 5 8 -14 -8 5 -24 -18 1 -34 5 -26 -2 -6 6 5 28 10 15 -30 34 -5 19 23 1 7 -4 0 -7 -3 -6 -15 -13 101 -3 -10 14 -20 13 15 -2 67 -1 -18
7 11 5 -2 -28 15 4 -3 -8 -16 -16 -13 -8 -3 -4 12 -10 -16 2 -10 33 36 30 -11 -28 24 3 -7 16 -14 3 3 17 8 -3 124 12 4 -2 -6 8 10 9 -17 30
-30 27 -16 0 11 8 -6 -14 -6 7 0 -20 -11 -3 -8 19 -2 50 -7 -7 -9 -15 20 10 -9 -27 5 12 5 0 -1 -8 1 18 -10 12 95 -15 -23 29 5 6 -28 -18 -29
1 4 30 38 -2 -9 -14 -14 -11 -23 -22 -26 -34 1 -1 2 -34 17 11 26 24 10 -5 -5 -3 4 16 7 -11 26 -2 7 -12 -28 14 4 -15 102 -1 -11 -17 14 -3 5 19
-20 -6 -1 -1 -5 -2 -9 29 -2 -3 7 -4 -5 -4 8 0 1 -11 -8 -12 11 -7 19 11 -1 5 -2 6 12 2 -2 16 0 -8 -20 -2 -23 -1 83 -12 -4 8 -9 19 18
7 3 2 -4 -8 -12 25 -15 -8 2 1 -4 -9 -28 5 -7 5 -6 -35 -37 -21 17 -32 5 13 -24 -8 6 -13 8 -28 -14 -19 14 13 -6 29 -11 -12 140 -16 -4 11 10 -23
-20 2 -42 -1 21 6 -47 -9 19 34 -8 21 -27 36 -55 -26 12 4 25 11 -44 19 5 29 -10 30 -11 6 -14 39 0 32 33 20 15 8 5 -17 -4 -16 182 -10 13 -20 -19
-8 5 1 24 2 11 -5 -1 -12 -7 -9 -11 12 -15 9 2 2 13 10 -14 15 5 11 -7 -8 -13 26 -2 8 14 9 5 -17 13 -2 10 6 14 8 -4 -10 66 1 3 5
-22 -18 10 29 -35 -14 -11 -5 6 -22 -14 -1 8 4 -25 22 48 -12 27 -1 -13 21 18 1 15 -17 8 6 -12 -10 -31 6 24 -16 67 9 -28 -3 -9 11 13 1 177 -22 -35
12 -33 19 -28 15 -2 7 14 -11 10 1 32 7 10 4 -7 -16 0 -23 -4 9 -6 12 1 15 6 7 -4 1 3 2 7 -5 2 -1 -17 -18 5 19 10 -20 3 -22 65 10
27 -14 11 15 -1 29 17 6 -5 -6 -10 -14 -11 -4 13 -15 -3 -9 -11 -22 21 26 -3 -27 3 22 4 -10 4 0 28 -4 -11 -25 -18 30 -29 19 18 -23 -19 5 -35 10 95

