Q_obj 
198 -35 17 77 42 11 55 -70 18 2
-35 237 11 9 -121 -77 -65 117 -38 -114
17 11 329 2 25 39 -49 33 -37 -60
77 9 2 269 -60 -45 68 -11 -22 32
42 -121 25 -60 175 102 53 21 9 86
11 -77 39 -45 102 228 31 15 -125 43
55 -65 -49 68 53 31 102 -13 18 95
-70 117 33 -11 21 15 -13 266 -28 -38
18 -38 -37 -22 9 -125 18 -28 153 22
2 -114 -60 32 86 43 95 -38 22 288

Q_cnstr 
7 8 3 4 8 1 13 5 -1 5
8 59 -11 20 2 21 23 16 -3 34
3 -11 82 21 -29 -57 -6 21 14 -13
4 20 21 84 -14 30 26 5 -1 75
8 2 -29 -14 49 22 17 20 3 -10
1 21 -57 30 22 86 8 -18 -22 70
13 23 -6 26 17 8 52 19 4 17
5 16 21 5 20 -18 19 75 16 -15
-1 -3 14 -1 3 -22 4 16 20 -22
5 34 -13 75 -10 70 17 -15 -22 103

