Q_obj 
562 99 368 -136 -26 233 -226 -201 65 29 -458 -193 22 61
99 823 63 -14 -289 -216 53 -345 105 33 -156 -77 -173 1
368 63 941 -236 -155 401 -158 -88 -340 8 -318 -560 -37 156
-136 -14 -236 933 331 -144 -86 334 -48 -291 14 397 -79 284
-26 -289 -155 331 943 -78 -237 463 -299 101 -191 213 33 254
233 -216 401 -144 -78 806 -178 -30 147 99 253 97 400 268
-226 53 -158 -86 -237 -178 790 254 140 -7 563 -356 -215 -60
-201 -345 -88 334 463 -30 254 940 -455 -266 230 179 -136 394
65 105 -340 -48 -299 147 140 -455 799 291 379 4 337 -228
29 33 8 -291 101 99 -7 -266 291 570 80 -264 246 -303
-458 -156 -318 14 -191 253 563 230 379 80 1109 88 280 164
-193 -77 -560 397 213 97 -356 179 4 -264 88 1194 124 223
22 -173 -37 -79 33 400 -215 -136 337 246 280 124 1025 376
61 1 156 284 254 268 -60 394 -228 -303 164 223 376 841

Q_cnstr 
93 9 25 -2 31 -16 15 -12 -22 14 13 8 31 42
9 51 -42 -12 -3 -23 9 -17 -5 31 10 -14 30 18
25 -42 203 -15 5 15 -15 3 -12 -47 -8 15 -13 19
-2 -12 -15 59 9 10 7 15 16 -9 16 19 -12 -3
31 -3 5 9 70 11 29 -15 15 12 9 -10 35 19
-16 -23 15 10 11 60 18 9 24 15 -16 6 23 -9
15 9 -15 7 29 18 31 -4 11 26 -13 5 34 18
-12 -17 3 15 -15 9 -4 29 3 -27 -22 24 -5 -9
-22 -5 -12 16 15 24 11 3 55 3 27 16 8 11
14 31 -47 -9 12 15 26 -27 3 82 31 -16 34 22
13 10 -8 16 9 -16 -13 -22 27 31 118 10 -26 22
8 -14 15 19 -10 6 5 24 16 -16 10 115 6 1
31 30 -13 -12 35 23 34 -5 8 34 -26 6 162 33
42 18 19 -3 19 -9 18 -9 11 22 22 1 33 52

