Q_obj 
12 3 2 -6 1 3 3 -1 0 -1
3 44 5 24 -12 -9 10 -8 1 -16
2 5 23 6 6 -6 -1 -3 -1 0
-6 24 6 33 0 0 6 -14 0 -17
1 -12 6 0 19 8 4 2 -5 -2
3 -9 -6 0 8 19 -5 -2 1 -4
3 10 -1 6 4 -5 16 -6 -7 -7
-1 -8 -3 -14 2 -2 -6 29 -8 7
0 1 -1 0 -5 1 -7 -8 22 2
-1 -16 0 -17 -2 -4 -7 7 2 21

Q_cnstr 
23 -1 2 -2 3 0 0 -3 1 5
-1 34 5 8 0 0 -10 -2 -4 6
2 5 5 0 -2 0 0 0 2 2
-2 8 0 15 3 3 0 -1 -7 0
3 0 -2 3 15 -3 -6 -4 1 -5
0 0 0 3 -3 13 -1 1 1 -10
0 -10 0 0 -6 -1 15 8 3 4
-3 -2 0 -1 -4 1 8 17 3 4
1 -4 2 -7 1 1 3 3 11 -2
5 6 2 0 -5 -10 4 4 -2 25

