Q_obj 
13 4 0 2 0 13 8 8 0 2
4 45 -8 4 -5 -2 6 2 7 7
0 -8 6 -4 0 -2 0 0 1 2
2 4 -4 16 8 -2 -4 8 -2 2
0 -5 0 8 10 -6 -7 10 -1 -2
13 -2 -2 -2 -6 38 6 -4 -8 10
8 6 0 -4 -7 6 21 -6 -1 -3
8 2 0 8 10 -4 -6 30 -2 -6
0 7 1 -2 -1 -8 -1 -2 23 6
2 7 2 2 -2 10 -3 -6 6 16

Q_cnstr 
29 10 -10 8 5 26 10 3 0 -8
10 31 8 14 2 1 -2 0 -4 -8
-10 8 26 2 10 -8 -1 4 -6 12
8 14 2 44 -4 8 0 0 -2 -4
5 2 10 -4 18 14 4 11 -4 6
26 1 -8 8 14 46 14 5 4 -12
10 -2 -1 0 4 14 17 6 -4 -16
3 0 4 0 11 5 6 26 -8 0
0 -4 -6 -2 -4 4 -4 -8 14 8
-8 -8 12 -4 6 -12 -16 0 8 57

