Q_obj 
42 6 -8 8 -18 -7 -5 -1 16 24
6 25 -18 -6 4 -4 -2 -15 -3 18
-8 -18 29 3 -6 6 7 6 7 -14
8 -6 3 28 4 -4 -6 7 15 20
-18 4 -6 4 30 2 -8 -1 10 14
-7 -4 6 -4 2 6 5 -1 -4 -8
-5 -2 7 -6 -8 5 15 4 -9 -15
-1 -15 6 7 -1 -1 4 36 7 -24
16 -3 7 15 10 -4 -9 7 38 28
24 18 -14 20 14 -8 -15 -24 28 69

Q_cnstr 
45 14 3 20 -1 -11 -2 15 -7 -15
14 19 6 2 -6 2 0 3 -2 -2
3 6 23 1 -1 -2 0 -4 0 -2
20 2 1 22 1 -11 6 -4 -10 -8
-1 -6 -1 1 10 4 -2 3 1 6
-11 2 -2 -11 4 24 7 -4 7 6
-2 0 0 6 -2 7 18 -14 -3 -9
15 3 -4 -4 3 -4 -14 35 1 7
-7 -2 0 -10 1 7 -3 1 9 0
-15 -2 -2 -8 6 6 -9 7 0 22

