Q_obj 
56 7 -10 -19 -3 8 -6 -2 13 -5 -1 4 3 17 0
7 37 2 -5 -6 -2 -6 15 -2 14 -7 3 22 22 2
-10 2 20 5 3 -1 5 4 4 6 16 8 5 4 2
-19 -5 5 25 10 5 0 8 3 0 5 0 1 -11 8
-3 -6 3 10 57 9 9 8 -32 -7 -1 -6 -10 -13 27
8 -2 -1 5 9 27 2 6 -6 -14 -3 3 10 -8 17
-6 -6 5 0 9 2 32 13 14 14 7 1 -7 0 11
-2 15 4 8 8 6 13 41 17 17 -2 5 10 19 4
13 -2 4 3 -32 -6 14 17 76 20 15 7 14 15 -15
-5 14 6 0 -7 -14 14 17 20 32 9 4 10 16 -4
-1 -7 16 5 -1 -3 7 -2 15 9 36 7 9 0 2
4 3 8 0 -6 3 1 5 7 4 7 11 8 8 -1
3 22 5 1 -10 10 -7 10 14 10 9 8 49 7 2
17 22 4 -11 -13 -8 0 19 15 16 0 8 7 33 -10
0 2 2 8 27 17 11 4 -15 -4 2 -1 2 -10 38

Q_cnstr 
24 -4 -1 6 -5 8 -23 -3 15 3 3 16 0 6 -5
-4 95 4 2 16 19 54 -8 -2 -15 3 13 35 13 0
-1 4 53 13 0 13 9 -3 -4 3 -6 4 -24 9 -10
6 2 13 50 2 -1 5 11 0 6 6 2 -4 20 8
-5 16 0 2 20 11 11 2 -7 -1 -5 7 2 8 -4
8 19 13 -1 11 47 8 6 12 4 -5 31 0 -3 -8
-23 54 9 5 11 8 83 -5 -4 -11 4 11 3 21 3
-3 -8 -3 11 2 6 -5 34 -13 2 -5 -1 6 0 8
15 -2 -4 0 -7 12 -4 -13 55 20 13 23 -20 3 6
3 -15 3 6 -1 4 -11 2 20 19 8 0 -17 -3 4
3 3 -6 6 -5 -5 4 -5 13 8 24 -4 8 -4 1
16 13 4 2 7 31 11 -1 23 0 -4 58 -12 16 -3
0 35 -24 -4 2 0 3 6 -20 -17 8 -12 67 -4 -8
6 13 9 20 8 -3 21 0 3 -3 -4 16 -4 48 1
-5 0 -10 8 -4 -8 3 8 6 4 1 -3 -8 1 23

