Q_obj 
14 1 1 -3 6 -6 4 -4 10 -7
1 27 -4 2 4 0 11 3 2 -1
1 -4 6 -2 -1 -4 -5 2 5 -2
-3 2 -2 9 0 0 -4 5 -10 -1
6 4 -1 0 20 -8 11 6 11 -3
-6 0 -4 0 -8 24 -2 -6 -8 4
4 11 -5 -4 11 -2 18 -4 9 2
-4 3 2 5 6 -6 -4 19 3 0
10 2 5 -10 11 -8 9 3 24 -3
-7 -1 -2 -1 -3 4 2 0 -3 11

Q_cnstr 
23 -2 6 2 -4 4 -8 -8 5 8
-2 11 -2 0 2 13 0 1 2 -5
6 -2 13 6 10 2 0 -4 -1 20
2 0 6 21 8 8 11 -16 -14 2
-4 2 10 8 39 2 17 -6 -7 16
4 13 2 8 2 28 -4 -8 1 -4
-8 0 0 11 17 -4 22 -9 -11 3
-8 1 -4 -16 -6 -8 -9 22 8 -1
5 2 -1 -14 -7 1 -11 8 18 -4
8 -5 20 2 16 -4 3 -1 -4 54

