Q_obj 
10 0 6 -7 3 -14 5 0 10 2
0 64 1 10 -4 13 35 -4 -6 -20
6 1 62 -7 20 5 11 -9 16 -2
-7 10 -7 32 -2 19 -9 -24 -12 -4
3 -4 20 -2 45 16 -19 -1 8 12
-14 13 5 19 16 44 -9 -8 -14 2
5 35 11 -9 -19 -9 46 19 4 -18
0 -4 -9 -24 -1 -8 19 70 -2 3
10 -6 16 -12 8 -14 4 -2 28 4
2 -20 -2 -4 12 2 -18 3 4 18

Q_cnstr 
22 7 -6 0 -1 5 -6 -4 0 -6
7 35 -4 0 -9 7 10 4 1 -28
-6 -4 26 3 7 0 9 22 5 11
0 0 3 9 4 -4 8 -8 0 8
-1 -9 7 4 25 1 10 0 -11 2
5 7 0 -4 1 27 -4 24 2 4
-6 10 9 8 10 -4 29 8 -9 -4
-4 4 22 -8 0 24 8 60 6 8
0 1 5 0 -11 2 -9 6 22 0
-6 -28 11 8 2 4 -4 8 0 54

