Q_obj 
19 9 3 -10 -2 2 1 4 3 -1
9 36 2 5 -1 5 -2 1 -1 -17
3 2 5 -2 -2 -6 1 0 3 -4
-10 5 -2 36 -5 3 -7 -8 -3 -21
-2 -1 -2 -5 7 11 5 2 -6 1
2 5 -6 3 11 46 12 -4 -18 0
1 -2 1 -7 5 12 12 -2 -4 1
4 1 0 -8 2 -4 -2 9 2 12
3 -1 3 -3 -6 -18 -4 2 11 7
-1 -17 -4 -21 1 0 1 12 7 63

Q_cnstr 
33 -13 8 7 -6 -7 7 -7 -6 -1
-13 50 -20 -17 -2 -1 4 21 -5 7
8 -20 13 6 0 1 1 -15 6 -2
7 -17 6 33 -6 3 -3 -9 6 -3
-6 -2 0 -6 8 0 4 -3 -3 -1
-7 -1 1 3 0 13 -7 7 1 0
7 4 1 -3 4 -7 26 -12 -6 4
-7 21 -15 -9 -3 7 -12 50 -22 8
-6 -5 6 6 -3 1 -6 -22 23 -3
-1 7 -2 -3 -1 0 4 8 -3 5

