Q_obj 
34 1 3 -7 -6 -10 3 1 0 10
1 26 12 -5 -3 -4 2 8 6 8
3 12 48 -3 -6 -3 -2 36 3 10
-7 -5 -3 16 -2 3 1 -10 -9 -2
-6 -3 -6 -2 36 2 -21 -8 -1 0
-10 -4 -3 3 2 6 -6 -6 -1 -4
3 2 -2 1 -21 -6 27 16 4 5
1 8 36 -10 -8 -6 16 57 12 16
0 6 3 -9 -1 -1 4 12 10 2
10 8 10 -2 0 -4 5 16 2 25

Q_cnstr 
16 -1 -3 -1 8 -7 3 -10 -4 -6
-1 8 -7 -3 -2 -3 4 1 -3 5
-3 -7 19 1 5 2 8 2 -1 -3
-1 -3 1 13 -9 3 -2 1 6 -9
8 -2 5 -9 20 -5 2 -9 1 0
-7 -3 2 3 -5 11 -4 7 5 9
3 4 8 -2 2 -4 19 -2 -9 4
-10 1 2 1 -9 7 -2 18 2 5
-4 -3 -1 6 1 5 -9 2 18 -5
-6 5 -3 -9 0 9 4 5 -5 26

