Q_obj 
18 4 10 -6 -3 0 4 13 -10 -1 -4 -8 1 2 12
4 66 -13 -11 7 5 5 20 -12 -5 -8 -3 11 -34 7
10 -13 50 7 -2 -1 0 13 7 -14 3 -10 5 -9 -6
-6 -11 7 26 4 -3 -11 -10 16 7 11 9 7 1 -9
-3 7 -2 4 14 4 -2 -3 3 6 7 3 -2 -6 7
0 5 -1 -3 4 24 -4 3 3 17 5 23 3 -11 -1
4 5 0 -11 -2 -4 22 13 -6 -5 -5 -8 -3 2 10
13 20 13 -10 -3 3 13 39 -12 4 -6 -7 7 -6 3
-10 -12 7 16 3 3 -6 -12 36 11 1 21 8 1 0
-1 -5 -14 7 6 17 -5 4 11 37 5 23 4 13 3
-4 -8 3 11 7 5 -5 -6 1 5 22 0 -6 -5 -1
-8 -3 -10 9 3 23 -8 -7 21 23 0 87 18 -11 -1
1 11 5 7 -2 3 -3 7 8 4 -6 18 17 -8 -5
2 -34 -9 1 -6 -11 2 -6 1 13 -5 -11 -8 43 0
12 7 -6 -9 7 -1 10 3 0 3 -1 -1 -5 0 35

Q_cnstr 
74 2 2 5 -11 13 8 13 16 2 12 2 0 15 14
2 39 9 3 -7 6 9 10 12 7 -9 4 -22 -1 -18
2 9 29 2 0 -7 14 5 9 6 3 17 -20 -8 4
5 3 2 9 3 7 0 6 5 10 -1 8 -4 3 -2
-11 -7 0 3 23 4 2 2 1 10 -1 1 -4 9 3
13 6 -7 7 4 30 6 9 17 2 -2 0 -6 14 -8
8 9 14 0 2 6 30 5 16 6 -2 9 -8 -3 1
13 10 5 6 2 9 5 20 0 4 -9 12 -2 8 -8
16 12 9 5 1 17 16 0 53 5 11 5 -18 2 4
2 7 6 10 10 2 6 4 5 31 -1 11 -22 7 11
12 -9 3 -1 -1 -2 -2 -9 11 -1 19 -3 -6 0 17
2 4 17 8 1 0 9 12 5 11 -3 22 -10 -1 2
0 -22 -20 -4 -4 -6 -8 -2 -18 -22 -6 -10 49 -6 -9
15 -1 -8 3 9 14 -3 8 2 7 0 -1 -6 23 5
14 -18 4 -2 3 -8 1 -8 4 11 17 2 -9 5 36

