Q_obj 
12 11 2 -2 6 10 -1 3 -9 -2
11 26 -1 2 12 8 -1 4 6 -4
2 -1 23 2 7 -15 9 2 -1 17
-2 2 2 30 -11 -2 13 8 0 -7
6 12 7 -11 61 -8 24 2 -1 -1
10 8 -15 -2 -8 56 -16 -3 -27 -16
-1 -1 9 13 24 -16 31 4 -1 2
3 4 2 8 2 -3 4 5 -1 -2
-9 6 -1 0 -1 -27 -1 -1 31 3
-2 -4 17 -7 -1 -16 2 -2 3 25

Q_cnstr 
36 19 4 10 -1 -4 1 12 -10 -7
19 50 11 10 4 1 -2 -10 -10 -6
4 11 23 13 5 0 -2 8 -11 -10
10 10 13 25 1 -4 10 2 -6 -4
-1 4 5 1 11 6 3 0 -6 -4
-4 1 0 -4 6 29 6 1 -2 -3
1 -2 -2 10 3 6 17 6 0 0
12 -10 8 2 0 1 6 51 3 -21
-10 -10 -11 -6 -6 -2 0 3 18 2
-7 -6 -10 -4 -4 -3 0 -21 2 14

