Q_obj 
31 -1 -10 -5 -12 -2 10 3 -7 -4 2 11 0 -2 -5
-1 28 11 -3 4 3 0 -1 1 -10 10 3 1 -4 -7
-10 11 22 -2 6 -8 -11 -9 1 1 8 -14 8 -6 -3
-5 -3 -2 29 -12 -1 5 3 2 8 1 -6 -1 -5 4
-12 4 6 -12 43 -11 4 -3 9 -7 -1 -4 4 -7 -18
-2 3 -8 -1 -11 34 -2 6 -5 -8 -3 0 14 11 2
10 0 -11 5 4 -2 17 6 -4 -8 -3 7 -1 -7 -12
3 -1 -9 3 -3 6 6 13 1 4 -5 12 4 2 9
-7 1 1 2 9 -5 -4 1 19 13 2 7 3 4 10
-4 -10 1 8 -7 -8 -8 4 13 42 8 15 0 7 20
2 10 8 1 -1 -3 -3 -5 2 8 24 5 2 4 3
11 3 -14 -6 -4 0 7 12 7 15 5 50 -12 -2 24
0 1 8 -1 4 14 -1 4 3 0 2 -12 59 -4 1
-2 -4 -6 -5 -7 11 -7 2 4 7 4 -2 -4 25 4
-5 -7 -3 4 -18 2 -12 9 10 20 3 24 1 4 59

Q_cnstr 
44 1 3 0 -7 -7 -4 -8 -15 -6 16 -3 -14 -14 -10
1 17 1 -8 6 -3 0 8 9 -15 -9 4 -3 0 -7
3 1 53 -2 11 -9 7 5 12 -7 -3 -15 -7 -25 3
0 -8 -2 20 2 -2 -4 4 -2 7 18 -4 -1 7 12
-7 6 11 2 31 0 5 9 1 -11 -8 2 -10 4 -5
-7 -3 -9 -2 0 18 -7 -7 5 -1 -4 3 4 -2 3
-4 0 7 -4 5 -7 17 6 -8 6 -10 -2 -1 4 -3
-8 8 5 4 9 -7 6 45 -8 2 -1 9 -11 24 16
-15 9 12 -2 1 5 -8 -8 52 -7 -2 -2 10 -18 10
-6 -15 -7 7 -11 -1 6 2 -7 48 1 -7 6 7 8
16 -9 -3 18 -8 -4 -10 -1 -2 1 29 -2 -5 -3 11
-3 4 -15 -4 2 3 -2 9 -2 -7 -2 15 -1 13 3
-14 -3 -7 -1 -10 4 -1 -11 10 6 -5 -1 18 2 -3
-14 0 -25 7 4 -2 4 24 -18 7 -3 13 2 45 14
-10 -7 3 12 -5 3 -3 16 10 8 11 3 -3 14 41

