Q_obj 
24 5 -4 -7 -6 -3 15 -9 3 1
5 14 -9 -7 2 -3 8 -8 -6 0
-4 -9 34 -12 -5 1 -11 14 4 17
-7 -7 -12 30 0 1 3 3 0 -9
-6 2 -5 0 7 2 -8 -1 0 -3
-3 -3 1 1 2 14 -9 2 3 10
15 8 -11 3 -8 -9 44 -10 1 -3
-9 -8 14 3 -1 2 -10 14 -3 2
3 -6 4 0 0 3 1 -3 20 12
1 0 17 -9 -3 10 -3 2 12 29

Q_cnstr 
39 4 -1 -7 8 -6 13 12 -9 -5
4 28 6 -7 19 -3 -5 -2 1 28
-1 6 16 -8 -2 6 2 -9 -5 1
-7 -7 -8 48 -15 19 3 3 3 1
8 19 -2 -15 36 -15 2 -2 9 15
-6 -3 6 19 -15 30 2 -4 0 2
13 -5 2 3 2 2 15 2 -5 -17
12 -2 -9 3 -2 -4 2 18 -8 -3
-9 1 -5 3 9 0 -5 -8 14 11
-5 28 1 1 15 2 -17 -3 11 50

