Q_obj 
37 -2 -3 4 -2 -3 13 9 -6 -16 18 0 6 2 3
-2 20 2 -3 -7 3 -7 11 -5 2 7 11 17 3 -16
-3 2 67 0 6 14 -26 -4 4 12 -18 -4 -4 -2 -12
4 -3 0 23 -5 0 4 13 1 4 4 -9 -6 -7 4
-2 -7 6 -5 21 -3 -3 -7 -15 5 -15 -2 -5 -6 0
-3 3 14 0 -3 6 -6 -3 10 2 -1 1 1 1 -3
13 -7 -26 4 -3 -6 50 8 -2 -1 4 -4 -5 -9 1
9 11 -4 13 -7 -3 8 41 -11 3 22 4 8 -5 -7
-6 -5 4 1 -15 10 -2 -11 55 -1 3 5 2 0 17
-16 2 12 4 5 2 -1 3 -1 36 -22 3 0 -2 -13
18 7 -18 4 -15 -1 4 22 3 -22 73 4 3 -8 9
0 11 -4 -9 -2 1 -4 4 5 3 4 15 14 4 -7
6 17 -4 -6 -5 1 -5 8 2 0 3 14 42 4 -13
2 3 -2 -7 -6 1 -9 -5 0 -2 -8 4 4 29 -6
3 -16 -12 4 0 -3 1 -7 17 -13 9 -7 -13 -6 26

Q_cnstr 
88 16 7 9 13 -9 7 -11 10 -9 -7 7 2 -7 -5
16 16 -1 -2 2 6 4 -3 1 -7 -2 6 2 -8 -1
7 -1 21 7 2 -10 0 -2 18 -9 -4 -8 -7 -9 -6
9 -2 7 43 -10 2 21 -6 -1 -1 -1 -8 -4 13 -10
13 2 2 -10 25 -10 -4 4 15 -3 -5 -3 0 -1 14
-9 6 -10 2 -10 28 5 6 -18 -5 15 4 8 11 -2
7 4 0 21 -4 5 49 -2 -9 -4 -3 4 -12 -6 -10
-11 -3 -2 -6 4 6 -2 11 -3 -2 8 2 4 7 9
10 1 18 -1 15 -18 -9 -3 51 -12 9 -14 3 -15 10
-9 -7 -9 -1 -3 -5 -4 -2 -12 18 -5 0 -2 13 6
-7 -2 -4 -1 -5 15 -3 8 9 -5 42 -3 10 2 15
7 6 -8 -8 -3 4 4 2 -14 0 -3 18 1 -1 -2
2 2 -7 -4 0 8 -12 4 3 -2 10 1 16 12 7
-7 -8 -9 13 -1 11 -6 7 -15 13 2 -1 12 58 9
-5 -1 -6 -10 14 -2 -10 9 10 6 15 -2 7 9 27

