Q_obj 
14 -11 1 6 -4 -6 -7 4 2 -11
-11 20 -2 -7 5 0 4 1 5 8
1 -2 8 -2 4 0 3 2 -3 -5
6 -7 -2 17 -3 -6 9 -5 5 -3
-4 5 4 -3 15 3 -1 -6 -2 -4
-6 0 0 -6 3 13 1 4 -10 9
-7 4 3 9 -1 1 27 -5 -2 8
4 1 2 -5 -6 4 -5 26 0 11
2 5 -3 5 -2 -10 -2 0 13 1
-11 8 -5 -3 -4 9 8 11 1 30

Q_cnstr 
14 -8 4 -5 -2 -4 4 -1 3 0
-8 81 15 6 0 -19 0 6 19 12
4 15 19 9 1 -9 10 4 13 2
-5 6 9 23 0 0 15 7 6 -2
-2 0 1 0 31 19 10 -4 5 -10
-4 -19 -9 0 19 44 16 7 -6 -5
4 0 10 15 10 16 30 10 4 2
-1 6 4 7 -4 7 10 26 -11 13
3 19 13 6 5 -6 4 -11 31 -3
0 12 2 -2 -10 -5 2 13 -3 17

