Q_obj 
21 0 0 9 -3 -2 4 3 -5 -3
0 13 7 7 0 2 -4 8 -4 -2
0 7 20 3 -3 -5 -1 4 -2 3
9 7 3 27 -1 1 0 13 -11 -14
-3 0 -3 -1 11 15 -6 3 1 2
-2 2 -5 1 15 33 -6 1 -3 -5
4 -4 -1 0 -6 -6 11 -6 -2 -3
3 8 4 13 3 1 -6 13 -4 -3
-5 -4 -2 -11 1 -3 -2 -4 15 9
-3 -2 3 -14 2 -5 -3 -3 9 14

Q_cnstr 
23 -2 -2 -4 -14 5 -11 2 6 9
-2 14 -2 0 -8 7 -2 0 3 -6
-2 -2 19 -2 5 11 7 -9 -1 -1
-4 0 -2 13 8 -4 -2 2 -3 -1
-14 -8 5 8 43 -15 1 -8 -16 -9
5 7 11 -4 -15 27 1 -9 8 5
-11 -2 7 -2 1 1 13 -2 -3 -4
2 0 -9 2 -8 -9 -2 15 -6 1
6 3 -1 -3 -16 8 -3 -6 27 1
9 -6 -1 -1 -9 5 -4 1 1 16

