Q_obj 
23 20 -5 6 -14 -1 -1 -4 3 -4
20 44 4 11 -21 2 5 -13 6 -10
-5 4 35 13 14 8 7 -4 -11 1
6 11 13 22 11 -4 -1 6 -3 -5
-14 -21 14 11 48 -2 3 25 -2 12
-1 2 8 -4 -2 22 0 -13 2 7
-1 5 7 -1 3 0 7 4 -4 1
-4 -13 -4 6 25 -13 4 37 -2 3
3 6 -11 -3 -2 2 -4 -2 37 9
-4 -10 1 -5 12 7 1 3 9 15

Q_cnstr 
36 -9 -5 5 2 -24 9 -1 -2 2
-9 10 -5 1 5 12 1 1 -8 2
-5 -5 39 16 0 -6 12 -8 0 -1
5 1 16 31 4 -14 2 3 -1 5
2 5 0 4 16 7 12 -8 -6 -4
-24 12 -6 -14 7 33 6 -9 -4 -6
9 1 12 2 12 6 26 -20 -6 -7
-1 1 -8 3 -8 -9 -20 27 -1 9
-2 -8 0 -1 -6 -4 -6 -1 18 -5
2 2 -1 5 -4 -6 -7 9 -5 9

