Q_obj 
15 5 -2 -1 3 0 4 2 8 -3
5 19 -7 1 3 -9 5 2 -30 -3
-2 -7 12 -5 -5 -3 -1 6 3 -7
-1 1 -5 26 -9 21 -7 -2 -4 -2
3 3 -5 -9 14 -5 4 -2 10 3
0 -9 -3 21 -5 45 -4 14 27 -1
4 5 -1 -7 4 -4 14 6 -15 1
2 2 6 -2 -2 14 6 51 -17 -11
8 -30 3 -4 10 27 -15 -17 131 1
-3 -3 -7 -2 3 -1 1 -11 1 12

Q_cnstr 
27 14 15 7 -12 8 9 8 2 8
14 22 11 -1 -8 0 -1 -7 -1 6
15 11 15 12 -13 4 -1 4 5 7
7 -1 12 31 -8 0 7 14 1 11
-12 -8 -13 -8 27 -4 18 -14 -3 0
8 0 4 0 -4 16 0 0 0 0
9 -1 -1 7 18 0 46 -1 12 11
8 -7 4 14 -14 0 -1 27 -2 3
2 -1 5 1 -3 0 12 -2 44 15
8 6 7 11 0 0 11 3 15 18

