Q_obj 
17 1 -4 7 -6 0 -2 5 -4 3
1 10 -1 1 8 5 4 4 0 4
-4 -1 7 -4 5 -5 0 -1 9 3
7 1 -4 28 -16 2 22 4 -12 -8
-6 8 5 -16 94 8 2 5 5 -3
0 5 -5 2 8 21 0 -2 -4 0
-2 4 0 22 2 0 34 1 -6 0
5 4 -1 4 5 -2 1 6 -1 -3
-4 0 9 -12 5 -4 -6 -1 21 5
3 4 3 -8 -3 0 0 -3 5 23

Q_cnstr 
34 32 13 9 5 7 0 7 -2 8
32 56 19 10 1 -12 2 -1 -11 6
13 19 16 11 8 -2 4 3 4 2
9 10 11 21 3 2 2 3 9 10
5 1 8 3 18 12 -1 9 4 4
7 -12 -2 2 12 31 -6 7 0 4
0 2 4 2 -1 -6 5 -2 0 -2
7 -1 3 3 9 7 -2 12 11 10
-2 -11 4 9 4 0 0 11 29 3
8 6 2 10 4 4 -2 10 3 33

