Q_obj 
28 -1 -4 -1 -15 1 -1 -9 7 4
-1 36 15 -15 0 -12 -9 -6 5 8
-4 15 25 -6 18 -8 -4 -4 3 6
-1 -15 -6 9 6 6 1 5 -3 -5
-15 0 18 6 53 -10 5 -6 -11 -1
1 -12 -8 6 -10 17 2 6 6 -1
-1 -9 -4 1 5 2 19 -9 -3 4
-9 -6 -4 5 -6 6 -9 19 -4 -10
7 5 3 -3 -11 6 -3 -4 18 7
4 8 6 -5 -1 -1 4 -10 7 11

Q_cnstr 
14 -8 -1 0 -1 -1 -2 -10 -7 1
-8 33 0 -8 -16 0 16 0 0 2
-1 0 18 9 -8 3 3 9 1 5
0 -8 9 26 6 3 -5 3 11 5
-1 -16 -8 6 30 4 -10 1 -7 -4
-1 0 3 3 4 9 3 1 -3 5
-2 16 3 -5 -10 3 13 0 0 4
-10 0 9 3 1 1 0 15 8 2
-7 0 1 11 -7 -3 0 8 36 9
1 2 5 5 -4 5 4 2 9 9

