Q_obj 
15 -17 -1 -6 8 2 3 5 8 2
-17 54 20 9 -11 0 -8 -6 -18 3
-1 20 15 -6 -2 5 -1 8 -6 7
-6 9 -6 22 0 -8 -2 -21 -3 -2
8 -11 -2 0 16 3 3 -6 1 5
2 0 5 -8 3 9 2 8 -7 7
3 -8 -1 -2 3 2 3 2 2 2
5 -6 8 -21 -6 8 2 31 -3 1
8 -18 -6 -3 1 -7 2 -3 22 -3
2 3 7 -2 5 7 2 1 -3 25

Q_cnstr 
16 -4 1 8 -5 -1 0 -1 0 9
-4 33 2 1 -6 -14 -28 -6 -18 -32
1 2 2 0 -1 -1 -1 0 0 1
8 1 0 30 -10 7 -6 2 4 12
-5 -6 -1 -10 10 4 7 2 8 -2
-1 -14 -1 7 4 19 -7 0 10 12
0 -28 -1 -6 7 -7 78 16 32 39
-1 -6 0 2 2 0 16 14 16 13
0 -18 0 4 8 10 32 16 40 33
9 -32 1 12 -2 12 39 13 33 54

