Q_obj 
29 -13 2 8 -1 5 8 6 -23 0 7 -1 1 -4 -4
-13 67 -5 24 -4 2 10 10 26 0 11 -13 1 15 3
2 -5 7 1 5 -6 3 0 -2 -10 -2 1 -2 1 -1
8 24 1 54 0 0 16 17 7 -4 7 -24 14 10 3
-1 -4 5 0 35 -9 6 9 5 -3 12 24 4 13 2
5 2 -6 0 -9 22 -9 10 2 10 15 1 -1 0 -7
8 10 3 16 6 -9 39 -8 -17 11 -1 4 15 1 -5
6 10 0 17 9 10 -8 31 4 0 10 -3 -8 12 3
-23 26 -2 7 5 2 -17 4 51 -22 9 1 12 0 8
0 0 -10 -4 -3 10 11 0 -22 74 1 7 5 6 5
7 11 -2 7 12 15 -1 10 9 1 63 15 -12 17 5
-1 -13 1 -24 24 1 4 -3 1 7 15 47 -8 4 -12
1 1 -2 14 4 -1 15 -8 12 5 -12 -8 62 -10 6
-4 15 1 10 13 0 1 12 0 6 17 4 -10 27 1
-4 3 -1 3 2 -7 -5 3 8 5 5 -12 6 1 42

Q_cnstr 
70 4 4 34 6 25 11 -12 -8 36 0 8 10 14 23
4 28 13 -3 1 23 7 -4 1 6 -6 5 -3 8 10
4 13 41 -9 -22 7 8 -1 10 0 1 2 -6 -6 -3
34 -3 -9 42 4 7 9 -6 -5 18 -15 8 12 13 7
6 1 -22 4 39 11 -9 9 8 6 4 6 15 9 14
25 23 7 7 11 62 10 -7 -3 -4 -4 9 -8 14 15
11 7 8 9 -9 10 41 -5 4 -6 -4 0 6 13 0
-12 -4 -1 -6 9 -7 -5 28 12 4 -5 10 5 1 11
-8 1 10 -5 8 -3 4 12 29 -6 1 -2 6 10 -6
36 6 0 18 6 -4 -6 4 -6 50 -3 10 10 0 21
0 -6 1 -15 4 -4 -4 -5 1 -3 27 -16 -4 -15 -5
8 5 2 8 6 9 0 10 -2 10 -16 27 10 -1 13
10 -3 -6 12 15 -8 6 5 6 10 -4 10 25 11 6
14 8 -6 13 9 14 13 1 10 0 -15 -1 11 42 9
23 10 -3 7 14 15 0 11 -6 21 -5 13 6 9 37

