Q_obj 
23 13 0 2 -7 -4 4 -3 -2 -3
13 22 10 1 -1 -5 5 -3 -7 -10
0 10 19 -8 5 -1 4 2 -3 -7
2 1 -8 27 -7 1 -10 0 7 1
-7 -1 5 -7 21 0 12 10 -3 2
-4 -5 -1 1 0 4 1 0 8 1
4 5 4 -10 12 1 22 1 0 5
-3 -3 2 0 10 0 1 11 1 -1
-2 -7 -3 7 -3 8 0 1 20 -2
-3 -10 -7 1 2 1 5 -1 -2 15

Q_cnstr 
13 -1 0 4 -6 3 0 2 0 2
-1 12 1 6 -1 -13 1 8 -4 -1
0 1 24 -14 -3 -5 -1 -1 17 3
4 6 -14 28 0 -1 4 3 -13 -5
-6 -1 -3 0 10 0 0 -4 -8 6
3 -13 -5 -1 0 36 -1 0 4 19
0 1 -1 4 0 -1 6 1 -3 -3
2 8 -1 3 -4 0 1 25 3 2
0 -4 17 -13 -8 4 -3 3 25 -4
2 -1 3 -5 6 19 -3 2 -4 34

