Q_obj 
103 6 20 12 20 -6 -8 8 1 4 36 18 16 19 -3
6 62 2 -2 -6 -5 14 13 9 -20 -13 -24 -17 -12 -6
20 2 40 8 18 -2 0 13 3 1 11 -3 4 -7 -20
12 -2 8 32 1 -8 -1 13 6 2 1 9 2 11 -3
20 -6 18 1 31 1 3 2 4 14 10 -5 4 9 -15
-6 -5 -2 -8 1 27 6 1 -7 -17 -11 7 3 -13 0
-8 14 0 -1 3 6 23 1 -6 -2 -8 -11 7 -6 -2
8 13 13 13 2 1 1 31 15 -15 -2 11 -7 -4 -10
1 9 3 6 4 -7 -6 15 33 -3 12 6 -9 5 -8
4 -20 1 2 14 -17 -2 -15 -3 44 18 1 4 14 15
36 -13 11 1 10 -11 -8 -2 12 18 49 22 5 7 5
18 -24 -3 9 -5 7 -11 11 6 1 22 40 0 3 14
16 -17 4 2 4 3 7 -7 -9 4 5 0 33 0 -2
19 -12 -7 11 9 -13 -6 -4 5 14 7 3 0 36 -4
-3 -6 -20 -3 -15 0 -2 -10 -8 15 5 14 -2 -4 36

Q_cnstr 
40 1 -7 6 -2 2 -2 1 17 4 8 -2 -13 -2 7
1 15 -6 -6 1 1 -5 -13 1 -3 13 11 -2 -2 2
-7 -6 30 2 4 -14 -7 16 -5 -5 -24 9 10 -5 -3
6 -6 2 41 -20 -5 12 -2 18 -11 2 -21 16 -4 -4
-2 1 4 -20 27 -6 -4 -1 -5 7 -1 8 -2 4 20
2 1 -14 -5 -6 65 -12 -3 -14 10 18 -15 -5 5 -23
-2 -5 -7 12 -4 -12 39 -11 -9 10 5 -4 16 0 2
1 -13 16 -2 -1 -3 -11 43 3 13 -19 -1 0 -3 -6
17 1 -5 18 -5 -14 -9 3 47 -5 0 -4 -2 -1 15
4 -3 -5 -11 7 10 10 13 -5 47 8 15 8 -6 11
8 13 -24 2 -1 18 5 -19 0 8 44 0 -9 7 -2
-2 11 9 -21 8 -15 -4 -1 -4 15 0 50 -10 -6 9
-13 -2 10 16 -2 -5 16 0 -2 8 -9 -10 37 -12 5
-2 -2 -5 -4 4 5 0 -3 -1 -6 7 -6 -12 22 -2
7 2 -3 -4 20 -23 2 -6 15 11 -2 9 5 -2 42

