Q_obj 
48 26 7 5 10 13 23 -1 6 7 -9 -10 10 7 16
26 57 0 8 4 18 18 -8 4 8 6 -6 -1 -3 -1
7 0 17 -2 -1 9 -1 -5 10 -1 -6 3 -7 6 -11
5 8 -2 25 -2 -9 -1 3 -1 13 -6 -1 6 -1 5
10 4 -1 -2 12 7 7 -1 3 -2 -3 -5 4 7 5
13 18 9 -9 7 37 5 -12 7 -3 -1 0 -2 -1 -4
23 18 -1 -1 7 5 54 3 -10 4 -20 -11 13 4 16
-1 -8 -5 3 -1 -12 3 37 -14 -6 -10 8 16 -5 12
6 4 10 -1 3 7 -10 -14 22 -3 10 1 -12 9 -14
7 8 -1 13 -2 -3 4 -6 -3 19 -10 -4 6 -2 1
-9 6 -6 -6 -3 -1 -20 -10 10 -10 30 1 -13 -3 -7
-10 -6 3 -1 -5 0 -11 8 1 -4 1 23 6 1 -12
10 -1 -7 6 4 -2 13 16 -12 6 -13 6 30 -1 13
7 -3 6 -1 7 -1 4 -5 9 -2 -3 1 -1 13 -3
16 -1 -11 5 5 -4 16 12 -14 1 -7 -12 13 -3 30

Q_cnstr 
51 -9 1 10 7 6 1 5 -13 -3 4 2 3 2 -10
-9 51 -15 -7 9 -2 -5 12 17 4 1 -2 -1 -5 -3
1 -15 47 -9 2 3 -14 6 2 -2 -3 -5 4 30 0
10 -7 -9 46 -4 4 6 8 0 -7 3 7 -1 2 -11
7 9 2 -4 27 12 8 11 -1 -8 5 7 6 4 5
6 -2 3 4 12 26 1 23 1 -7 12 2 5 -10 3
1 -5 -14 6 8 1 37 5 10 6 4 2 6 -12 -5
5 12 6 8 11 23 5 45 14 -8 10 2 5 -3 -2
-13 17 2 0 -1 1 10 14 35 8 3 -8 4 4 -5
-3 4 -2 -7 -8 -7 6 -8 8 14 -3 -8 -3 -1 -7
4 1 -3 3 5 12 4 10 3 -3 10 2 5 -8 -1
2 -2 -5 7 7 2 2 2 -8 -8 2 15 2 0 -4
3 -1 4 -1 6 5 6 5 4 -3 5 2 10 -3 -1
2 -5 30 2 4 -10 -12 -3 4 -1 -8 0 -3 61 -5
-10 -3 0 -11 5 3 -5 -2 -5 -7 -1 -4 -1 -5 25

