Q_obj 
46 14 2 7 10 15 14 -4 4 -8
14 15 5 -1 11 2 7 2 -1 -10
2 5 50 -10 -7 -3 3 15 12 14
7 -1 -10 31 17 -3 -3 -19 -4 -10
10 11 -7 17 51 -12 3 -18 -21 -12
15 2 -3 -3 -12 15 5 3 3 8
14 7 3 -3 3 5 11 -3 -5 4
-4 2 15 -19 -18 3 -3 26 18 -10
4 -1 12 -4 -21 3 -5 18 30 -18
-8 -10 14 -10 -12 8 4 -10 -18 62

Q_cnstr 
42 -4 12 8 21 16 1 17 6 13
-4 26 -2 4 -2 -4 -12 0 -4 2
12 -2 29 1 10 -6 21 7 -8 13
8 4 1 10 7 4 4 -1 4 11
21 -2 10 7 22 8 6 5 8 12
16 -4 -6 4 8 18 -6 1 7 8
1 -12 21 4 6 -6 36 -7 -6 17
17 0 7 -1 5 1 -7 18 -2 -3
6 -4 -8 4 8 7 -6 -2 13 -4
13 2 13 11 12 8 17 -3 -4 32

