Q_obj 
26 -6 9 9 9 2 9 -13 -8 1 10 -2 -7 -3 0
-6 9 1 -2 5 -6 6 4 1 -5 -4 -8 6 -4 -3
9 1 53 -3 13 -13 20 -8 1 -2 11 -21 1 6 3
9 -2 -3 24 -4 4 2 -8 5 4 1 6 -9 9 13
9 5 13 -4 29 -10 15 -2 4 2 9 -16 2 -2 -3
2 -6 -13 4 -10 38 -15 15 4 14 9 33 -15 -14 -2
9 6 20 2 15 -15 35 -14 1 -6 -3 -17 -5 9 -1
-13 4 -8 -8 -2 15 -14 26 5 8 3 5 0 -13 -1
-8 1 1 5 4 4 1 5 24 21 4 2 -1 -1 14
1 -5 -2 4 2 14 -6 8 21 39 12 6 -10 -12 16
10 -4 11 1 9 9 -3 3 4 12 29 -1 -1 -14 3
-2 -8 -21 6 -16 33 -17 5 2 6 -1 58 -1 -1 -6
-7 6 1 -9 2 -15 -5 0 -1 -10 -1 -1 32 -6 -7
-3 -4 6 9 -2 -14 9 -13 -1 -12 -14 -1 -6 52 2
0 -3 3 13 -3 -2 -1 -1 14 16 3 -6 -7 2 21

Q_cnstr 
45 32 16 -3 3 -1 6 0 12 4 3 6 -6 8 1
32 51 8 -5 -9 0 6 -1 22 -10 -1 8 1 6 -8
16 8 43 -7 12 7 5 3 12 20 23 -12 3 2 -7
-3 -5 -7 35 15 3 -14 7 0 -8 27 -2 -8 16 -13
3 -9 12 15 21 1 -10 3 -7 11 12 -10 -1 11 -13
-1 0 7 3 1 27 -1 -2 2 20 12 0 -4 6 3
6 6 5 -14 -10 -1 19 -5 9 -2 6 1 8 -3 11
0 -1 3 7 3 -2 -5 32 4 -7 20 3 1 -8 6
12 22 12 0 -7 2 9 4 24 1 22 1 1 5 4
4 -10 20 -8 11 20 -2 -7 1 83 -6 0 3 7 5
3 -1 23 27 12 12 6 20 22 -6 95 -4 -17 -1 3
6 8 -12 -2 -10 0 1 3 1 0 -4 22 -8 -12 5
-6 1 3 -8 -1 -4 8 1 1 3 -17 -8 27 9 -1
8 6 2 16 11 6 -3 -8 5 7 -1 -12 9 43 -3
1 -8 -7 -13 -13 3 11 6 4 5 3 5 -1 -3 34

