Q_obj 
37 -2 10 11 21 -5 -5 2 15 -13 3 10 -5 6 0
-2 30 -11 5 -5 -6 14 5 -7 -11 9 -5 3 -8 10
10 -11 21 -7 5 2 -1 0 -5 4 -12 8 6 3 -2
11 5 -7 57 4 0 26 4 16 -2 2 12 5 -1 -6
21 -5 5 4 26 3 11 7 19 -3 2 4 1 9 -6
-5 -6 2 0 3 19 9 -12 -5 8 -5 -3 4 -6 -4
-5 14 -1 26 11 9 93 16 10 18 -2 14 19 6 9
2 5 0 4 7 -12 16 32 5 1 5 6 1 11 -8
15 -7 -5 16 19 -5 10 5 61 -14 2 12 0 16 0
-13 -11 4 -2 -3 8 18 1 -14 46 -7 10 4 -3 -12
3 9 -12 2 2 -5 -2 5 2 -7 17 -5 -5 1 2
10 -5 8 12 4 -3 14 6 12 10 -5 29 -2 9 -12
-5 3 6 5 1 4 19 1 0 4 -5 -2 18 -3 -2
6 -8 3 -1 9 -6 6 11 16 -3 1 9 -3 16 -7
0 10 -2 -6 -6 -4 9 -8 0 -12 2 -12 -2 -7 42

Q_cnstr 
28 10 -4 3 -1 -11 14 7 -4 -2 -3 -3 16 3 9
10 34 7 0 9 -17 -8 11 11 3 6 -3 24 -14 6
-4 7 33 -2 11 4 -15 -5 3 -5 9 -3 -7 -18 -17
3 0 -2 35 -9 -1 -13 -6 -16 -5 9 0 -3 -3 5
-1 9 11 -9 37 -4 -1 0 -3 12 -2 -4 10 -9 -11
-11 -17 4 -1 -4 37 -14 0 -8 7 12 1 -14 7 6
14 -8 -15 -13 -1 -14 52 -6 6 -5 -9 -1 5 15 19
7 11 -5 -6 0 0 -6 21 3 -1 -1 -1 10 2 6
-4 11 3 -16 -3 -8 6 3 29 -1 4 3 9 6 -1
-2 3 -5 -5 12 7 -5 -1 -1 36 -2 3 6 -1 -3
-3 6 9 9 -2 12 -9 -1 4 -2 29 -3 -2 -9 12
-3 -3 -3 0 -4 1 -1 -1 3 3 -3 10 -3 2 -4
16 24 -7 -3 10 -14 5 10 9 6 -2 -3 32 5 9
3 -14 -18 -3 -9 7 15 2 6 -1 -9 2 5 37 10
9 6 -17 5 -11 6 19 6 -1 -3 12 -4 9 10 43

