Q_obj 
11 1 12 7 4 4 7 1 1 9
1 11 6 3 4 -6 2 -1 6 12
12 6 26 6 8 0 8 8 6 22
7 3 6 22 6 2 10 2 -5 9
4 4 8 6 12 -4 7 -2 6 7
4 -6 0 2 -4 13 4 -5 -6 -4
7 2 8 10 7 4 18 -4 5 0
1 -1 8 2 -2 -5 -4 19 -7 11
1 6 6 -5 6 -6 5 -7 20 8
9 12 22 9 7 -4 0 11 8 77

Q_cnstr 
52 13 20 21 15 23 -6 3 19 10
13 34 27 -6 15 -6 -10 10 -2 -11
20 27 47 10 10 5 0 8 10 -8
21 -6 10 49 -10 25 6 -7 36 26
15 15 10 -10 31 -19 -6 4 -10 -17
23 -6 5 25 -19 61 -3 -9 24 22
-6 -10 0 6 -6 -3 11 -3 8 -4
3 10 8 -7 4 -9 -3 10 -8 -1
19 -2 10 36 -10 24 8 -8 45 6
10 -11 -8 26 -17 22 -4 -1 6 84

