Q_obj 
47 9 3 3 6 11 -2 10 -1 -6
9 16 5 -2 9 6 8 17 -6 -10
3 5 7 1 4 -1 4 3 -5 -2
3 -2 1 6 -3 0 0 -1 -4 -4
6 9 4 -3 20 4 9 15 -15 -1
11 6 -1 0 4 8 1 3 -2 -4
-2 8 4 0 9 1 13 19 -10 -3
10 17 3 -1 15 3 19 46 -12 -8
-1 -6 -5 -4 -15 -2 -10 -12 26 16
-6 -10 -2 -4 -1 -4 -3 -8 16 45

Q_cnstr 
7 1 1 -4 -3 0 -1 0 -2 -4
1 23 -4 -6 -8 -4 -7 2 1 8
1 -4 28 19 5 -3 5 1 -11 1
-4 -6 19 40 8 0 4 -4 -17 22
-3 -8 5 8 7 -1 -1 0 -2 5
0 -4 -3 0 -1 4 4 2 1 0
-1 -7 5 4 -1 4 21 3 -2 0
0 2 1 -4 0 2 3 21 3 2
-2 1 -11 -17 -2 1 -2 3 14 -8
-4 8 1 22 5 0 0 2 -8 61

