Q_obj 
97 -4 -6 9 -2 -15 -34 -1 -16 -36 4 35 -44 7 -5
-4 29 4 3 -11 -7 5 4 -4 5 8 8 -2 -9 0
-6 4 16 -7 0 -5 2 -3 1 6 1 5 5 2 8
9 3 -7 45 17 1 -6 6 -7 16 1 2 2 2 5
-2 -11 0 17 45 9 -1 6 8 6 -6 -4 11 26 5
-15 -7 -5 1 9 96 -6 14 23 16 1 -19 46 -16 20
-34 5 2 -6 -1 -6 37 3 2 10 -5 -9 3 -13 9
-1 4 -3 6 6 14 3 10 -2 2 -3 -6 14 0 5
-16 -4 1 -7 8 23 2 -2 41 16 22 -17 16 6 12
-36 5 6 16 6 16 10 2 16 40 20 -17 33 -4 22
4 8 1 1 -6 1 -5 -3 22 20 55 -2 2 8 5
35 8 5 2 -4 -19 -9 -6 -17 -17 -2 58 -28 -5 -1
-44 -2 5 2 11 46 3 14 16 33 2 -28 73 -2 26
7 -9 2 2 26 -16 -13 0 6 -4 8 -5 -2 57 -12
-5 0 8 5 5 20 9 5 12 22 5 -1 26 -12 36

Q_cnstr 
13 -9 1 -2 -12 -3 6 -5 2 5 -4 -2 -3 0 6
-9 22 5 7 14 -4 -11 11 0 -15 6 -2 -5 -8 -6
1 5 42 -12 -2 -19 15 -29 5 3 -3 11 9 3 -3
-2 7 -12 24 9 -2 -9 3 4 5 5 2 -3 -11 -15
-12 14 -2 9 84 -2 -14 15 7 -1 24 -17 -12 21 -25
-3 -4 -19 -2 -2 22 -11 19 0 -2 -3 -1 2 1 7
6 -11 15 -9 -14 -11 37 -28 0 19 3 11 7 12 16
-5 11 -29 3 15 19 -28 68 -2 -16 -2 -1 -6 -20 12
2 0 5 4 7 0 0 -2 15 16 5 8 8 -11 -7
5 -15 3 5 -1 -2 19 -16 16 39 3 21 20 -7 -1
-4 6 -3 5 24 -3 3 -2 5 3 37 -9 -10 -1 -11
-2 -2 11 2 -17 -1 11 -1 8 21 -9 37 19 -15 10
-3 -5 9 -3 -12 2 7 -6 8 20 -10 19 34 -23 3
0 -8 3 -11 21 1 12 -20 -11 -7 -1 -15 -23 67 3
6 -6 -3 -15 -25 7 16 12 -7 -1 -11 10 3 3 36

