Q_obj 
341 79 -93 -68 -9 55 65 6 45 -111 41 39 32 -24 39 -130 -25 62 11 33 99 49 9 -22 6 125 -95 -23 -7 74 60 29 43 25 -106
79 360 42 -64 3 -7 2 34 3 14 82 -18 -40 69 7 -31 33 11 0 38 31 39 -14 21 33 -39 -143 -50 -22 155 55 -15 -2 64 -48
-93 42 427 -14 7 -28 -19 47 -103 -54 22 -58 22 -36 19 129 -125 -123 -55 31 47 -20 35 -22 -43 18 88 -108 50 -41 32 -26 8 150 -15
-68 -64 -14 360 69 -69 86 17 -59 68 -10 -31 -106 -56 20 -36 -66 15 74 28 50 42 37 -48 -73 -92 -105 -45 55 -24 -20 69 46 -57 173
-9 3 7 69 385 -24 101 126 29 -65 2 -56 -34 51 31 -64 -52 -63 41 87 -42 34 -71 11 30 55 8 -39 39 -63 -62 -7 99 27 96
55 -7 -28 -69 -24 352 26 72 9 -19 5 18 38 -18 -72 -43 -13 -40 19 -35 -94 30 -50 -20 38 0 126 -11 27 28 -32 -93 -15 38 -67
65 2 -19 86 101 26 361 33 21 -18 -24 -27 -15 22 -5 -4 -114 -49 35 -48 -68 64 25 -24 43 2 -57 23 59 90 -12 4 21 -16 132
6 34 47 17 126 72 33 391 -12 -80 43 -58 111 140 65 -31 -106 -98 -3 139 -119 -84 -5 17 56 -66 67 -70 -87 69 -31 -82 114 2 39
45 3 -103 -59 29 9 21 -12 279 0 -110 66 88 14 -16 -21 -1 -57 31 -20 -81 79 -36 -57 76 38 -24 -91 -42 -16 -15 83 70 -122 9
-111 14 -54 68 -65 -19 -18 -80 0 353 -6 76 -2 -6 -34 -3 -53 27 -22 -86 18 -23 -13 7 -28 -76 -1 55 35 14 89 28 -107 -45 105
41 82 22 -10 2 5 -24 43 -110 -6 283 -4 -57 47 27 -43 63 -3 -4 18 46 -19 39 80 -103 -15 -56 39 21 119 -44 -111 -49 115 -67
39 -18 -58 -31 -56 18 -27 -58 66 76 -4 390 21 -1 -61 52 32 25 -24 -87 -26 -117 -102 0 -88 20 32 -17 -48 47 54 9 48 89 -123
32 -40 22 -106 -34 38 -15 111 88 -2 -57 21 341 42 -61 -43 -14 -72 56 -7 -107 -63 -31 -75 82 -48 53 6 -51 114 76 53 62 -68 -30
-24 69 -36 -56 51 -18 22 140 14 -6 47 -1 42 296 7 28 -50 -42 9 -13 -106 -58 -32 95 53 12 -15 -21 -43 108 -28 -69 -13 -20 -47
39 7 19 20 31 -72 -5 65 -16 -34 27 -61 -61 7 270 12 -39 -26 -31 141 14 -44 -58 -46 -8 6 -49 -66 -20 -70 50 -63 73 -39 71
-130 -31 129 -36 -64 -43 -4 -31 -21 -3 -43 52 -43 28 12 330 -9 -19 -17 -87 -66 -58 -32 35 -50 -24 91 8 -41 -53 -42 39 14 58 -18
-25 33 -125 -66 -52 -13 -114 -106 -1 -53 63 32 -14 -50 -39 -9 354 12 -53 -33 -28 -25 -97 71 -96 -76 -40 33 16 43 -62 -12 26 6 -103
62 11 -123 15 -63 -40 -49 -98 -57 27 -3 25 -72 -42 -26 -19 12 295 3 -47 12 7 40 -76 33 59 -91 99 -24 20 22 15 -7 6 -20
11 0 -55 74 41 19 35 -3 31 -22 -4 -24 56 9 -31 -17 -53 3 354 -10 -2 5 52 46 -16 -26 -33 42 -12 78 -82 121 12 -38 -4
33 38 31 28 87 -35 -48 139 -20 -86 18 -87 -7 -13 141 -87 -33 -47 -10 261 47 -4 -14 7 24 25 -75 7 -62 -28 37 -64 97 -22 49
99 31 47 50 -42 -94 -68 -119 -81 18 46 -26 -107 -106 14 -66 -28 12 -2 47 424 66 146 45 5 104 -56 33 47 -31 142 150 -97 38 -54
49 39 -20 42 34 30 64 -84 79 -23 -19 -117 -63 -58 -44 -58 -25 7 5 -4 66 326 64 -37 116 22 -64 -44 113 39 -59 49 -30 0 68
9 -14 35 37 -71 -50 25 -5 -36 -13 39 -102 -31 -32 -58 -32 -97 40 52 -14 146 64 377 -19 23 20 -69 5 59 54 -20 133 -101 -111 -16
-22 21 -22 -48 11 -20 -24 17 -57 7 80 0 -75 95 -46 35 71 -76 46 7 45 -37 -19 405 -62 2 5 16 19 32 -73 -41 -38 117 -101
6 33 -43 -73 30 38 43 56 76 -28 -103 -88 82 53 -8 -50 -96 33 -16 24 5 116 23 -62 338 -32 -21 12 -34 73 83 10 49 -18 56
125 -39 18 -92 55 0 2 -66 38 -76 -15 20 -48 12 6 -24 -76 59 -26 25 104 22 20 2 -32 348 12 36 1 -77 31 35 -56 -3 -74
-95 -143 88 -105 8 126 -57 67 -24 -1 -56 32 53 -15 -49 91 -40 -91 -33 -75 -56 -64 -69 5 -21 12 335 31 -33 -146 -67 -91 -85 68 8
-23 -50 -108 -45 -39 -11 23 -70 -91 55 39 -17 6 -21 -66 8 33 99 42 7 33 -44 5 16 12 36 31 385 -71 28 -21 -60 -115 12 57
-7 -22 50 55 39 27 59 -87 -42 35 21 -48 -51 -43 -20 -41 16 -24 -12 -62 47 113 59 19 -34 1 -33 -71 251 7 -48 45 -52 34 4
74 155 -41 -24 -63 28 90 69 -16 14 119 47 114 108 -70 -53 43 20 78 -28 -31 39 54 32 73 -77 -146 28 7 400 -15 17 11 36 -63
60 55 32 -20 -62 -32 -12 -31 -15 89 -44 54 76 -28 50 -42 -62 22 -82 37 142 -59 -20 -73 83 31 -67 -21 -48 -15 358 59 58 -48 3
29 -15 -26 69 -7 -93 4 -82 83 28 -111 9 53 -69 -63 39 -12 15 121 -64 150 49 133 -41 10 35 -91 -60 45 17 59 352 15 -114 -45
43 -2 8 46 99 -15 21 114 70 -107 -49 48 62 -13 73 14 26 -7 12 97 -97 -30 -101 -38 49 -56 -85 -115 -52 11 58 15 279 16 9
25 64 150 -57 27 38 -16 2 -122 -45 115 89 -68 -20 -39 58 6 6 -38 -22 38 0 -111 117 -18 -3 68 12 34 36 -48 -114 16 338 -116
-106 -48 -15 173 96 -67 132 39 9 105 -67 -123 -30 -47 71 -18 -103 -20 -4 49 -54 68 -16 -101 56 -74 8 57 4 -63 3 -45 9 -116 345

Q_cnstr 
129 51 -1 -4 16 30 -4 26 13 2 -4 26 -39 7 -18 4 -36 -23 -43 -11 -13 -22 4 -13 11 -34 23 3 -21 7 39 30 -57 37 34
51 69 -8 18 -10 8 -4 -3 7 -12 2 0 -33 9 -2 -9 -26 14 -27 -4 -4 -13 11 -11 9 -10 0 5 14 -4 5 15 -6 35 18
-1 -8 63 25 7 -34 -7 1 16 -11 -8 1 -13 -12 18 9 16 -3 4 -18 8 -6 -11 5 16 15 -34 24 8 -4 -3 16 30 8 16
-4 18 25 131 -24 -39 25 -23 -41 15 -26 -20 5 -37 9 27 -18 12 -16 -14 15 -45 -2 -9 5 3 -49 20 8 -5 -12 3 70 8 9
16 -10 7 -24 179 24 -5 14 16 -19 -44 15 25 5 3 -26 7 -17 -4 -14 4 -3 -10 2 16 -11 36 -16 -24 -42 -12 -1 8 8 4
30 8 -34 -39 24 185 -5 -10 0 -1 1 5 18 0 -24 0 -31 -37 -9 -2 15 2 44 -5 -23 -41 44 -17 3 -22 43 4 -16 -22 -36
-4 -4 -7 25 -5 -5 81 1 -27 16 16 38 6 -27 -13 0 29 -6 13 -36 -2 -24 18 -16 -2 7 -8 32 13 2 -16 -7 11 -13 6
26 -3 1 -23 14 -10 1 105 5 9 -14 33 -4 10 -6 8 -10 1 1 -6 -10 32 5 22 -7 -22 8 12 -10 -4 33 9 -49 -1 -18
13 7 16 -41 16 0 -27 5 127 -44 3 25 2 -13 4 18 -4 31 -1 19 5 35 -24 7 12 0 -6 29 6 -9 -20 -9 12 6 24
2 -12 -11 15 -19 -1 16 9 -44 157 35 34 5 35 -14 -13 -20 -11 -1 16 -31 -11 -20 1 -20 2 -33 11 2 -20 8 -24 4 3 -26
-4 2 -8 -26 -44 1 16 -14 3 35 116 9 3 23 -4 -11 27 2 -26 18 -3 14 10 -12 -3 12 -41 -37 12 0 16 -9 3 -12 -18
26 0 1 -20 15 5 38 33 25 34 9 155 14 -22 -3 5 -1 -26 27 21 -13 1 9 6 13 14 7 51 1 47 -3 -19 -20 -15 16
-39 -33 -13 5 25 18 6 -4 2 5 3 14 99 3 -27 2 2 10 11 22 16 29 -14 5 5 0 -20 -24 -13 -3 -11 -27 34 -16 -17
7 9 -12 -37 5 0 -27 10 -13 35 23 -22 3 109 -32 -36 -7 7 23 20 7 20 6 -2 18 -12 -4 -11 3 -21 26 -3 -47 26 1
-18 -2 18 9 3 -24 -13 -6 4 -14 -4 -3 -27 -32 101 6 -23 0 16 -2 3 -17 23 -10 -2 8 10 19 -5 16 2 -11 7 -47 2
4 -9 9 27 -26 0 0 8 18 -13 -11 5 2 -36 6 70 3 9 3 -20 7 6 -12 -1 -2 -13 10 8 -8 6 6 -16 11 -8 -2
-36 -26 16 -18 7 -31 29 -10 -4 -20 27 -1 2 -7 -23 3 143 1 38 -25 -1 19 -15 -10 11 30 1 -33 18 9 -33 17 25 -3 -13
-23 14 -3 12 -17 -37 -6 1 31 -11 2 -26 10 7 0 9 1 85 2 18 -1 21 -11 2 19 -1 -24 19 19 -29 -20 -14 38 -2 16
-43 -27 4 -16 -4 -9 13 1 -1 -1 -26 27 11 23 16 3 38 2 134 -11 13 -1 31 -9 36 26 27 20 -11 10 -12 -19 13 -29 -13
-11 -4 -18 -14 -14 -2 -36 -6 19 16 18 21 22 20 -2 -20 -25 18 -11 125 10 24 -24 7 12 -3 -18 -24 5 0 -3 -22 -22 -17 -15
-13 -4 8 15 4 15 -2 -10 5 -31 -3 -13 16 7 3 7 -1 -1 13 10 63 16 -1 -3 12 -21 7 -4 -23 -1 10 -13 -3 -7 -1
-22 -13 -6 -45 -3 2 -24 32 35 -11 14 1 29 20 -17 6 19 21 -1 24 16 108 -10 4 -10 -5 -26 -32 -14 -16 2 -11 -17 6 -18
4 11 -11 -2 -10 44 18 5 -24 -20 10 9 -14 6 23 -12 -15 -11 31 -24 -1 -10 120 -2 -2 25 9 -5 6 2 28 0 -19 -23 -4
-13 -11 5 -9 2 -5 -16 22 7 1 -12 6 5 -2 -10 -1 -10 2 -9 7 -3 4 -2 42 -10 19 12 -1 6 2 -6 0 0 4 -19
11 9 16 5 16 -23 -2 -7 12 -20 -3 13 5 18 -2 -2 11 19 36 12 12 -10 -2 -10 65 8 -2 13 1 -13 11 2 -15 8 27
-34 -10 15 3 -11 -41 7 -22 0 2 12 14 0 -12 8 -13 30 -1 26 -3 -21 -5 25 19 8 112 -2 -16 35 14 -55 -12 27 -6 -16
23 0 -34 -49 36 44 -8 8 -6 -33 -41 7 -20 -4 10 10 1 -24 27 -18 7 -26 9 12 -2 -2 144 -19 -21 45 1 -9 -57 -28 -2
3 5 24 20 -16 -17 32 12 29 11 -37 51 -24 -11 19 8 -33 19 20 -24 -4 -32 -5 -1 13 -16 -19 137 33 -4 -7 3 0 -7 62
-21 14 8 8 -24 3 13 -10 6 2 12 1 -13 3 -5 -8 18 19 -11 5 -23 -14 6 6 1 35 -21 33 83 -10 -20 7 10 -7 -4
7 -4 -4 -5 -42 -22 2 -4 -9 -20 0 47 -3 -21 16 6 9 -29 10 0 -1 -16 2 2 -13 14 45 -4 -10 144 4 9 8 -19 20
39 5 -3 -12 -12 43 -16 33 -20 8 16 -3 -11 26 2 6 -33 -20 -12 -3 10 2 28 -6 11 -55 1 -7 -20 4 111 23 -74 0 -12
30 15 16 3 -1 4 -7 9 -9 -24 -9 -19 -27 -3 -11 -16 17 -14 -19 -22 -13 -11 0 0 2 -12 -9 3 7 9 23 67 -2 26 29
-57 -6 30 70 8 -16 11 -49 12 4 3 -20 34 -47 7 11 25 38 13 -22 -3 -17 -19 0 -15 27 -57 0 10 8 -74 -2 218 -11 -3
37 35 8 8 8 -22 -13 -1 6 3 -12 -15 -16 26 -47 -8 -3 -2 -29 -17 -7 6 -23 4 8 -6 -28 -7 -7 -19 0 26 -11 87 22
34 18 16 9 4 -36 6 -18 24 -26 -18 16 -17 1 2 -2 -13 16 -13 -15 -1 -18 -4 -19 27 -16 -2 62 -4 20 -12 29 -3 22 127

