Q_obj 
136 -2 14 -12 -29 15 -38 27 -11 1 11 47 20 49 -1
-2 114 -49 -9 8 27 43 44 74 7 2 -54 30 64 -8
14 -49 167 -42 -84 30 -44 -7 -40 40 -5 7 -21 -31 22
-12 -9 -42 168 37 84 -2 -57 -51 51 -32 23 -62 55 -1
-29 8 -84 37 107 8 43 -5 32 -3 3 -3 6 -32 -12
15 27 30 84 8 174 -30 -24 12 53 -43 22 -32 26 14
-38 43 -44 -2 43 -30 173 54 33 50 23 -40 45 41 -53
27 44 -7 -57 -5 -24 54 169 64 -43 55 3 23 80 31
-11 74 -40 -51 32 12 33 64 147 -24 27 -50 24 -10 -35
1 7 40 51 -3 53 50 -43 -24 138 -8 -1 22 29 -25
11 2 -5 -32 3 -43 23 55 27 -8 77 -24 21 0 -11
47 -54 7 23 -3 22 -40 3 -50 -1 -24 119 -31 10 33
20 30 -21 -62 6 -32 45 23 24 22 21 -31 117 3 -65
49 64 -31 55 -32 26 41 80 -10 29 0 10 3 176 31
-1 -8 22 -1 -12 14 -53 31 -35 -25 -11 33 -65 31 122

Q_cnstr 
98 18 -6 -2 -11 -17 -6 19 -22 -39 28 -69 9 15 3
18 85 -26 2 -18 20 -9 10 25 -22 30 -27 -21 -19 20
-6 -26 78 2 27 -23 -15 3 -22 0 -27 -16 -20 -3 0
-2 2 2 62 14 0 -24 -3 34 5 -16 -32 -14 2 -19
-11 -18 27 14 46 -31 -20 13 3 17 -21 5 -2 -5 -14
-17 20 -23 0 -31 82 4 -17 4 -26 13 25 -5 -27 6
-6 -9 -15 -24 -20 4 60 -4 -23 14 10 19 12 12 -10
19 10 3 -3 13 -17 -4 31 4 -6 4 -28 -2 -11 6
-22 25 -22 34 3 4 -23 4 113 -18 -5 26 13 10 -11
-39 -22 0 5 17 -26 14 -6 -18 56 -11 11 2 9 -10
28 30 -27 -16 -21 13 10 4 -5 -11 45 11 6 -8 21
-69 -27 -16 -32 5 25 19 -28 26 11 11 197 13 -24 20
9 -21 -20 -14 -2 -5 12 -2 13 2 6 13 45 27 -23
15 -19 -3 2 -5 -27 12 -11 10 9 -8 -24 27 67 -28
3 20 0 -19 -14 6 -10 6 -11 -10 21 20 -23 -28 48

