Q_obj 
402 -23 -131 -55 -39 52 109 13 -16 -28 34 19 26 -73 68 -81 90 39 -86 20 -12 91 86 19 28 47 -20 -170 -19 11 34 -57 75 -94 -17 -12 36 -40 -121 -17
-23 401 24 31 49 49 -4 -2 16 -67 125 82 50 -53 34 58 106 40 143 92 -69 24 13 -83 -105 -11 19 -38 99 37 5 -27 38 32 -14 -49 -41 -12 16 150
-131 24 381 16 -78 97 -28 -63 19 -28 102 6 -36 33 14 86 -102 -4 54 -1 -76 -27 -59 -22 -6 -106 26 -76 15 10 -35 53 -13 33 37 -14 38 -66 33 -32
-55 31 16 328 -46 -131 -44 -30 148 21 97 38 74 34 -20 -78 33 44 10 3 -99 15 38 -107 -124 -12 -75 51 26 -34 -53 148 -45 75 22 -116 -38 -81 97 -79
-39 49 -78 -46 384 37 130 0 1 -92 73 112 -24 39 -48 83 59 40 63 27 21 -21 66 78 58 16 96 17 -66 -57 71 6 35 -38 -50 49 38 32 -93 53
52 49 97 -131 37 428 -4 8 -125 -42 -46 -98 -20 46 27 -29 19 -74 31 -20 -20 -12 38 138 77 -119 68 -181 -54 62 -37 -91 136 -163 -11 -13 92 -2 -37 90
109 -4 -28 -44 130 -4 432 -18 -9 23 3 99 30 37 100 -27 8 70 32 113 85 82 -18 79 30 58 -25 60 104 14 -36 31 59 40 -1 42 17 -22 54 4
13 -2 -63 -30 0 8 -18 413 -56 70 -36 -20 19 -54 -24 -160 -54 29 -80 0 51 -15 78 123 -94 -72 -18 -106 -40 -30 -29 -47 25 103 80 -62 -47 -58 -100 47
-16 16 19 148 1 -125 -9 -56 446 -86 111 63 -32 -29 88 54 1 108 65 30 15 -29 70 -119 -60 -13 -46 -37 78 121 99 65 27 11 16 -46 -154 -10 43 -86
-28 -67 -28 21 -92 -42 23 70 -86 469 -159 -27 -24 68 25 -60 -73 -27 13 44 13 -17 -59 -23 49 13 62 59 33 -127 -85 -35 -46 52 31 -87 61 10 172 -6
34 125 102 97 73 -46 3 -36 111 -159 475 98 -38 41 -5 86 11 122 -44 37 17 -24 8 -31 -71 25 -15 -15 51 88 43 68 -25 43 -35 -11 -76 -65 -56 -30
19 82 6 38 112 -98 99 -20 63 -27 98 357 8 -40 -33 21 2 168 43 45 5 45 -82 -42 -74 39 -4 59 34 -68 -71 70 68 51 31 -11 26 -24 -72 -40
26 50 -36 74 -24 -20 30 19 -32 -24 -38 8 391 46 95 -36 62 24 -66 10 21 -5 134 -13 -68 -59 -33 85 16 -4 -39 61 -91 57 -10 -19 78 -85 -27 39
-73 -53 33 34 39 46 37 -54 -29 68 41 -40 46 383 74 61 36 -66 -3 75 77 -81 11 51 -38 25 50 48 20 -68 92 23 -92 -18 50 20 -16 -11 38 -53
68 34 14 -20 -48 27 100 -24 88 25 -5 -33 95 74 516 -26 -90 93 48 105 123 -72 9 -94 65 -46 -31 62 91 -7 -36 12 -58 53 19 -99 -42 -108 68 -18
-81 58 86 -78 83 -29 -27 -160 54 -60 86 21 -36 61 -26 534 88 -62 61 -6 -63 -37 -40 -42 45 26 -21 -38 87 71 193 -102 -144 26 0 22 4 -26 53 105
90 106 -102 33 59 19 8 -54 1 -73 11 2 62 36 -90 88 520 -128 13 81 -27 9 164 -7 -144 -14 -16 -128 0 84 87 -58 10 -12 -34 -10 24 31 8 87
39 40 -4 44 40 -74 70 29 108 -27 122 168 24 -66 93 -62 -128 427 95 -125 -45 4 -63 -120 -27 72 3 101 2 -39 -97 -2 9 23 62 -55 -32 -154 -99 -133
-86 143 54 10 63 31 32 -80 65 13 -44 43 -66 -3 48 61 13 95 501 -59 -69 -32 -15 -111 2 -6 -18 41 -17 -34 -30 -107 94 -73 95 9 59 -83 94 30
20 92 -1 3 27 -20 113 0 30 44 37 45 10 75 105 -6 81 -125 -59 381 138 54 12 -10 -38 -45 57 -17 65 0 48 -43 32 7 8 -45 -42 126 75 6
-12 -69 -76 -99 21 -20 85 51 15 13 17 5 21 77 123 -63 -27 -45 -69 138 471 -64 -53 60 -77 -29 7 86 -43 58 -11 -38 21 -46 50 132 -123 74 57 -15
91 24 -27 15 -21 -12 82 -15 -29 -17 -24 45 -5 -81 -72 -37 9 4 -32 54 -64 310 48 -18 -3 57 9 24 60 52 -25 59 68 55 32 42 -2 80 -62 38
86 13 -59 38 66 38 -18 78 70 -59 8 -82 134 11 9 -40 164 -63 -15 12 -53 48 426 97 -42 0 65 -107 -6 111 129 -31 -57 24 21 70 85 -12 -29 126
19 -83 -22 -107 78 138 79 123 -119 -23 -31 -42 -13 51 -94 -42 -7 -120 -111 -10 60 -18 97 455 -37 -74 88 -74 48 6 57 -65 0 -58 106 29 78 28 -50 27
28 -105 -6 -124 58 77 30 -94 -60 49 -71 -74 -68 -38 65 45 -144 -27 2 -38 -77 -3 -42 -37 363 -10 -8 -19 -67 -62 -26 4 -17 -23 -62 -42 136 30 0 9
47 -11 -106 -12 16 -119 58 -72 -13 13 25 39 -59 25 -46 26 -14 72 -6 -45 -29 57 0 -74 -10 421 36 103 166 -8 80 108 21 -27 -80 193 -89 -25 -29 -54
-20 19 26 -75 96 68 -25 -18 -46 62 -15 -4 -33 50 -31 -21 -16 3 -18 57 7 9 65 88 -8 36 262 15 39 -76 44 -29 -4 -102 22 49 18 56 -63 -27
-170 -38 -76 51 17 -181 60 -106 -37 59 -15 59 85 48 62 -38 -128 101 41 -17 86 24 -107 -74 -19 103 15 447 125 -41 -104 80 -68 85 -32 22 -20 24 118 -57
-19 99 15 26 -66 -54 104 -40 78 33 51 34 16 20 91 87 0 2 -17 65 -43 60 -6 48 -67 166 39 125 452 6 5 102 7 59 83 -56 -134 -46 126 11
11 37 10 -34 -57 62 14 -30 121 -127 88 -68 -4 -68 -7 71 84 -39 -34 0 58 52 111 6 -62 -8 -76 -41 6 382 97 -54 27 28 -124 106 -13 84 1 119
34 5 -35 -53 71 -37 -36 -29 99 -85 43 -71 -39 92 -36 193 87 -97 -30 48 -11 -25 129 57 -26 80 44 -104 5 97 361 -164 -93 -54 -46 99 10 93 -26 65
-57 -27 53 148 6 -91 31 -47 65 -35 68 70 61 23 12 -102 -58 -2 -107 -43 -38 59 -31 -65 4 108 -29 80 102 -54 -164 497 10 192 -51 9 -120 -132 -75 -101
75 38 -13 -45 35 136 59 25 27 -46 -25 68 -91 -92 -58 -144 10 9 94 32 21 68 -57 0 -17 21 -4 -68 7 27 -93 10 483 -57 61 32 -50 159 -59 -86
-94 32 33 75 -38 -163 40 103 11 52 43 51 57 -18 53 26 -12 23 -73 7 -46 55 24 -58 -23 -27 -102 85 59 28 -54 192 -57 438 33 -109 -50 -55 31 35
-17 -14 37 22 -50 -11 -1 80 16 31 -35 31 -10 50 19 0 -34 62 95 8 50 32 21 106 -62 -80 22 -32 83 -124 -46 -51 61 33 424 -91 -12 -12 51 -23
-12 -49 -14 -116 49 -13 42 -62 -46 -87 -11 -11 -19 20 -99 22 -10 -55 9 -45 132 42 70 29 -42 193 49 22 -56 106 99 9 32 -109 -91 388 4 58 -35 67
36 -41 38 -38 38 92 17 -47 -154 61 -76 26 78 -16 -42 4 24 -32 59 -42 -123 -2 85 78 136 -89 18 -20 -134 -13 10 -120 -50 -50 -12 4 393 -21 5 86
-40 -12 -66 -81 32 -2 -22 -58 -10 10 -65 -24 -85 -11 -108 -26 31 -154 -83 126 74 80 -12 28 30 -25 56 24 -46 84 93 -132 159 -55 -12 58 -21 441 -9 34
-121 16 33 97 -93 -37 54 -100 43 172 -56 -72 -27 38 68 53 8 -99 94 75 57 -62 -29 -50 0 -29 -63 118 126 1 -26 -75 -59 31 51 -35 5 -9 422 108
-17 150 -32 -79 53 90 4 47 -86 -6 -30 -40 39 -53 -18 105 87 -133 30 6 -15 38 126 27 9 -54 -27 -57 11 119 65 -101 -86 35 -23 67 86 34 108 351

Q_cnstr 
166 66 28 52 11 5 3 23 10 -22 -10 1 6 -1 -26 4 6 0 34 -41 -44 29 12 27 53 5 -4 5 -34 12 -2 4 3 23 15 -34 9 28 73 -18
66 195 21 44 26 3 3 41 -17 -28 22 44 -10 18 -28 32 8 45 40 -7 -12 52 20 21 54 -12 -14 -11 -18 25 28 4 39 40 24 24 -15 29 61 20
28 21 193 29 1 -8 -4 -22 -8 7 -3 36 -30 11 19 24 18 0 -6 -21 -39 8 47 19 -6 -29 -35 -11 13 -4 -29 -20 -15 77 52 20 27 -14 44 13
52 44 29 174 -19 8 33 27 20 27 0 -4 -14 19 -2 1 -6 -11 5 -44 -1 26 16 40 16 -48 29 -17 -37 15 -18 27 -3 -29 23 -45 14 22 3 6
11 26 1 -19 146 -4 5 13 -20 -4 15 -7 18 -13 -11 -7 17 38 22 12 20 -4 2 18 33 26 -26 26 -15 23 -6 5 -23 -14 6 15 29 -7 9 -35
5 3 -8 8 -4 102 -11 -26 -12 -28 -4 -7 -3 -24 12 21 -24 -8 10 -23 -11 10 0 -20 1 -4 -21 -18 6 -3 3 -20 12 4 -15 15 -9 10 -12 -31
3 3 -4 33 5 -11 64 3 -31 33 15 -9 18 -2 7 6 -7 23 -11 -6 1 10 2 13 -13 -11 12 12 -37 6 4 -5 26 5 -2 -7 12 -13 -4 -7
23 41 -22 27 13 -26 3 120 23 -1 -26 22 32 14 -25 -50 7 -6 27 -29 -15 -16 -2 1 5 -47 -14 -13 -80 15 -7 -26 -8 -3 9 -34 -4 7 -27 -36
10 -17 -8 20 -20 -12 -31 23 132 -3 -23 25 -11 21 -34 -40 -6 -68 52 -19 -19 -29 1 -20 25 -16 -22 6 -7 2 -24 -24 -26 -3 30 6 23 -1 11 4
-22 -28 7 27 -4 -28 33 -1 -3 185 10 -13 15 -1 1 21 12 -18 -20 -14 34 4 -25 18 -40 2 34 14 18 24 -5 -9 8 -50 18 -18 13 1 -14 -8
-10 22 -3 0 15 -4 15 -26 -23 10 193 38 -20 -32 5 12 0 15 -26 14 -23 35 21 19 29 -54 24 -9 17 -4 14 39 70 -18 -31 2 -2 0 25 56
1 44 36 -4 -7 -7 -9 22 25 -13 38 128 5 13 9 -5 13 19 42 -29 -25 18 8 -7 -6 -55 -24 -13 -10 11 -35 -19 -4 25 13 9 -29 27 13 17
6 -10 -30 -14 18 -3 18 32 -11 15 -20 5 138 -10 37 -11 19 9 17 -35 -8 22 25 1 -27 -35 -4 2 -70 23 -16 -16 8 25 21 -28 -48 13 -29 -50
-1 18 11 19 -13 -24 -2 14 21 -1 -32 13 -10 90 -15 22 6 28 26 -3 -1 -32 -11 -2 -9 -6 -2 11 19 -3 -25 48 15 9 17 -4 -16 19 -15 14
-26 -28 19 -2 -11 12 7 -25 -34 1 5 9 37 -15 99 12 18 5 -16 6 -4 8 -9 9 -33 -23 8 12 9 -14 -19 -16 -33 12 -2 8 -31 16 -34 9
4 32 24 1 -7 21 6 -50 -40 21 12 -5 -11 22 12 146 9 9 -15 18 19 -7 13 11 -30 23 -11 19 21 -14 -6 -3 13 20 -4 11 -16 -17 1 -19
6 8 18 -6 17 -24 -7 7 -6 12 0 13 19 6 18 9 92 9 -18 14 26 13 -2 14 -3 19 -8 5 2 6 -24 34 -17 -11 -6 21 -11 11 -7 -21
0 45 0 -11 38 -8 23 -6 -68 -18 15 19 9 28 5 9 9 197 -31 43 36 17 -25 17 -30 19 -6 -13 3 39 -6 44 28 5 -10 -40 -43 28 -5 3
34 40 -6 5 22 10 -11 27 52 -20 -26 42 17 26 -16 -15 -18 -31 246 -42 3 27 28 5 35 -46 9 9 -7 49 11 16 -2 12 4 -14 5 15 61 11
-41 -7 -21 -44 12 -23 -6 -29 -19 -14 14 -29 -35 -3 6 18 14 43 -42 160 22 -19 14 -2 -33 32 13 17 40 -31 35 5 12 -26 -38 -9 18 -5 -18 41
-44 -12 -39 -1 20 -11 1 -15 -19 34 -23 -25 -8 -1 -4 19 26 36 3 22 125 21 -34 30 11 50 18 12 30 10 34 46 -47 -48 -6 -9 -13 25 -5 3
29 52 8 26 -4 10 10 -16 -29 4 35 18 22 -32 8 -7 13 17 27 -19 21 119 27 22 32 0 23 -1 -29 15 26 15 12 6 -4 -16 -35 43 44 18
12 20 47 16 2 0 2 -2 1 -25 21 8 25 -11 -9 13 -2 -25 28 14 -34 27 190 -8 -8 -46 24 4 -75 -1 16 -21 26 46 -6 18 -9 4 29 27
27 21 19 40 18 -20 13 1 -20 18 19 -7 1 -2 9 11 14 17 5 -2 30 22 -8 101 50 -25 -2 21 0 9 33 26 -3 14 -9 -33 2 30 24 27
53 54 -6 16 33 1 -13 5 25 -40 29 -6 -27 -9 -33 -30 -3 -30 35 -33 11 32 -8 50 158 13 -25 -4 16 -3 19 36 10 0 12 13 15 9 50 26
5 -12 -29 -48 26 -4 -11 -47 -16 2 -54 -55 -35 -6 -23 23 19 19 -46 32 50 0 -46 -25 13 156 9 4 43 -11 3 -2 -4 -52 6 10 26 -10 2 -15
-4 -14 -35 29 -26 -21 12 -14 -22 34 24 -24 -4 -2 8 -11 -8 -6 9 13 18 23 24 -2 -25 9 100 -2 12 -25 36 28 30 -68 -39 -21 -3 29 19 59
5 -11 -11 -17 26 -18 12 -13 6 14 -9 -13 2 11 12 19 5 -13 9 17 12 -1 4 21 -4 4 -2 71 0 -5 23 -7 -31 19 -16 14 5 4 14 -5
-34 -18 13 -37 -15 6 -37 -80 -7 18 17 -10 -70 19 9 21 2 3 -7 40 30 -29 -75 0 16 43 12 0 219 45 11 49 -27 -27 12 33 11 -8 35 62
12 25 -4 15 23 -3 6 15 2 24 -4 11 23 -3 -14 -14 6 39 49 -31 10 15 -1 9 -3 -11 -25 -5 45 179 -5 2 -49 49 24 -28 -7 -15 18 -29
-2 28 -29 -18 -6 3 4 -7 -24 -5 14 -35 -16 -25 -19 -6 -24 -6 11 35 34 26 16 33 19 3 36 23 11 -5 111 -8 11 12 -52 -3 13 15 45 38
4 4 -20 27 5 -20 -5 -26 -24 -9 39 -19 -16 48 -16 -3 34 44 16 5 46 15 -21 26 36 -2 28 -7 49 2 -8 197 32 -17 -9 -13 -18 44 27 37
3 39 -15 -3 -23 12 26 -8 -26 8 70 -4 8 15 -33 13 -17 28 -2 12 -47 12 26 -3 10 -4 30 -31 -27 -49 11 32 177 -21 -24 -27 -4 -9 2 24
23 40 77 -29 -14 4 5 -3 -3 -50 -18 25 25 9 12 20 -11 5 12 -26 -48 6 46 14 0 -52 -68 19 -27 49 12 -17 -21 201 18 31 -4 -25 48 4
15 24 52 23 6 -15 -2 9 30 18 -31 13 21 17 -2 -4 -6 -10 4 -38 -6 -4 -6 -9 12 6 -39 -16 12 24 -52 -9 -24 18 143 10 -5 -3 -14 -26
-34 24 20 -45 15 15 -7 -34 6 -18 2 9 -28 -4 8 11 21 -40 -14 -9 -9 -16 18 -33 13 10 -21 14 33 -28 -3 -13 -27 31 10 150 6 -5 18 26
9 -15 27 14 29 -9 12 -4 23 13 -2 -29 -48 -16 -31 -16 -11 -43 5 18 -13 -35 -9 2 15 26 -3 5 11 -7 13 -18 -4 -4 -5 6 115 -64 27 2
28 29 -14 22 -7 10 -13 7 -1 1 0 27 13 19 16 -17 11 28 15 -5 25 43 4 30 9 -10 29 4 -8 -15 15 44 -9 -25 -3 -5 -64 156 15 65
73 61 44 3 9 -12 -4 -27 11 -14 25 13 -29 -15 -34 1 -7 -5 61 -18 -5 44 29 24 50 2 19 14 35 18 45 27 2 48 -14 18 27 15 140 54
-18 20 13 6 -35 -31 -7 -36 4 -8 56 17 -50 14 9 -19 -21 3 11 41 3 18 27 27 26 -15 59 -5 62 -29 38 37 24 4 -26 26 2 65 54 165

