Q_obj 
135 15 -20 27 34 37 -19 50 45 54 -62 83 37
15 67 -17 -2 2 46 30 68 -9 39 -6 -26 -23
-20 -17 138 5 -83 62 36 -3 34 -11 -11 13 6
27 -2 5 170 -43 -8 -3 94 17 50 -79 -49 -22
34 2 -83 -43 78 -33 -32 -25 8 10 5 29 21
37 46 62 -8 -33 155 -29 27 14 45 -13 16 -66
-19 30 36 -3 -32 -29 113 63 -15 -23 -22 -22 53
50 68 -3 94 -25 27 63 153 7 51 -65 -45 -4
45 -9 34 17 8 14 -15 7 173 39 -57 49 22
54 39 -11 50 10 45 -23 51 39 157 2 -8 7
-62 -6 -11 -79 5 -13 -22 -65 -57 2 164 -42 -10
83 -26 13 -49 29 16 -22 -45 49 -8 -42 158 53
37 -23 6 -22 21 -66 53 -4 22 7 -10 53 108

Q_cnstr 
21 0 1 0 0 -2 4 -2 -1 0 3 -1 2
0 6 1 -1 2 2 2 -3 -1 -1 0 4 1
1 1 7 -6 4 2 5 -4 5 1 1 -1 1
0 -1 -6 10 -3 0 -2 5 -5 -1 -2 0 2
0 2 4 -3 12 2 1 -1 2 6 5 2 0
-2 2 2 0 2 4 2 -3 -1 3 -1 1 2
4 2 5 -2 1 2 11 -5 1 -2 -2 0 4
-2 -3 -4 5 -1 -3 -5 12 0 3 -1 -4 2
-1 -1 5 -5 2 -1 1 0 13 1 4 -3 -1
0 -1 1 -1 6 3 -2 3 1 17 2 0 3
3 0 1 -2 5 -1 -2 -1 4 2 12 0 -1
-1 4 -1 0 2 1 0 -4 -3 0 0 10 -1
2 1 1 2 0 2 4 2 -1 3 -1 -1 6

