Q_obj 
177 33 102 -25 -49 -38 -13 0 27 -88 95 38 24 3 -8 3 -38 24 62 37 -38 52 42 -13 36
33 240 32 -63 61 -94 11 92 25 -3 35 -15 -54 -65 52 40 -20 -35 -3 -55 -42 32 -15 16 7
102 32 293 34 -41 13 33 -32 19 -54 57 52 -55 18 -15 121 5 54 -25 106 71 101 40 -46 72
-25 -63 34 268 48 77 13 -28 28 -51 -81 -103 89 94 -12 -36 -69 122 0 49 47 -19 -19 -18 -75
-49 61 -41 48 176 -11 -26 81 31 -34 -44 -29 -33 -33 19 -29 -23 26 -50 -21 38 -13 -47 78 -75
-38 -94 13 77 -11 245 4 -76 -25 -37 -90 -77 -52 -6 -26 -35 -29 2 -52 -2 51 8 7 -70 -90
-13 11 33 13 -26 4 130 -2 -9 -1 -8 -4 -28 69 -10 13 21 39 -58 28 10 37 7 -34 53
0 92 -32 -28 81 -76 -2 265 15 36 0 -28 -50 -24 52 10 37 51 43 -44 -11 -17 -9 38 -22
27 25 19 28 31 -25 -9 15 165 -41 51 -31 23 38 -70 12 68 -13 -11 3 18 41 -6 24 -96
-88 -3 -54 -51 -34 -37 -1 36 -41 296 -11 56 -19 -123 104 -17 95 -69 46 46 6 -36 48 -54 8
95 35 57 -81 -44 -90 -8 0 51 -11 256 126 7 26 -1 36 53 -38 18 0 -60 76 -61 -19 12
38 -15 52 -103 -29 -77 -4 -28 -31 56 126 281 86 -64 28 83 78 -6 -43 34 30 5 3 12 98
24 -54 -55 89 -33 -52 -28 -50 23 -19 7 86 262 39 -66 2 -51 73 16 -27 -32 -74 32 -6 6
3 -65 18 94 -33 -6 69 -24 38 -123 26 -64 39 310 -76 14 35 16 -74 -20 -58 -2 17 29 53
-8 52 -15 -12 19 -26 -10 52 -70 104 -1 28 -66 -76 248 -5 48 -7 37 76 2 3 54 28 56
3 40 121 -36 -29 -35 13 10 12 -17 36 83 2 14 -5 201 49 17 -66 23 38 28 36 18 78
-38 -20 5 -69 -23 -29 21 37 68 95 53 78 -51 35 48 49 273 -74 -14 45 40 61 -19 42 10
24 -35 54 122 26 2 39 51 -13 -69 -38 -6 73 16 -7 17 -74 224 9 17 66 9 2 3 37
62 -3 -25 0 -50 -52 -58 43 -11 46 18 -43 16 -74 37 -66 -14 9 257 25 14 -50 -2 10 -50
37 -55 106 49 -21 -2 28 -44 3 46 0 34 -27 -20 76 23 45 17 25 247 111 -15 18 -13 83
-38 -42 71 47 38 51 10 -11 18 6 -60 30 -32 -58 2 38 40 66 14 111 267 -55 5 -11 -41
52 32 101 -19 -13 8 37 -17 41 -36 76 5 -74 -2 3 28 61 9 -50 -15 -55 235 -21 -20 19
42 -15 40 -19 -47 7 7 -9 -6 48 -61 3 32 17 54 36 -19 2 -2 18 5 -21 281 7 36
-13 16 -46 -18 78 -70 -34 38 24 -54 -19 12 -6 29 28 18 42 3 10 -13 -11 -20 7 150 9
36 7 72 -75 -75 -90 53 -22 -96 8 12 98 6 53 56 78 10 37 -50 83 -41 19 36 9 290

Q_cnstr 
103 14 11 15 17 -3 4 6 31 42 -28 -9 -16 -28 -4 -13 10 6 -3 7 -13 -18 4 -37 -25
14 114 18 -24 -12 14 -46 36 -3 -30 17 -4 24 10 4 4 17 7 22 3 3 -3 -2 8 14
11 18 44 6 1 25 8 13 1 4 37 14 0 -17 26 -1 11 3 24 -8 -12 -12 6 7 0
15 -24 6 91 51 6 22 -5 -3 5 14 12 -7 -26 30 -6 29 23 33 6 -50 -16 10 -1 -12
17 -12 1 51 144 -6 12 3 -8 1 -19 16 -5 5 70 -5 60 11 -1 3 -12 -9 -12 21 54
-3 14 25 6 -6 65 5 16 16 -10 9 26 8 -19 20 -8 -3 -7 39 -9 9 -21 17 -2 -24
4 -46 8 22 12 5 84 -1 48 28 11 31 -42 4 28 -13 2 8 4 -7 -14 27 12 -18 -5
6 36 13 -5 3 16 -1 67 0 2 25 -7 4 30 26 -5 -1 -11 27 -40 14 17 6 0 -5
31 -3 1 -3 -8 16 48 0 93 34 -8 45 -31 -26 -15 -32 -22 11 -4 12 36 39 22 -47 -17
42 -30 4 5 1 -10 28 2 34 159 -28 -33 -51 -2 8 -39 1 -2 -43 -7 31 -26 8 37 -37
-28 17 37 14 -19 9 11 25 -8 -28 186 64 -36 8 19 -4 4 8 62 -52 -13 63 26 -1 12
-9 -4 14 12 16 26 31 -7 45 -33 64 109 -23 -24 27 10 15 10 52 1 7 49 23 -35 23
-16 24 0 -7 -5 8 -42 4 -31 -51 -36 -23 92 7 -19 9 3 -8 13 11 -13 -15 -15 18 -25
-28 10 -17 -26 5 -19 4 30 -26 -2 8 -24 7 98 19 17 -8 -14 12 -23 -1 21 -14 33 10
-4 4 26 30 70 20 28 26 -15 8 19 27 -19 19 125 17 74 -10 62 -34 -5 -15 4 31 27
-13 4 -1 -6 -5 -8 -13 -5 -32 -39 -4 10 9 17 17 57 6 -4 27 12 -9 7 -11 1 8
10 17 11 29 60 -3 2 -1 -22 1 4 15 3 -8 74 6 124 -12 -7 -45 -40 -43 14 18 18
6 7 3 23 11 -7 8 -11 11 -2 8 10 -8 -14 -10 -4 -12 67 9 50 -14 -15 -8 -2 45
-3 22 24 33 -1 39 4 27 -4 -43 62 52 13 12 62 27 -7 9 163 9 -13 27 5 -21 -22
7 3 -8 6 3 -9 -7 -40 12 -7 -52 1 11 -23 -34 12 -45 50 9 132 1 -11 -29 7 20
-13 3 -12 -50 -12 9 -14 14 36 31 -13 7 -13 -1 -5 -9 -40 -14 -13 1 157 20 12 -8 36
-18 -3 -12 -16 -9 -21 27 17 39 -26 63 49 -15 21 -15 7 -43 -15 27 -11 20 145 17 -40 -23
4 -2 6 10 -12 17 12 6 22 8 26 23 -15 -14 4 -11 14 -8 5 -29 12 17 58 -13 -9
-37 8 7 -1 21 -2 -18 0 -47 37 -1 -35 18 33 31 1 18 -2 -21 7 -8 -40 -13 138 -9
-25 14 0 -12 54 -24 -5 -5 -17 -37 12 23 -25 10 27 8 18 45 -22 20 36 -23 -9 -9 160

