Q_obj 
162 35 -43 -19 13 -22 50 -19 13 11 -7 18 0 -47 -47
35 140 -27 19 22 57 -30 3 2 70 8 -35 -41 32 -54
-43 -27 120 -34 -20 26 34 30 -7 -49 -27 -21 54 -34 14
-19 19 -34 165 35 27 -69 96 -14 42 56 -87 4 49 17
13 22 -20 35 130 15 -19 28 -1 94 17 -72 -16 -16 31
-22 57 26 27 15 126 -72 47 -93 50 38 -26 18 -20 -10
50 -30 34 -69 -19 -72 171 -64 60 -88 -40 -13 21 -56 -14
-19 3 30 96 28 47 -64 191 -17 44 -31 -67 -8 18 104
13 2 -7 -14 -1 -93 60 -17 180 -22 -17 -18 -32 11 -19
11 70 -49 42 94 50 -88 44 -22 184 0 -29 -59 50 33
-7 8 -27 56 17 38 -40 -31 -17 0 156 -1 2 6 -55
18 -35 -21 -87 -72 -26 -13 -67 -18 -29 -1 185 -12 25 16
0 -41 54 4 -16 18 21 -8 -32 -59 2 -12 184 -58 -8
-47 32 -34 49 -16 -20 -56 18 11 50 6 25 -58 174 44
-47 -54 14 17 31 -10 -14 104 -19 33 -55 16 -8 44 151

Q_cnstr 
53 -19 -19 10 13 8 20 -1 3 40 -10 0 5 -12 -14
-19 53 13 -9 -4 13 15 3 16 -16 0 -12 12 35 23
-19 13 88 42 25 -7 -16 -4 1 -21 -31 -1 11 0 -34
10 -9 42 110 1 -12 10 11 8 7 -54 -11 -4 -45 -32
13 -4 25 1 75 -18 4 -11 36 -8 20 -19 33 5 -26
8 13 -7 -12 -18 53 -6 8 6 14 -6 -6 -24 8 12
20 15 -16 10 4 -6 66 8 5 7 -7 -12 17 7 8
-1 3 -4 11 -11 8 8 11 -5 1 -8 1 -6 -3 3
3 16 1 8 36 6 5 -5 61 -9 7 -18 17 10 -19
40 -16 -21 7 -8 14 7 1 -9 87 2 22 12 -34 -4
-10 0 -31 -54 20 -6 -7 -8 7 2 69 -1 12 9 21
0 -12 -1 -11 -19 -6 -12 1 -18 22 -1 43 -8 -3 -11
5 12 11 -4 33 -24 17 -6 17 12 12 -8 64 1 -15
-12 35 0 -45 5 8 7 -3 10 -34 9 -3 1 52 16
-14 23 -34 -32 -26 12 8 3 -19 -4 21 -11 -15 16 74

