Q_obj 
76 21 28 -7 33 -40 -5 -7 -8 31
21 94 13 -33 -23 -35 -7 -14 3 33
28 13 109 -33 -10 -32 -40 42 15 71
-7 -33 -33 113 -3 -18 -21 25 28 -39
33 -23 -10 -3 68 11 40 -20 11 -26
-40 -35 -32 -18 11 106 31 13 -6 -40
-5 -7 -40 -21 40 31 95 17 -15 -9
-7 -14 42 25 -20 13 17 106 7 44
-8 3 15 28 11 -6 -15 7 83 -11
31 33 71 -39 -26 -40 -9 44 -11 113

Q_cnstr 
74 -14 -4 23 -2 -18 24 -9 -6 17
-14 62 18 -15 0 6 4 4 -2 4
-4 18 59 -13 1 20 6 -3 8 16
23 -15 -13 55 10 -14 6 -9 26 15
-2 0 1 10 23 3 0 -9 19 -16
-18 6 20 -14 3 45 4 -19 -6 -14
24 4 6 6 0 4 20 -12 8 -8
-9 4 -3 -9 -9 -19 -12 28 -20 9
-6 -2 8 26 19 -6 8 -20 59 -12
17 4 16 15 -16 -14 -8 9 -12 77

