Q_obj 
750 -36 -141 176 248 -133 57 212 449 190 37 -278 -204 -243
-36 415 -12 -138 36 277 -158 -72 -87 -427 45 1 408 -8
-141 -12 711 -133 227 236 -467 -67 363 -12 -84 10 108 139
176 -138 -133 654 78 107 181 156 171 451 161 -53 -67 173
248 36 227 78 991 469 294 330 413 70 -28 -455 21 -200
-133 277 236 107 469 841 125 294 -36 -47 5 -97 399 153
57 -158 -467 181 294 125 1255 652 -406 523 -29 -156 -208 -161
212 -72 -67 156 330 294 652 961 -254 496 1 -214 -121 42
449 -87 363 171 413 -36 -406 -254 1196 267 -31 -629 36 129
190 -427 -12 451 70 -47 523 496 267 1155 -60 -387 -535 393
37 45 -84 161 -28 5 -29 1 -31 -60 410 225 110 21
-278 1 10 -53 -455 -97 -156 -214 -629 -387 225 909 -21 -211
-204 408 108 -67 21 399 -208 -121 36 -535 110 -21 833 91
-243 -8 139 173 -200 153 -161 42 129 393 21 -211 91 607

Q_cnstr 
25 -5 4 0 -2 7 0 1 -2 -12 -14 -12 11 10
-5 94 -14 -29 45 7 29 -3 -4 -12 -5 37 23 -7
4 -14 28 11 12 -8 -12 -2 6 11 5 -21 -20 -7
0 -29 11 49 -4 -9 -26 2 4 11 5 -20 -24 -10
-2 45 12 -4 71 3 19 12 -1 -6 4 -7 1 -19
7 7 -8 -9 3 30 15 20 16 4 -11 9 21 6
0 29 -12 -26 19 15 77 9 -2 3 -4 4 28 -31
1 -3 -2 2 12 20 9 80 2 21 -3 -10 33 -1
-2 -4 6 4 -1 16 -2 2 34 2 8 -7 -2 6
-12 -12 11 11 -6 4 3 21 2 51 2 23 -15 -22
-14 -5 5 5 4 -11 -4 -3 8 2 33 -5 -3 -9
-12 37 -21 -20 -7 9 4 -10 -7 23 -5 92 11 7
11 23 -20 -24 1 21 28 33 -2 -15 -3 11 71 19
10 -7 -7 -10 -19 6 -31 -1 6 -22 -9 7 19 43

