Q_obj 
205 -20 33 -7 -31 -89 36 0 18 -34 -31 7 29 25 67
-20 111 -16 -17 39 13 -12 16 -26 -51 2 -16 -3 -31 -25
33 -16 148 39 30 -32 57 -23 -20 7 1 47 27 -19 -11
-7 -17 39 97 -23 -51 -29 -25 -44 11 13 10 22 -12 15
-31 39 30 -23 145 19 -17 -40 -43 -13 -40 29 -33 -30 -34
-89 13 -32 -51 19 139 -28 71 27 29 25 -20 -29 -14 -16
36 -12 57 -29 -17 -28 161 -15 26 42 27 -5 23 7 -3
0 16 -23 -25 -40 71 -15 117 64 9 51 -9 27 -18 13
18 -26 -20 -44 -43 27 26 64 142 7 -8 29 30 -13 -27
-34 -51 7 11 -13 29 42 9 7 172 70 -77 -14 -22 4
-31 2 1 13 -40 25 27 51 -8 70 116 -23 35 -14 12
7 -16 47 10 29 -20 -5 -9 29 -77 -23 159 -6 -30 -50
29 -3 27 22 -33 -29 23 27 30 -14 35 -6 175 92 57
25 -31 -19 -12 -30 -14 7 -18 -13 -22 -14 -30 92 131 63
67 -25 -11 15 -34 -16 -3 13 -27 4 12 -50 57 63 88

Q_cnstr 
78 -27 38 7 -6 -4 -9 39 -7 21 20 13 -9 -1 25
-27 44 -12 11 -1 -5 -14 -27 12 -15 -25 5 -14 5 -29
38 -12 116 15 44 -8 -11 -38 -55 16 -7 7 -12 -7 40
7 11 15 40 8 -3 -7 4 -23 -6 7 15 -31 2 6
-6 -1 44 8 68 -1 16 -37 -45 3 -4 -18 5 -10 0
-4 -5 -8 -3 -1 32 1 5 20 6 15 -4 -6 -9 -28
-9 -14 -11 -7 16 1 87 15 -3 -5 28 1 16 -27 31
39 -27 -38 4 -37 5 15 112 6 17 38 21 8 -16 8
-7 12 -55 -23 -45 20 -3 6 86 -11 -3 15 -2 2 -27
21 -15 16 -6 3 6 -5 17 -11 25 4 5 3 -10 5
20 -25 -7 7 -4 15 28 38 -3 4 42 3 -9 -9 5
13 5 7 15 -18 -4 1 21 15 5 3 57 -31 -11 23
-9 -14 -12 -31 5 -6 16 8 -2 3 -9 -31 62 0 11
-1 5 -7 2 -10 -9 -27 -16 2 -10 -9 -11 0 31 -1
25 -29 40 6 0 -28 31 8 -27 5 5 23 11 -1 98

