Q_obj 
235 18 28 -57 -26 -1 -78 17 3 -35 -50 16 -15 71 55 -68 137
18 195 -44 43 34 23 -15 -58 41 -31 -14 47 42 -20 -117 29 68
28 -44 172 -6 -68 -23 32 41 69 -13 -58 -17 3 35 40 -28 26
-57 43 -6 137 19 -17 -9 -23 -13 -2 13 9 26 -6 -3 -2 -5
-26 34 -68 19 203 34 -26 -47 25 -11 2 20 -3 1 47 76 -25
-1 23 -23 -17 34 119 -1 -10 29 -38 57 41 -26 -28 -7 19 -22
-78 -15 32 -9 -26 -1 154 -47 -13 16 8 43 15 9 -17 -52 -3
17 -58 41 -23 -47 -10 -47 282 -90 30 -15 -9 -65 28 45 -104 47
3 41 69 -13 25 29 -13 -90 228 -65 11 9 65 -2 -16 106 -37
-35 -31 -13 -2 -11 -38 16 30 -65 223 -22 11 6 15 38 -61 -12
-50 -14 -58 13 2 57 8 -15 11 -22 177 14 -44 -6 6 8 -53
16 47 -17 9 20 41 43 -9 9 11 14 150 56 -10 39 -67 58
-15 42 3 26 -3 -26 15 -65 65 6 -44 56 161 12 -8 11 -5
71 -20 35 -6 1 -28 9 28 -2 15 -6 -10 12 131 19 -54 31
55 -117 40 -3 47 -7 -17 45 -16 38 6 39 -8 19 219 -51 17
-68 29 -28 -2 76 19 -52 -104 106 -61 8 -67 11 -54 -51 205 -112
137 68 26 -5 -25 -22 -3 47 -37 -12 -53 58 -5 31 17 -112 165

Q_cnstr 
43 -8 -1 2 2 -4 -8 -1 -6 4 12 6 -4 16 7 -19 1
-8 34 1 -4 13 2 -5 -1 3 4 -2 3 0 20 -6 1 7
-1 1 22 -3 -9 -13 -6 0 9 3 7 8 -9 0 5 -1 8
2 -4 -3 41 -6 -20 -6 3 -6 -8 -10 3 5 1 20 16 -4
2 13 -9 -6 54 14 15 -9 -6 9 -1 15 8 12 -5 8 -7
-4 2 -13 -20 14 55 11 1 -10 -5 -7 -3 5 -5 -14 -15 -4
-8 -5 -6 -6 15 11 42 3 -3 12 4 8 12 -13 -9 7 -23
-1 -1 0 3 -9 1 3 12 -2 3 6 0 2 -3 -1 3 -3
-6 3 9 -6 -6 -10 -3 -2 23 0 4 9 -18 -8 -17 6 14
4 4 3 -8 9 -5 12 3 0 30 17 6 10 10 -8 10 -11
12 -2 7 -10 -1 -7 4 6 4 17 32 1 -7 9 -6 -15 -4
6 3 8 3 15 -3 8 0 9 6 1 36 -2 9 -2 6 -1
-4 0 -9 5 8 5 12 2 -18 10 -7 -2 37 9 11 25 -14
16 20 0 1 12 -5 -13 -3 -8 10 9 9 9 49 4 -14 2
7 -6 5 20 -5 -14 -9 -1 -17 -8 -6 -2 11 4 37 -5 -9
-19 1 -1 16 8 -15 7 3 6 10 -15 6 25 -14 -5 72 7
1 7 8 -4 -7 -4 -23 -3 14 -11 -4 -1 -14 2 -9 7 29

