Q_obj 
2899 -54 489 89 -969 473 103 401 -38 -537 32 -222 -488 -110 -123 -348 -351 -115 331 -149 -275 -52 -123 -8 -229 -418 177 -34 778 -264 -280 461 509 -299 -276 406 194 -176 262 534 -298 517 -466 347 -262 218 -560 -626 -454 68 13 -440
-54 2825 552 -148 690 14 -111 150 383 -435 269 -311 154 -117 306 65 930 -419 -731 -338 -381 627 -483 -468 675 -114 -567 366 550 -152 -205 -439 -129 -398 -125 58 0 224 92 -351 -1074 237 -315 -12 -669 187 15 758 98 273 -203 -491
489 552 2864 -119 -323 -550 -185 -74 -67 -181 -194 -634 -431 242 59 -514 -345 -261 -433 -954 -986 219 -208 277 -100 -429 238 -522 -48 200 -153 751 -228 289 -579 -336 -18 -11 332 575 18 17 73 -487 54 -640 446 491 380 -144 -6 -335
89 -148 -119 2302 -135 238 -153 351 -99 -235 703 -217 83 220 34 172 -154 214 194 -5 145 -329 659 -55 393 -71 -27 168 441 487 76 305 309 -509 -303 123 -165 -335 -41 -34 -316 -14 117 -236 -59 -285 -216 99 -280 804 302 -100
-969 690 -323 -135 3266 -347 -101 -142 102 -63 599 191 -329 -172 306 340 252 -213 -28 -344 -115 -323 313 -264 481 480 -283 -129 -490 333 265 50 -652 153 632 259 -468 321 -379 -252 -34 -457 -108 274 -439 46 33 219 -64 -221 -758 164
473 14 -550 238 -347 2805 238 588 -173 331 -86 -7 429 -29 55 528 -193 86 -497 368 442 113 -281 -375 -353 31 297 41 125 353 -675 -716 191 16 -23 257 -17 290 -577 229 -345 307 -472 309 -765 329 -514 -1125 -90 299 229 -95
103 -111 -185 -153 -101 238 2774 -20 -243 94 272 -168 559 173 -600 137 477 82 165 -28 177 -540 237 -388 -198 -282 159 -24 211 -119 131 -585 -696 -581 -177 122 -361 -453 158 63 -56 -147 269 17 -316 466 335 -407 -411 -537 -272 -249
401 150 -74 351 -142 588 -20 2579 -123 -272 29 -468 -6 -21 -102 542 -543 -1274 296 203 386 79 -325 318 -184 206 124 -394 186 -132 -826 -147 250 -455 -200 -419 26 35 -175 862 -384 892 213 -314 -651 28 -133 -167 -165 248 21 -44
-38 383 -67 -99 102 -173 -243 -123 2932 -419 49 377 -576 -518 908 776 -200 -124 -115 -133 -319 614 -829 -303 480 220 108 52 -714 -734 -618 -175 32 -770 218 -229 -38 -91 -19 -205 -197 461 -355 188 -522 -351 161 115 -457 -422 -28 -550
-537 -435 -181 -235 -63 331 94 -272 -419 3235 84 236 902 665 213 -964 -761 139 174 187 440 -302 -28 -268 525 -978 438 -196 16 291 522 -192 437 -71 -164 -76 -399 278 -314 -141 10 69 -368 147 401 79 -170 -69 640 325 577 89
32 269 -194 703 599 -86 272 29 49 84 2481 23 549 85 477 -131 -533 -518 -47 771 -362 -393 307 -247 -343 -270 -389 500 -79 -59 265 151 490 -642 -583 462 -561 -309 57 -122 -125 0 71 -140 -525 99 156 527 225 613 -285 -76
-222 -311 -634 -217 191 -7 -168 -468 377 236 23 2555 -157 -103 186 588 292 256 -15 -88 -304 -217 283 211 2 553 -441 300 -587 306 771 -318 -234 -213 616 165 -330 -361 -412 341 156 -504 -434 456 116 574 -87 -598 581 -60 -19 297
-488 154 -431 83 -329 429 559 -6 -576 902 549 -157 3179 302 -722 -250 108 -129 111 273 261 -538 -53 -77 -523 -516 -511 418 -340 472 84 -861 286 -551 -336 -247 428 129 -617 -602 -422 -312 -175 56 -361 562 -16 -330 125 349 -45 -747
-110 -117 242 220 -172 -29 173 -21 -518 665 85 -103 302 1750 59 -554 -112 134 -124 173 59 -408 412 202 384 -461 -50 402 324 340 247 227 57 243 -90 139 307 377 -247 -286 194 -60 24 1 475 297 -334 -129 202 223 426 -368
-123 306 59 34 306 55 -600 -102 908 213 477 186 -722 59 3086 360 130 60 -230 -108 91 695 -96 -131 289 634 -337 -462 -519 -237 67 41 16 228 -163 397 -67 -246 136 438 -26 614 214 -501 -598 254 202 744 -877 282 -125 -634
-348 65 -514 172 340 528 137 542 776 -964 -131 588 -250 -554 360 3011 104 -129 -140 -234 -43 -554 -71 -111 51 804 -358 -40 -357 -169 -301 -940 -638 -437 823 -104 67 329 430 118 264 -549 307 -609 -838 44 353 -511 -273 -35 245 -230
-351 930 -345 -154 252 -193 477 -543 -200 -761 -533 292 108 -112 130 104 2953 266 -295 -30 -259 458 -20 -38 9 432 -351 208 -71 256 3 -723 -225 -228 498 17 281 309 416 119 -380 -360 -368 363 566 935 149 168 -201 -121 -702 -576
-115 -419 -261 214 -213 86 82 -1274 -124 139 -518 256 -129 134 60 -129 266 3190 -1 -1051 652 -308 330 -208 405 -378 -297 278 770 -94 522 -47 -542 815 594 895 331 -242 -237 -606 155 -974 149 -125 847 -372 -280 -164 -55 -289 348 91
331 -731 -433 194 -28 -497 165 296 -115 174 -47 -15 111 -124 -230 -140 -295 -1 2425 -159 -11 -413 124 338 -383 -109 397 -84 0 152 -145 487 -39 -469 -53 -82 -266 -9 32 -25 407 -107 495 -319 309 259 -472 -184 -231 -492 52 114
-149 -338 -954 -5 -344 368 -28 203 -133 187 771 -88 273 173 -108 -234 -30 -1051 -159 3052 332 63 378 -443 -190 283 260 480 -542 -205 -103 -154 810 -721 -512 15 36 299 -6 228 600 423 340 635 -286 691 -190 100 193 702 211 478
-275 -381 -986 145 -115 442 177 386 -319 440 -362 -304 261 59 91 -43 -259 652 -11 332 2542 236 320 -164 291 -59 -5 306 423 -543 -430 -43 -59 53 198 -107 -420 67 -267 630 895 320 458 -109 -260 -196 283 -80 -854 256 212 244
-52 627 219 -329 -323 113 -540 79 614 -302 -393 -217 -538 -408 695 -554 458 -308 -413 63 236 2203 -189 -262 88 606 377 417 -19 -242 -961 23 -76 -74 -128 159 -79 41 -131 875 -38 541 -130 220 -199 129 18 542 107 96 -605 -180
-123 -483 -208 659 313 -281 237 -325 -829 -28 307 283 -53 412 -96 -71 -20 330 124 378 320 -189 2413 -253 445 334 40 735 508 390 380 331 -397 563 -101 282 -355 -492 328 434 79 -787 70 -68 298 98 -597 21 99 630 239 412
-8 -468 277 -55 -264 -375 -388 318 -303 -268 -247 211 -77 202 -131 -111 -38 -208 338 -443 -164 -262 -253 1743 15 393 296 79 70 -135 -241 288 130 -53 -76 270 -27 409 -217 208 253 -112 533 154 667 145 -231 188 -12 -5 224 97
-229 675 -100 393 481 -353 -198 -184 480 525 -343 2 -523 384 289 51 9 405 -383 -190 291 88 445 15 2829 95 -592 289 754 -231 276 -227 -488 -305 159 235 -140 135 4 20 -269 -62 -193 366 377 254 65 192 4 415 710 -531
-418 -114 -429 -71 480 31 -282 206 220 -978 -270 553 -516 -461 634 804 432 -378 -109 283 -59 606 334 393 95 2807 -267 97 -308 -541 -320 2 -604 36 5 159 -375 -115 -387 646 394 -493 212 150 -617 582 174 222 -698 -465 -208 -239
177 -567 238 -27 -283 297 159 124 108 438 -389 -441 -511 -50 -337 -358 -351 -297 397 260 -5 377 40 296 -592 -267 2314 -59 100 263 -793 462 228 331 -63 296 -572 225 -103 482 340 -41 433 609 352 -259 -500 -272 90 172 198 538
-34 366 -522 168 -129 41 -24 -394 52 -196 500 300 418 402 -462 -40 208 278 -84 480 306 417 735 79 289 97 -59 2552 318 -185 -620 411 -175 -452 287 73 -749 398 -249 141 327 -153 -534 -225 100 402 -427 182 885 255 164 376
778 550 -48 441 -490 125 211 186 -714 16 -79 -587 -340 324 -519 -357 -71 770 0 -542 423 -19 508 70 754 -308 100 318 2614 -110 288 47 -304 336 -192 533 259 136 173 -154 -337 -642 -130 262 212 -316 -461 53 -149 428 428 -553
-264 -152 200 487 333 353 -119 -132 -734 291 -59 306 472 340 -237 -169 256 -94 152 -205 -543 -242 390 -135 -231 -541 263 -185 -110 2490 219 381 -287 140 240 -234 238 -35 -673 -92 -417 -65 -323 617 2 41 -77 -233 840 136 -121 -306
-280 -205 -153 76 265 -675 131 -826 -618 522 265 771 84 247 67 -301 3 522 -145 -103 -430 -961 380 -241 276 -320 -793 -620 288 219 2559 -347 -328 519 -36 -93 579 -551 260 -619 -182 -612 395 131 575 146 256 235 -234 -123 -207 174
461 -439 751 305 50 -716 -585 -147 -175 -192 151 -318 -861 227 41 -940 -723 -47 487 -154 -43 23 331 288 -227 2 462 411 47 381 -347 2670 -133 138 -203 -493 -830 246 17 648 426 274 -332 -64 112 -933 -358 513 282 -75 269 168
509 -129 -228 309 -652 191 -696 250 32 437 490 -234 286 57 16 -638 -225 -542 -39 810 -59 -76 -397 130 -488 -604 228 -175 -304 -287 -328 -133 2212 -216 -494 80 -65 281 221 -593 -268 586 -200 29 180 162 -412 38 -230 837 212 416
-299 -398 289 -509 153 16 -581 -455 -770 -71 -642 -213 -551 243 228 -437 -228 815 -469 -721 53 -74 563 -53 -305 36 331 -452 336 140 519 138 -216 2654 383 -208 570 -442 269 -342 -79 -74 -94 -627 338 -545 -96 -161 -306 -206 78 430
-276 -125 -579 -303 632 -23 -177 -200 218 -164 -583 616 -336 -90 -163 823 498 594 -53 -512 198 -128 -101 -76 159 5 -63 287 -192 240 -36 -203 -494 383 2211 104 126 743 56 -45 802 -381 -210 -42 100 -97 45 -676 508 -552 267 139
406 58 -336 123 259 257 122 -419 -229 -76 462 165 -247 139 397 -104 17 895 -82 15 -107 159 282 270 235 159 296 73 533 -234 -93 -493 80 -208 104 2629 31 -1 -216 27 41 -842 389 350 216 658 -502 -240 309 639 115 184
194 0 -18 -165 -468 -17 -361 26 -38 -399 -561 -330 428 307 -67 67 281 331 -266 36 -420 -79 -355 -27 -140 -375 -572 -749 259 238 579 -830 -65 570 126 31 2781 -337 -59 -826 -469 104 111 -16 -16 -101 -193 169 -258 102 -311 -620
-176 224 -11 -335 321 290 -453 35 -91 278 -309 -361 129 377 -246 329 309 -242 -9 299 67 41 -492 409 135 -115 225 398 136 -35 -551 246 281 -442 743 -1 -337 2657 218 -46 476 90 -57 64 193 85 -423 -297 151 104 644 -389
262 92 332 -41 -379 -577 158 -175 -19 -314 57 -412 -617 -247 136 430 416 -237 32 -6 -267 -131 328 -217 4 -387 -103 -249 173 -673 260 17 221 269 56 -216 -59 218 2559 -155 -290 227 175 -893 398 -31 140 712 -223 454 -87 -47
534 -351 575 -34 -252 229 63 862 -205 -141 -122 341 -602 -286 438 118 119 -606 -25 228 630 875 434 208 20 646 482 141 -154 -92 -619 648 -593 -342 -45 27 -826 -46 -155 2785 579 143 -82 -85 -24 -129 219 -256 106 141 -169 -291
-298 -1074 18 -316 -34 -345 -56 -384 -197 10 -125 156 -422 194 -26 264 -380 155 407 600 895 -38 79 253 -269 394 340 327 -337 -417 -182 426 -268 -79 802 41 -469 476 -290 579 2602 -501 573 172 63 -42 227 -458 -273 -281 546 644
517 237 17 -14 -457 307 -147 892 461 69 0 -504 -312 -60 614 -549 -360 -974 -107 423 320 541 -787 -112 -62 -493 -41 -153 -642 -65 -612 274 586 -74 -381 -842 104 90 227 143 -501 2834 -117 -289 -245 -161 48 490 -571 124 -227 177
-466 -315 73 117 -108 -472 269 213 -355 -368 71 -434 -175 24 214 307 -368 149 495 340 458 -130 70 533 -193 212 433 -534 -130 -323 395 -332 -200 -94 -210 389 111 -57 175 -82 573 -117 2347 -68 427 140 247 864 -737 -204 165 330
347 -12 -487 -236 274 309 17 -314 188 147 -140 456 56 1 -501 -609 363 -125 -319 635 -109 220 -68 154 366 150 609 -225 262 617 131 -64 29 -627 -42 350 -16 64 -893 -85 172 -289 -68 2793 384 183 -434 -684 -35 516 -54 -101
-262 -669 54 -59 -439 -765 -316 -651 -522 401 -525 116 -361 475 -598 -838 566 847 309 -286 -260 -199 298 667 377 -617 352 100 212 2 575 112 180 338 100 216 -16 193 398 -24 63 -245 427 384 2661 -204 -439 121 364 96 437 257
218 187 -640 -285 46 329 466 28 -351 79 99 574 562 297 254 44 935 -372 259 691 -196 129 98 145 254 582 -259 402 -316 41 146 -933 162 -545 -97 658 -101 85 -31 -129 -42 -161 140 183 -204 2243 3 -236 94 -9 -351 -217
-560 15 446 -216 33 -514 335 -133 161 -170 156 -87 -16 -334 202 353 149 -280 -472 -190 283 18 -597 -231 65 174 -500 -427 -461 -77 256 -358 -412 -96 45 -502 -193 -423 140 219 227 48 247 -434 -439 3 1921 51 30 -380 -511 -113
-626 758 491 99 219 -1125 -407 -167 115 -69 527 -598 -330 -129 744 -511 168 -164 -184 100 -80 542 21 188 192 222 -272 182 53 -233 235 513 38 -161 -676 -240 169 -297 712 -256 -458 490 864 -684 121 -236 51 2735 -146 -105 -591 -261
-454 98 380 -280 -64 -90 -411 -165 -457 640 225 581 125 202 -877 -273 -201 -55 -231 193 -854 107 99 -12 4 -698 90 885 -149 840 -234 282 -230 -306 508 309 -258 151 -223 106 -273 -571 -737 -35 364 94 30 -146 2972 160 -165 473
68 273 -144 804 -221 299 -537 248 -422 325 613 -60 349 223 282 -35 -121 -289 -492 702 256 96 630 -5 415 -465 172 255 428 136 -123 -75 837 -206 -552 639 102 104 454 141 -281 124 -204 516 96 -9 -380 -105 160 2345 391 231
13 -203 -6 302 -758 229 -272 21 -28 577 -285 -19 -45 426 -125 245 -702 348 52 211 212 -605 239 224 710 -208 198 164 428 -121 -207 269 212 78 267 115 -311 644 -87 -169 546 -227 165 -54 437 -351 -511 -591 -165 391 2378 -91
-440 -491 -335 -100 164 -95 -249 -44 -550 89 -76 297 -747 -368 -634 -230 -576 91 114 478 244 -180 412 97 -531 -239 538 376 -553 -306 174 168 416 430 139 184 -620 -389 -47 -291 644 177 330 -101 257 -217 -113 -261 473 231 -91 2836

Q_cnstr 
116 15 0 11 22 -4 -8 1 -5 14 -18 -16 37 -4 -39 -1 31 -11 12 23 -6 9 -10 19 1 3 10 -6 -6 -1 -21 -7 13 -11 -18 14 7 -9 -23 8 -13 16 -12 -23 19 11 -11 9 -7 3 28 -3
15 142 -6 18 -5 -23 20 -6 34 33 -35 -14 5 5 -15 -13 15 -22 36 18 2 6 -14 -1 -3 -26 5 -11 24 -28 5 9 -15 5 -15 15 -9 18 -30 10 17 20 2 -1 -18 26 9 -16 8 10 10 -10
0 -6 89 3 6 -22 15 2 -19 15 17 -19 3 -3 -10 -13 -2 -7 -8 12 -4 10 -26 27 17 -10 -17 2 -16 16 -17 -14 3 -37 1 11 0 -7 -8 6 -15 -4 1 -11 12 -1 -5 0 -7 -3 -3 3
11 18 3 79 -11 -3 -17 -14 -12 -2 -14 4 9 -8 -2 7 -3 30 17 -17 -3 2 8 -13 1 -14 3 -6 3 15 -23 -1 0 -3 -6 -7 0 -14 -18 -8 19 3 -7 -19 10 0 32 -1 6 14 4 0
22 -5 6 -11 134 37 -18 -1 15 12 -3 4 11 -13 -3 -27 5 -47 41 -4 3 3 -5 13 10 7 3 -6 -6 -15 50 -4 -10 5 -20 -6 9 8 3 3 -13 -2 -2 1 2 3 4 -13 -23 -7 6 -6
-4 -23 -22 -3 37 103 -35 5 21 3 22 2 -16 32 -7 16 12 12 12 -4 9 6 -12 -21 1 30 14 -8 -2 -24 16 1 -7 25 12 -28 24 7 -6 -2 25 -16 -18 0 -5 -4 27 -30 1 -15 -1 -24
-8 20 15 -17 -18 -35 110 -6 -24 -19 -16 -15 3 13 2 -35 -4 -1 -3 -4 -7 -15 15 1 -14 -18 -9 -8 3 18 3 -6 -11 27 -6 -5 -18 7 8 -20 -3 7 1 -7 0 6 -23 19 -3 2 -3 11
1 -6 2 -14 -1 5 -6 37 0 2 -1 -4 -5 3 10 2 7 5 -7 -6 4 -12 -17 0 8 1 -8 2 -5 -28 -8 -9 -1 0 6 3 -1 17 24 -8 -7 6 -4 9 1 -3 2 4 -2 -4 -8 8
-5 34 -19 -12 15 21 -24 0 149 7 -21 -17 20 -20 -10 -11 30 -12 44 25 -8 14 -45 11 2 1 -9 -9 8 -38 20 9 7 -2 -5 -3 -12 -15 -43 25 4 11 25 -16 -56 19 10 -7 -16 -10 19 -14
14 33 15 -2 12 3 -19 2 7 117 -2 -10 -1 0 2 -5 -9 3 32 9 -2 -3 -14 17 21 16 10 1 -9 0 6 -23 3 -31 17 24 4 -4 -17 17 -8 11 5 11 -7 12 -10 -1 7 2 -10 -20
-18 -35 17 -14 -3 22 -16 -1 -21 -2 155 -25 2 -11 3 -4 0 62 -26 24 -6 -16 -20 0 -29 -8 -12 -1 -9 18 -29 4 -23 11 17 -31 21 19 6 -2 -20 -26 1 26 19 -12 -37 -1 -4 -17 -8 7
-16 -14 -19 4 4 2 -15 -4 -17 -10 -25 57 -26 -9 3 24 -10 -9 6 -26 11 7 38 -17 -7 -6 -4 12 -1 -12 29 5 11 9 -3 -4 -5 -5 3 2 5 13 -3 9 6 0 13 -11 10 21 -5 6
37 5 3 9 11 -16 3 -5 20 -1 2 -26 108 -10 -9 -35 8 -6 -12 26 -15 -15 -17 8 -6 -7 13 0 11 6 -3 10 19 -3 -16 7 -14 1 -13 7 -6 15 12 -4 5 -4 -14 2 -16 -17 22 7
-4 5 -3 -8 -13 32 13 3 -20 0 -11 -9 -10 126 -1 8 -17 -5 -3 -18 16 27 -14 -38 5 5 27 4 6 -3 24 4 -5 18 34 14 17 18 -2 10 15 -16 -29 13 15 7 13 -9 -3 -17 -10 -2
-39 -15 -10 -2 -3 -7 2 10 -10 2 3 3 -9 -1 125 10 -17 47 -25 -16 -4 -49 -5 2 9 5 4 2 -8 -20 27 -24 -15 8 20 -2 -9 13 15 5 -6 -16 -3 0 -3 -17 3 -10 -9 -31 2 21
-1 -13 -13 7 -27 16 -35 2 -11 -5 -4 24 -35 8 10 105 10 22 3 -20 12 -3 21 -1 7 -14 1 -1 -29 -11 15 -13 12 -9 8 4 8 -3 -29 11 11 -20 -6 -9 -4 6 11 -10 3 16 9 -15
31 15 -2 -3 5 12 -4 7 30 -9 0 -10 8 -17 -17 10 112 -15 13 -22 4 -3 -12 13 -6 5 -10 1 5 -10 -9 1 -9 5 -39 -7 -6 2 -34 16 -17 2 23 -16 -27 8 4 2 15 -11 14 2
-11 -22 -7 30 -47 12 -1 5 -12 3 62 -9 -6 -5 47 22 -15 186 -30 -3 -7 -14 -21 -27 -20 15 7 -9 -8 26 -23 -9 -2 16 31 -29 -20 5 1 -6 4 -6 -29 -11 36 -9 -6 -3 -16 -13 5 -20
12 36 -8 17 41 12 -3 -7 44 32 -26 6 -12 -3 -25 3 13 -30 152 2 -3 30 -6 4 1 -30 9 -15 -16 -10 28 -12 6 -1 -3 -6 -2 7 -48 11 12 9 0 1 -1 20 9 -2 -8 16 2 -3
23 18 12 -17 -4 -4 -4 -6 25 9 24 -26 26 -18 -16 -20 -22 -3 2 135 -14 -7 -55 20 -1 4 3 -13 -4 -4 11 -1 24 -19 12 0 11 -7 -15 2 10 -9 -2 -7 -19 24 -17 9 -26 13 5 -8
-6 2 -4 -3 3 9 -7 4 -8 -2 -6 11 -15 16 -4 12 4 -7 -3 -14 26 13 3 -7 3 -4 13 3 6 -8 1 6 -5 -6 16 -4 4 -3 17 7 -9 0 -19 13 -6 5 4 1 11 0 -3 -14
9 6 10 2 3 6 -15 -12 14 -3 -16 7 -15 27 -49 -3 -3 -14 30 -7 13 102 -7 -4 3 -12 10 6 15 16 -12 20 8 -18 18 12 -1 -9 -37 29 -2 -1 -19 0 5 6 8 12 -14 9 18 -9
-10 -14 -26 8 -5 -12 15 -17 -45 -14 -20 38 -17 -14 -5 21 -12 -21 -6 -55 3 -7 138 -20 -13 -3 4 6 8 19 -4 4 -17 17 -9 23 -12 -11 2 -11 14 -10 10 13 12 -3 -6 18 29 7 -19 14
19 -1 27 -13 13 -21 1 0 11 17 0 -17 8 -38 2 -1 13 -27 4 20 -7 -4 -20 88 16 -7 -20 0 -10 4 -1 -16 -3 -31 -4 -1 8 -14 -14 32 -34 6 21 -9 6 -1 -15 7 -2 -1 0 -12
1 -3 17 1 10 1 -14 8 2 21 -29 -7 -6 5 9 7 -6 -20 1 -1 3 3 -13 16 41 -1 -1 3 1 -7 -2 -16 2 -19 10 9 6 -6 -4 16 10 -3 -3 -4 0 1 16 -3 -3 -4 -6 -17
3 -26 -10 -14 7 30 -18 1 1 16 -8 -6 -7 5 5 -14 5 15 -30 4 -4 -12 -3 -7 -1 108 11 1 17 7 -2 -13 4 13 -17 10 10 -18 23 -6 13 0 13 -18 2 -10 -2 -12 -3 -14 2 11
10 5 -17 3 3 14 -9 -8 -9 10 -12 -4 13 27 4 1 -10 7 9 3 13 10 4 -20 -1 11 80 0 18 -10 -17 6 -7 0 21 -3 5 -14 4 -2 4 3 -20 11 12 -12 -1 -10 9 8 9 -5
-6 -11 2 -6 -6 -8 -8 2 -9 1 -1 12 0 4 2 -1 1 -9 -15 -13 3 6 6 0 3 1 0 38 18 -5 -5 7 -3 7 1 5 0 1 7 17 -7 8 6 3 3 -5 -3 2 -1 -10 4 -4
-6 24 -16 3 -6 -2 3 -5 8 -9 -9 -1 11 6 -8 -29 5 -8 -16 -4 6 15 8 -10 1 17 18 18 121 8 4 12 -44 4 16 -7 -4 0 -15 18 6 13 -5 -14 1 4 1 -1 1 -8 10 0
-1 -28 16 15 -15 -24 18 -28 -38 0 18 -12 6 -3 -20 -11 -10 26 -10 -4 -8 16 19 4 -7 7 -10 -5 8 135 -8 13 23 0 6 13 -8 7 29 -6 -11 -4 9 -3 21 7 -7 8 18 9 -4 12
-21 5 -17 -23 50 16 3 -8 20 6 -29 29 -3 24 27 15 -9 -23 28 11 1 -12 -4 -1 -2 -2 -17 -5 4 -8 159 -8 11 14 -14 1 2 18 -19 4 -10 4 15 0 -27 20 -5 -13 -23 9 -20 5
-7 9 -14 -1 -4 1 -6 -9 9 -23 4 5 10 4 -24 -13 1 -9 -12 -1 6 20 4 -16 -16 -13 6 7 12 13 -8 69 4 0 -13 -7 -4 4 5 2 -9 11 1 19 -8 8 6 -24 6 -4 15 -13
13 -15 3 0 -10 -7 -11 -1 7 3 -23 11 19 -5 -15 12 -9 -2 6 24 -5 8 -17 -3 2 4 -7 -3 -44 23 11 4 97 -16 5 17 -3 -9 3 9 16 18 3 1 -5 2 -6 -13 4 23 8 11
-11 5 -37 -3 5 25 27 0 -2 -31 11 9 -3 18 8 -9 5 16 -1 -19 -6 -18 17 -31 -19 13 0 7 4 0 14 0 -16 122 -16 -23 9 31 15 -31 12 14 6 13 3 0 10 -18 -4 -8 -11 18
-18 -15 1 -6 -20 12 -6 6 -5 17 17 -3 -16 34 20 8 -39 31 -3 12 16 18 -9 -4 10 -17 21 1 16 6 -14 -13 5 -16 125 -6 6 -10 8 12 21 -22 -36 20 8 3 -24 30 -11 -7 -14 -5
14 15 11 -7 -6 -28 -5 3 -3 24 -31 -4 7 14 -2 4 -7 -29 -6 0 -4 12 23 -1 9 10 -3 5 -7 13 1 -7 17 -23 -6 105 -4 -6 -6 25 8 11 17 8 -13 -17 -6 29 5 -17 -7 12
7 -9 0 0 9 24 -18 -1 -12 4 21 -5 -14 17 -9 8 -6 -20 -2 11 4 -1 -12 8 6 10 5 0 -4 -8 2 -4 -3 9 6 -4 55 1 3 10 -7 -11 3 8 3 2 -13 -7 -7 -6 1 0
-9 18 -7 -14 8 7 7 17 -15 -4 19 -5 1 18 13 -3 2 5 7 -7 -3 -9 -11 -14 -6 -18 -14 1 0 7 18 4 -9 31 -10 -6 1 73 10 0 -13 -4 -11 13 7 0 3 -15 -8 -6 -6 0
-23 -30 -8 -18 3 -6 8 24 -43 -17 6 3 -13 -2 15 -29 -34 1 -48 -15 17 -37 2 -14 -4 23 4 7 -15 29 -19 5 3 15 8 -6 3 10 184 -68 -15 -4 -6 38 14 -7 -16 7 8 4 -23 1
8 10 6 -8 3 -2 -20 -8 25 17 -2 2 7 10 5 11 16 -6 11 2 7 29 -11 32 16 -6 -2 17 18 -6 4 2 9 -31 12 25 10 0 -68 101 -16 6 2 -9 7 -5 -5 -12 6 -28 11 -29
-13 17 -15 19 -13 25 -3 -7 4 -8 -20 5 -6 15 -6 11 -17 4 12 10 -9 -2 14 -34 10 13 4 -7 6 -11 -10 -9 16 12 21 8 -7 -13 -15 -16 105 -11 2 -2 17 -3 19 4 -4 4 -6 12
16 20 -4 3 -2 -16 7 6 11 11 -26 13 15 -16 -16 -20 2 -6 9 -9 0 -1 -10 6 -3 0 3 8 13 -4 4 11 18 14 -22 11 -11 -4 -4 6 -11 63 6 12 7 -10 14 -20 16 11 7 10
-12 2 1 -7 -2 -18 1 -4 25 5 1 -3 12 -29 -3 -6 23 -29 0 -2 -19 -19 10 21 -3 13 -20 6 -5 9 15 1 3 6 -36 17 3 -11 -6 2 2 6 74 -2 -6 -4 -13 -6 8 2 -3 27
-23 -1 -11 -19 1 0 -7 9 -16 11 26 9 -4 13 0 -9 -16 -11 1 -7 13 0 13 -9 -4 -18 11 3 -14 -3 0 19 1 13 20 8 8 13 38 -9 -2 12 -2 77 3 -11 -5 7 19 1 -18 4
19 -18 12 10 2 -5 0 1 -56 -7 19 6 5 15 -3 -4 -27 36 -1 -19 -6 5 12 6 0 2 12 3 1 21 -27 -8 -5 3 8 -13 3 7 14 7 17 7 -6 3 110 -15 2 -26 0 -9 -7 17
11 26 -1 0 3 -4 6 -3 19 12 -12 0 -4 7 -17 6 8 -9 20 24 5 6 -3 -1 1 -10 -12 -5 4 7 20 8 2 0 3 -17 2 0 -7 -5 -3 -10 -4 -11 -15 57 -3 1 -7 10 8 -14
-11 9 -5 32 4 27 -23 2 10 -10 -37 13 -14 13 3 11 4 -6 9 -17 4 8 -6 -15 16 -2 -1 -3 1 -7 -5 6 -6 10 -24 -6 -13 3 -16 -5 19 14 -13 -5 2 -3 87 -33 24 3 -1 -6
9 -16 0 -1 -13 -30 19 4 -7 -1 -1 -11 2 -9 -10 -10 2 -3 -2 9 1 12 18 7 -3 -12 -10 2 -1 8 -13 -24 -13 -18 30 29 -7 -15 7 -12 4 -20 -6 7 -26 1 -33 103 -21 3 -14 15
-7 8 -7 6 -23 1 -3 -2 -16 7 -4 10 -16 -3 -9 3 15 -16 -8 -26 11 -14 29 -2 -3 -3 9 -1 1 18 -23 6 4 -4 -11 5 -7 -8 8 6 -4 16 8 19 0 -7 24 -21 90 4 -23 -7
3 10 -3 14 -7 -15 2 -4 -10 2 -17 21 -17 -17 -31 16 -11 -13 16 13 0 9 7 -1 -4 -14 8 -10 -8 9 9 -4 23 -8 -7 -17 -6 -6 4 -28 4 11 2 1 -9 10 3 3 4 83 -10 10
28 10 -3 4 6 -1 -3 -8 19 -10 -8 -5 22 -10 2 9 14 5 2 5 -3 18 -19 0 -6 2 9 4 10 -4 -20 15 8 -11 -14 -7 1 -6 -23 11 -6 7 -3 -18 -7 8 -1 -14 -23 -10 77 5
-3 -10 3 0 -6 -24 11 8 -14 -20 7 6 7 -2 21 -15 2 -20 -3 -8 -14 -9 14 -12 -17 11 -5 -4 0 12 5 -13 11 18 -5 12 0 0 1 -29 12 10 27 4 17 -14 -6 15 -7 10 5 109

