Q_obj 
237 -137 58 -63 49 31 -56 -99 38 40
-137 225 -55 135 15 -87 75 78 57 -63
58 -55 263 -44 0 8 -159 64 -32 78
-63 135 -44 293 38 -101 24 73 10 -8
49 15 0 38 363 -59 -115 24 151 15
31 -87 8 -101 -59 289 -41 -69 -70 57
-56 75 -159 24 -115 -41 214 15 -6 -161
-99 78 64 73 24 -69 15 163 18 -55
38 57 -32 10 151 -70 -6 18 162 -42
40 -63 78 -8 15 57 -161 -55 -42 285

Q_cnstr 
13 4 10 -3 5 -12 -19 9 13 -14
4 31 -5 -9 -16 -19 -4 -1 -19 -13
10 -5 46 -2 19 -14 -28 -25 19 -3
-3 -9 -2 136 -37 30 12 -34 41 -1
5 -16 19 -37 89 -1 -19 12 13 22
-12 -19 -14 30 -1 68 14 -1 -13 26
-19 -4 -28 12 -19 14 57 3 -18 6
9 -1 -25 -34 12 -1 3 51 3 -11
13 -19 19 41 13 -13 -18 3 68 -11
-14 -13 -3 -1 22 26 6 -11 -11 42

