Q_obj 
194 9 -14 -5 26 35 35 -10 59 -5 -92 26 -24 4 -12
9 158 -101 -44 -24 -70 93 18 23 2 32 11 -22 65 26
-14 -101 161 100 23 80 -50 -24 -47 23 14 32 61 -45 -46
-5 -44 100 188 -55 84 -63 67 -62 -19 30 -46 60 -24 -10
26 -24 23 -55 150 -42 -22 -52 3 -36 -11 87 -3 39 -48
35 -70 80 84 -42 198 -24 25 -63 -21 -9 35 -12 -12 17
35 93 -50 -63 -22 -24 115 -16 36 28 26 16 -37 25 1
-10 18 -24 67 -52 25 -16 156 20 -23 27 -71 -19 28 59
59 23 -47 -62 3 -63 36 20 169 60 -48 -11 6 -24 -9
-5 2 23 -19 -36 -21 28 -23 60 119 -42 0 43 -3 -13
-92 32 14 30 -11 -9 26 27 -48 -42 154 -35 -6 11 7
26 11 32 -46 87 35 16 -71 -11 0 -35 174 -22 30 -33
-24 -22 61 60 -3 -12 -37 -19 6 43 -6 -22 101 -27 -58
4 65 -45 -24 39 -12 25 28 -24 -3 11 30 -27 164 23
-12 26 -46 -10 -48 17 1 59 -9 -13 7 -33 -58 23 111

Q_cnstr 
139 -2 56 19 65 -6 -56 -35 -7 16 -1 -43 -25 83 -35
-2 69 14 -19 9 16 6 -14 6 -3 -8 1 33 6 25
56 14 53 7 15 5 -7 -8 -20 7 13 -27 -3 34 -32
19 -19 7 123 29 -1 -59 -6 -6 6 57 -19 16 -15 -23
65 9 15 29 127 -11 -71 -61 35 -29 45 -77 0 63 29
-6 16 5 -1 -11 66 20 -24 25 4 -11 0 -5 0 7
-56 6 -7 -59 -71 20 111 33 -12 15 -32 21 3 -47 6
-35 -14 -8 -6 -61 -24 33 67 -18 5 -10 47 17 -24 -10
-7 6 -20 -6 35 25 -12 -18 58 -33 -4 -7 19 10 34
16 -3 7 6 -29 4 15 5 -33 73 -20 19 -14 -20 -3
-1 -8 13 57 45 -11 -32 -10 -4 -20 105 -36 26 21 -17
-43 1 -27 -19 -77 0 21 47 -7 19 -36 82 8 -15 -4
-25 33 -3 16 0 -5 3 17 19 -14 26 8 74 -40 18
83 6 34 -15 63 0 -47 -24 10 -20 21 -15 -40 149 -29
-35 25 -32 -23 29 7 6 -10 34 -3 -17 -4 18 -29 115

