Q_obj 
222 -53 -54 9 -19 -18 -30 -49 7 18 49 -7 -41 -27 37 30 10 15 29 -24
-53 217 -18 19 54 -66 32 -65 -11 -44 35 -123 48 40 -38 11 107 -59 100 -14
-54 -18 272 78 29 43 5 29 -70 -18 -32 49 12 -100 -18 -91 -21 -40 -28 9
9 19 78 210 -5 -22 21 -51 -42 79 75 29 42 -42 3 31 29 -50 24 -28
-19 54 29 -5 202 26 -36 7 -50 42 -45 -42 6 -2 -49 29 15 -76 31 15
-18 -66 43 -22 26 165 -17 26 16 -11 -20 85 -19 -63 5 28 -59 76 -6 -21
-30 32 5 21 -36 -17 139 32 18 23 -6 -47 -45 24 -34 -2 36 -10 29 -32
-49 -65 29 -51 7 26 32 231 -20 -7 -56 33 -50 46 44 -3 -70 35 -40 59
7 -11 -70 -42 -50 16 18 -20 200 -9 35 50 -13 3 12 -42 55 115 21 -36
18 -44 -18 79 42 -11 23 -7 -9 239 21 28 -81 -62 -34 0 4 -58 47 27
49 35 -32 75 -45 -20 -6 -56 35 21 162 -40 66 2 9 -1 -6 -31 46 -89
-7 -123 49 29 -42 85 -47 33 50 28 -40 218 -54 -119 55 -5 -52 76 -79 40
-41 48 12 42 6 -19 -45 -50 -13 -81 66 -54 253 -19 -8 -75 -38 -62 -32 -65
-27 40 -100 -42 -2 -63 24 46 3 -62 2 -119 -19 252 11 113 35 63 62 -3
37 -38 -18 3 -49 5 -34 44 12 -34 9 55 -8 11 80 56 -22 48 -39 4
30 11 -91 31 29 28 -2 -3 -42 0 -1 -5 -75 113 56 261 -1 12 21 -26
10 107 -21 29 15 -59 36 -70 55 4 -6 -52 -38 35 -22 -1 218 41 38 72
15 -59 -40 -50 -76 76 -10 35 115 -58 -31 76 -62 63 48 12 41 281 26 -2
29 100 -28 24 31 -6 29 -40 21 47 46 -79 -32 62 -39 21 38 26 198 -13
-24 -14 9 -28 15 -21 -32 59 -36 27 -89 40 -65 -3 4 -26 72 -2 -13 198

Q_cnstr 
26 -5 6 9 13 -26 1 -1 2 7 -13 7 -7 -2 -2 -12 -1 21 -20 -15
-5 95 23 -9 -7 34 3 5 -45 8 -4 40 -18 4 14 50 -14 5 9 -5
6 23 65 11 17 6 4 6 -16 -2 34 14 1 4 6 10 3 2 7 6
9 -9 11 112 0 -11 -22 12 3 21 -19 5 18 3 41 -39 2 -32 10 -18
13 -7 17 0 50 -33 19 4 3 6 14 -5 -18 1 -1 -1 13 16 -4 15
-26 34 6 -11 -33 99 -28 2 -8 -9 17 22 20 2 12 21 3 -39 19 -8
1 3 4 -22 19 -28 53 16 2 15 0 -24 1 7 -10 17 -3 10 -8 16
-1 5 6 12 4 2 16 40 -11 -6 5 2 8 -12 7 12 -7 -2 -4 5
2 -45 -16 3 3 -8 2 -11 74 -5 -14 -6 4 33 -27 -7 45 -5 9 -13
7 8 -2 21 6 -9 15 -6 -5 71 -19 3 -11 -1 6 -6 -7 3 -7 -2
-13 -4 34 -19 14 17 0 5 -14 -19 85 6 12 8 -4 12 2 -28 7 19
7 40 14 5 -5 22 -24 2 -6 3 6 105 -28 22 8 52 -8 -1 1 -2
-7 -18 1 18 -18 20 1 8 4 -11 12 -28 83 -4 20 -13 5 -16 2 -32
-2 4 4 3 1 2 7 -12 33 -1 8 22 -4 101 -51 30 10 7 9 7
-2 14 6 41 -1 12 -10 7 -27 6 -4 8 20 -51 85 -27 -10 -41 -2 -8
-12 50 10 -39 -1 21 17 12 -7 -6 12 52 -13 30 -27 106 2 8 22 15
-1 -14 3 2 13 3 -3 -7 45 -7 2 -8 5 10 -10 2 51 2 19 -15
21 5 2 -32 16 -39 10 -2 -5 3 -28 -1 -16 7 -41 8 2 108 -11 -20
-20 9 7 10 -4 19 -8 -4 9 -7 7 1 2 9 -2 22 19 -11 42 16
-15 -5 6 -18 15 -8 16 5 -13 -2 19 -2 -32 7 -8 15 -15 -20 16 82

