Q_obj 
983 -103 387 -537 81 -1 30 290 -295 -280 123 138 -383 163
-103 746 -95 -209 405 -443 -109 207 -79 -75 96 18 196 -378
387 -95 915 -359 -279 111 34 72 -28 -81 58 279 -63 9
-537 -209 -359 1030 -58 191 247 12 164 -44 -347 -145 212 -196
81 405 -279 -58 659 -553 -8 218 -41 -356 224 70 -33 -26
-1 -443 111 191 -553 1224 58 -275 73 301 -189 229 48 155
30 -109 34 247 -8 58 315 74 -93 -296 -74 -86 -3 65
290 207 72 12 218 -275 74 506 -335 -199 149 -28 -69 -382
-295 -79 -28 164 -41 73 -93 -335 587 148 -128 204 -6 224
-280 -75 -81 -44 -356 301 -296 -199 148 965 -308 -83 301 89
123 96 58 -347 224 -189 -74 149 -128 -308 839 102 -87 -324
138 18 279 -145 70 229 -86 -28 204 -83 102 551 -128 85
-383 196 -63 212 -33 48 -3 -69 -6 301 -87 -128 633 -37
163 -378 9 -196 -26 155 65 -382 224 89 -324 85 -37 1077

Q_cnstr 
40 -8 -13 -21 -1 -5 -11 0 -12 27 -8 -16 -5 -5
-8 52 -1 3 22 4 -15 18 -5 25 20 21 -3 9
-13 -1 36 5 -7 20 3 6 2 -1 -1 34 -7 5
-21 3 5 43 -8 25 13 12 10 -27 14 4 -3 -8
-1 22 -7 -8 100 -21 7 -31 -2 -14 25 18 -24 12
-5 4 20 25 -21 106 2 -2 -14 4 -10 32 18 -32
-11 -15 3 13 7 2 68 -46 11 9 17 9 1 31
0 18 6 12 -31 -2 -46 118 10 -5 -2 33 -25 1
-12 -5 2 10 -2 -14 11 10 29 -8 0 15 -18 19
27 25 -1 -27 -14 4 9 -5 -8 100 -10 7 20 30
-8 20 -1 14 25 -10 17 -2 0 -10 65 5 -24 25
-16 21 34 4 18 32 9 33 15 7 5 106 -19 -4
-5 -3 -7 -3 -24 18 1 -25 -18 20 -24 -19 56 -36
-5 9 5 -8 12 -32 31 1 19 30 25 -4 -36 92

