Q_obj 
100 25 49 -11 -43 -7 14 -31 -21 -12
25 71 -27 19 -49 -15 15 -71 -9 0
49 -27 129 -2 30 -9 18 42 -11 -13
-11 19 -2 95 -31 12 22 12 -10 -16
-43 -49 30 -31 118 -19 -26 57 -10 -11
-7 -15 -9 12 -19 114 -29 -45 47 -35
14 15 18 22 -26 -29 119 53 19 -39
-31 -71 42 12 57 -45 53 148 -15 -1
-21 -9 -11 -10 -10 47 19 -15 62 -18
-12 0 -13 -16 -11 -35 -39 -1 -18 69

Q_cnstr 
24 -15 -4 3 -26 8 -5 -14 -1 3
-15 57 -23 -5 17 0 2 17 14 -16
-4 -23 40 10 -10 13 -15 -11 -12 35
3 -5 10 92 6 11 -1 10 -1 30
-26 17 -10 6 67 -29 11 10 -1 -19
8 0 13 11 -29 32 -18 4 1 23
-5 2 -15 -1 11 -18 27 5 0 -9
-14 17 -11 10 10 4 5 29 10 -11
-1 14 -12 -1 -1 1 0 10 27 -9
3 -16 35 30 -19 23 -9 -11 -9 52

