Q_obj 
1143 135 -173 -363 15 78 -277 -326 0 -5 -72 105 221 -275 -364 137 93 -118 64 230 275 -261 -66 139 249 -399
135 1176 131 -225 -17 -194 -248 -227 90 -270 -160 -260 67 -156 -92 -248 -20 -53 45 131 273 136 313 377 205 -324
-173 131 1083 -33 162 136 -470 -368 255 -538 -92 -280 -264 -84 -218 -61 234 -18 123 -431 100 165 -273 545 13 -44
-363 -225 -33 1148 -121 185 453 -136 348 -283 -131 -14 -128 219 297 24 -441 122 69 -473 95 86 121 -260 -143 531
15 -17 162 -121 1258 -532 -730 430 136 -135 -131 109 213 -20 -90 -12 -238 -262 -123 -433 64 -164 -273 -63 -28 -360
78 -194 136 185 -532 1438 258 -233 150 191 -51 77 -269 -21 -1 -364 195 239 182 -34 -59 -227 -203 152 129 124
-277 -248 -470 453 -730 258 1521 -178 -102 148 342 89 117 418 415 -275 -195 282 176 38 187 -255 281 -44 -16 311
-326 -227 -368 -136 430 -233 -178 909 -345 576 128 112 72 113 64 186 134 -117 -99 -209 -220 115 33 -275 -271 98
0 90 255 348 136 150 -102 -345 1128 -493 -334 321 -384 -306 -131 -144 116 278 -162 -133 -20 -42 -172 -180 147 -61
-5 -270 -538 -283 -135 191 148 576 -493 1574 -27 223 191 -167 2 -192 71 -17 -116 305 -179 9 -174 -92 -248 175
-72 -160 -92 -131 -131 -51 342 128 -334 -27 914 69 -11 43 309 98 169 161 -83 118 -176 -199 282 -136 250 238
105 -260 -280 -14 109 77 89 112 321 223 69 1272 93 -180 87 173 -21 -91 -353 119 -571 -255 174 -75 38 -148
221 67 -264 -128 213 -269 117 72 -384 191 -11 93 952 -38 16 100 -262 -337 331 -48 276 -287 246 378 13 -209
-275 -156 -84 219 -20 -21 418 113 -306 -167 43 -180 -38 933 487 -169 -411 60 130 -361 26 -49 9 -131 -168 76
-364 -92 -218 297 -90 -1 415 64 -131 2 309 87 16 487 1167 -281 -249 232 -263 -172 -144 -76 337 -275 292 456
137 -248 -61 24 -12 -364 -275 186 -144 -192 98 173 100 -169 -281 1082 244 -449 -51 16 -45 43 429 -44 -283 -171
93 -20 234 -441 -238 195 -195 134 116 71 169 -21 -262 -411 -249 244 1101 6 13 129 38 104 54 157 -175 -35
-118 -53 -18 122 -262 239 282 -117 278 -17 161 -91 -337 60 232 -449 6 1064 -75 -38 -181 189 -400 -197 340 616
64 45 123 69 -123 182 176 -99 -162 -116 -83 -353 331 130 -263 -51 13 -75 1410 -80 872 -154 -25 598 -376 -288
230 131 -431 -473 -433 -34 38 -209 -133 305 118 119 -48 -361 -172 16 129 -38 -80 1305 0 -26 187 -98 -175 -164
275 273 100 95 64 -59 187 -220 -20 -179 -176 -571 276 26 -144 -45 38 -181 872 0 1219 -94 108 479 -363 -280
-261 136 165 86 -164 -227 -255 115 -42 9 -199 -255 -287 -49 -76 43 104 189 -154 -26 -94 1047 -65 -33 -201 440
-66 313 -273 121 -273 -203 281 33 -172 -174 282 174 246 9 337 429 54 -400 -25 187 108 -65 1144 108 33 -260
139 377 545 -260 -63 152 -44 -275 -180 -92 -136 -75 378 -131 -275 -44 157 -197 598 -98 479 -33 108 1094 -174 -294
249 205 13 -143 -28 129 -16 -271 147 -248 250 38 13 -168 292 -283 -175 340 -376 -175 -363 -201 33 -174 992 22
-399 -324 -44 531 -360 124 311 98 -61 175 238 -148 -209 76 456 -171 -35 616 -288 -164 -280 440 -260 -294 22 1188

Q_cnstr 
137 3 32 33 7 5 35 57 -17 -22 7 -29 9 -25 -10 5 31 -12 52 2 50 -18 -42 -12 6 19
3 151 5 53 -34 -35 7 3 57 31 5 -37 -26 -26 8 2 4 14 -4 29 20 -28 21 21 21 0
32 5 118 13 2 -15 -11 25 -10 -8 -7 -14 -8 3 28 29 -30 13 -13 -9 -16 8 15 3 19 -52
33 53 13 166 51 -26 -5 20 1 28 24 -28 -29 -27 -10 33 -34 -15 -35 -2 7 16 -25 -8 -12 -25
7 -34 2 51 142 17 10 9 -10 7 -25 30 -10 39 1 9 -41 21 -4 -23 -9 -6 -50 -3 1 -11
5 -35 -15 -26 17 174 33 -25 -16 -87 9 -37 67 54 28 50 67 26 -34 1 -11 34 -4 18 -36 41
35 7 -11 -5 10 33 96 33 -15 -31 10 24 5 35 9 7 6 14 27 16 29 -20 -26 29 -1 33
57 3 25 20 9 -25 33 118 -30 -12 32 -6 -2 -2 -2 -15 10 -14 38 -19 28 -15 -26 -13 14 28
-17 57 -10 1 -10 -16 -15 -30 109 46 -19 -12 2 -11 -13 -10 20 -9 -1 12 36 25 32 53 9 31
-22 31 -8 28 7 -87 -31 -12 46 135 -1 0 -15 -13 -22 -54 -69 -15 -9 -19 -9 19 19 2 -24 -36
7 5 -7 24 -25 9 10 32 -19 -1 148 -10 -25 -30 -12 33 27 -22 -39 -1 -12 6 30 -4 -59 33
-29 -37 -14 -28 30 -37 24 -6 -12 0 -10 161 -1 -6 8 5 -9 8 31 15 41 -16 -12 2 -37 28
9 -26 -8 -29 -10 67 5 -2 2 -15 -25 -1 138 29 32 -31 22 5 11 -16 2 27 -6 -2 -25 49
-25 -26 3 -27 39 54 35 -2 -11 -13 -30 -6 29 125 6 45 -10 27 0 -16 -19 1 -6 20 7 -10
-10 8 28 -10 1 28 9 -2 -13 -22 -12 8 32 6 97 -27 -21 26 -40 -31 -47 0 -31 -7 -5 -42
5 2 29 33 9 50 7 -15 -10 -54 33 5 -31 45 -27 171 44 3 -13 37 -3 -35 33 20 -14 5
31 4 -30 -34 -41 67 6 10 20 -69 27 -9 22 -10 -21 44 157 7 18 24 75 -11 22 22 -36 85
-12 14 13 -15 21 26 14 -14 -9 -15 -22 8 5 27 26 3 7 80 13 -1 -24 -41 -7 45 -31 4
52 -4 -13 -35 -4 -34 27 38 -1 -9 -39 31 11 0 -40 -13 18 13 120 33 76 -41 -15 24 25 49
2 29 -9 -2 -23 1 16 -19 12 -19 -1 15 -16 -16 -31 37 24 -1 33 105 53 21 12 -13 -26 42
50 20 -16 7 -9 -11 29 28 36 -9 -12 41 2 -19 -47 -3 75 -24 76 53 168 44 21 26 -6 61
-18 -28 8 16 -6 34 -20 -15 25 19 6 -16 27 1 0 -35 -11 -41 -41 21 44 167 6 -34 -36 7
-42 21 15 -25 -50 -4 -26 -26 32 19 30 -12 -6 -6 -31 33 22 -7 -15 12 21 6 139 49 -7 31
-12 21 3 -8 -3 18 29 -13 53 2 -4 2 -2 20 -7 20 22 45 24 -13 26 -34 49 149 -10 44
6 21 19 -12 1 -36 -1 14 9 -24 -59 -37 -25 7 -5 -14 -36 -31 25 -26 -6 -36 -7 -10 148 -46
19 0 -52 -25 -11 41 33 28 31 -36 33 28 49 -10 -42 5 85 4 49 42 61 7 31 44 -46 195

