Q_obj 
148 38 -3 73 -51 -71 -16 -53 86 4 56 -41 -13 -71 54
38 208 31 5 32 -16 -56 -73 50 -11 -27 -92 37 -72 62
-3 31 124 9 -17 -2 -25 21 12 30 -35 21 38 -22 18
73 5 9 190 -60 5 -16 -69 68 -4 20 12 8 -66 51
-51 32 -17 -60 165 -28 8 -89 -20 36 -32 -54 6 58 1
-71 -16 -2 5 -28 142 10 36 0 -24 -13 34 -31 2 -28
-16 -56 -25 -16 8 10 169 -76 -52 -36 99 38 -58 82 29
-53 -73 21 -69 -89 36 -76 242 -34 -17 -18 42 -7 -44 -114
86 50 12 68 -20 0 -52 -34 155 -23 -24 -26 47 -89 18
4 -11 30 -4 36 -24 -36 -17 -23 133 -26 1 -35 -8 -31
56 -27 -35 20 -32 -13 99 -18 -24 -26 196 24 -77 -13 6
-41 -92 21 12 -54 34 38 42 -26 1 24 158 -15 30 -25
-13 37 38 8 6 -31 -58 -7 47 -35 -77 -15 166 -7 34
-71 -72 -22 -66 58 2 82 -44 -89 -8 -13 30 -7 156 3
54 62 18 51 1 -28 29 -114 18 -31 6 -25 34 3 133

Q_cnstr 
101 35 -12 -7 -3 -7 20 16 24 -5 -18 5 -2 -21 29
35 82 13 -9 -1 5 4 -36 16 3 11 7 -6 -11 -2
-12 13 16 -3 6 -12 -2 -20 3 -9 6 -5 9 13 -4
-7 -9 -3 57 -12 4 -21 -5 10 -8 13 8 -20 -7 -24
-3 -1 6 -12 128 59 14 20 6 -25 39 -2 56 -29 -3
-7 5 -12 4 59 123 12 20 -16 -1 29 54 14 -27 1
20 4 -2 -21 14 12 39 3 -4 -8 -22 7 -4 -11 21
16 -36 -20 -5 20 20 3 116 -18 -4 -2 6 -8 7 63
24 16 3 10 6 -16 -4 -18 75 -25 -8 7 7 -21 -9
-5 3 -9 -8 -25 -1 -8 -4 -25 65 6 -22 16 -2 -5
-18 11 6 13 39 29 -22 -2 -8 6 47 6 27 -5 -12
5 7 -5 8 -2 54 7 6 7 -22 6 62 -11 -3 17
-2 -6 9 -20 56 14 -4 -8 7 16 27 -11 81 -8 2
-21 -11 13 -7 -29 -27 -11 7 -21 -2 -5 -3 -8 51 12
29 -2 -4 -24 -3 1 21 63 -9 -5 -12 17 2 12 69

