Q_obj 
111 60 -9 0 13 42 -4 -55 -2 -5 2 14
60 99 -19 -21 4 37 -21 -5 1 -14 -43 51
-9 -19 83 1 -46 -20 2 22 -35 -11 1 5
0 -21 1 88 0 34 9 0 -14 -20 -5 0
13 4 -46 0 154 53 72 9 -24 54 -8 30
42 37 -20 34 53 140 61 62 28 6 24 20
-4 -21 2 9 72 61 109 71 -2 12 4 21
-55 -5 22 0 9 62 71 154 -8 -14 -18 16
-2 1 -35 -14 -24 28 -2 -8 103 12 40 -37
-5 -14 -11 -20 54 6 12 -14 12 50 5 -12
2 -43 1 -5 -8 24 4 -18 40 5 111 -37
14 51 5 0 30 20 21 16 -37 -12 -37 129

Q_cnstr 
110 -29 45 4 9 10 13 0 26 -20 9 15
-29 77 -35 -15 -10 -29 0 -9 -7 54 -2 -23
45 -35 114 24 3 72 -31 48 55 -41 -1 59
4 -15 24 39 9 2 -23 12 8 -17 -29 -9
9 -10 3 9 29 3 -9 9 2 10 -6 -4
10 -29 72 2 3 85 -28 38 30 -38 -4 45
13 0 -31 -23 -9 -28 35 -29 -12 21 21 -8
0 -9 48 12 9 38 -29 96 5 -42 -15 4
26 -7 55 8 2 30 -12 5 35 -2 3 39
-20 54 -41 -17 10 -38 21 -42 -2 113 0 -17
9 -2 -1 -29 -6 -4 21 -15 3 0 53 13
15 -23 59 -9 -4 45 -8 4 39 -17 13 78

