Q_obj 
381 -67 31 -194 -61 -140 -150 111 -76 57 64 155
-67 367 68 -89 72 37 73 75 16 -98 -96 137
31 68 171 -115 23 -27 13 82 47 76 -38 6
-194 -89 -115 422 87 77 27 -200 -119 -86 -39 -160
-61 72 23 87 329 120 -34 -5 113 -95 74 -63
-140 37 -27 77 120 238 100 -5 55 -183 17 -62
-150 73 13 27 -34 100 264 20 -9 -132 -30 -156
111 75 82 -200 -5 -5 20 292 53 30 -40 85
-76 16 47 -119 113 55 -9 53 299 10 -19 -90
57 -98 76 -86 -95 -183 -132 30 10 482 -54 94
64 -96 -38 -39 74 17 -30 -40 -19 -54 231 -26
155 137 6 -160 -63 -62 -156 85 -90 94 -26 324

Q_cnstr 
42 1 20 5 -7 4 8 -2 8 2 -7 -3
1 32 -2 -11 8 13 -3 10 -2 -1 -2 0
20 -2 50 22 -8 4 3 -7 1 3 -6 11
5 -11 22 53 1 4 1 -15 0 6 0 3
-7 8 -8 1 20 8 -4 -2 -5 -4 -2 -1
4 13 4 4 8 15 -5 -2 3 -2 -1 4
8 -3 3 1 -4 -5 15 10 0 1 -2 2
-2 10 -7 -15 -2 -2 10 24 5 -9 -5 -4
8 -2 1 0 -5 3 0 5 22 -7 -9 -7
2 -1 3 6 -4 -2 1 -9 -7 19 5 13
-7 -2 -6 0 -2 -1 -2 -5 -9 5 9 4
-3 0 11 3 -1 4 2 -4 -7 13 4 22

