Q_obj 
768 -78 -18 239 185 -84 19 -84 -134 -204 258 165 -271 -39 -15 22 -71 219 -28 7 89 -201 -163 112 -21
-78 719 96 -30 112 74 -53 -115 -197 -52 170 87 -50 -287 134 2 104 120 -110 19 106 83 6 63 67
-18 96 618 15 -42 368 281 -206 211 -2 -72 -97 15 116 27 61 102 25 -36 -81 -86 21 236 143 -8
239 -30 15 527 130 -57 -17 -4 -65 30 92 -44 -104 3 79 -130 9 56 37 244 -187 -163 58 -146 27
185 112 -42 130 611 -153 -42 -91 -205 -80 61 -43 -152 -238 -39 -70 189 92 -22 183 192 -145 -192 -125 234
-84 74 368 -57 -153 795 241 -165 11 -65 102 -60 4 96 14 97 -227 -134 -119 24 35 -81 171 -151 -18
19 -53 281 -17 -42 241 631 -132 84 62 -23 62 -77 1 -80 60 -54 63 -107 54 121 -95 99 74 -76
-84 -115 -206 -4 -91 -165 -132 578 -180 -225 -102 -100 28 96 92 -168 -6 43 -33 18 -103 -130 -75 -78 -27
-134 -197 211 -65 -205 11 84 -180 786 284 -288 -72 26 108 -172 37 -12 -259 -74 -7 -291 30 150 217 -85
-204 -52 -2 30 -80 -65 62 -225 284 584 -28 18 138 -61 -13 -51 32 -142 176 -123 -205 100 23 -92 -173
258 170 -72 92 61 102 -23 -102 -288 -28 630 86 -27 -82 -11 -36 -99 97 -74 2 54 -69 -246 -12 -67
165 87 -97 -44 -43 -60 62 -100 -72 18 86 534 21 -27 245 105 -36 189 200 -223 95 152 31 122 -140
-271 -50 15 -104 -152 4 -77 28 26 138 -27 21 504 48 54 -10 99 -15 131 -158 -206 147 176 -113 4
-39 -287 116 3 -238 96 1 96 108 -61 -82 -27 48 505 30 180 -151 -237 20 -98 -277 108 54 -43 -83
-15 134 27 79 -39 14 -80 92 -172 -13 -11 245 54 30 540 -30 65 103 280 -215 24 121 108 -11 -69
22 2 61 -130 -70 97 60 -168 37 -51 -36 105 -10 180 -30 590 -20 -185 -22 -119 66 161 113 40 -85
-71 104 102 9 189 -227 -54 -6 -12 32 -99 -36 99 -151 65 -20 558 104 170 -59 16 22 -27 -53 138
219 120 25 56 92 -134 63 43 -259 -142 97 189 -15 -237 103 -185 104 605 95 -79 257 101 110 192 -174
-28 -110 -36 37 -22 -119 -107 -33 -74 176 -74 200 131 20 280 -22 170 95 479 -293 -23 211 55 -88 -90
7 19 -81 244 183 24 54 18 -7 -123 2 -223 -158 -98 -215 -119 -59 -79 -293 563 -4 -227 -1 -131 171
89 106 -86 -187 192 35 121 -103 -291 -205 54 95 -206 -277 24 66 16 257 -23 -4 644 51 -97 169 28
-201 83 21 -163 -145 -81 -95 -130 30 100 -69 152 147 108 121 161 22 101 211 -227 51 615 199 125 -354
-163 6 236 58 -192 171 99 -75 150 23 -246 31 176 54 108 113 -27 110 55 -1 -97 199 548 69 -167
112 63 143 -146 -125 -151 74 -78 217 -92 -12 122 -113 -43 -11 40 -53 192 -88 -131 169 125 69 565 -129
-21 67 -8 27 234 -18 -76 -27 -85 -173 -67 -140 4 -83 -69 -85 138 -174 -90 171 28 -354 -167 -129 590

Q_cnstr 
66 -10 -2 5 22 -35 36 -2 7 5 5 21 -11 26 -1 11 11 3 6 -5 6 10 -6 2 -7
-10 95 19 -20 3 12 4 12 12 -2 -2 -15 11 -20 14 0 -7 13 10 -5 23 -15 16 -17 6
-2 19 69 10 5 -4 22 30 -10 13 25 15 20 26 33 13 13 3 11 7 1 16 8 8 -13
5 -20 10 156 8 10 12 20 -15 3 31 37 -7 -12 47 -12 -15 27 1 -6 10 6 44 27 -49
22 3 5 8 53 -25 21 11 -11 -2 2 17 -35 -26 -14 -6 3 -11 11 4 -6 -5 0 -5 -1
-35 12 -4 10 -25 95 -32 11 12 -25 1 -11 28 -30 11 -22 -30 11 11 2 10 1 -14 11 1
36 4 22 12 21 -32 76 -3 -5 31 14 20 -1 17 22 -11 19 -5 9 4 -12 14 13 16 -22
-2 12 30 20 11 11 -3 140 -5 -22 31 -8 -8 -10 -35 27 16 -1 -13 10 -32 16 -1 -23 -12
7 12 -10 -15 -11 12 -5 -5 51 -3 0 -6 7 15 -11 8 -15 30 1 5 12 -17 -16 15 24
5 -2 13 3 -2 -25 31 -22 -3 59 -9 -1 4 6 27 9 17 7 -8 9 10 -5 15 11 12
5 -2 25 31 2 1 14 31 0 -9 53 -1 11 16 18 20 -8 -12 -4 5 -4 16 3 20 -13
21 -15 15 37 17 -11 20 -8 -6 -1 -1 49 -23 0 10 -17 5 2 14 -4 23 -1 11 12 -27
-11 11 20 -7 -35 28 -1 -8 7 4 11 -23 110 52 41 7 -7 -7 13 1 -27 5 -9 2 -9
26 -20 26 -12 -26 -30 17 -10 15 6 16 0 52 129 31 12 19 17 15 -11 -14 28 -1 14 -33
-1 14 33 47 -14 11 22 -35 -11 27 18 10 41 31 113 -12 -16 -9 22 -7 6 30 26 21 -16
11 0 13 -12 -6 -22 -11 27 8 9 20 -17 7 12 -12 53 5 0 -26 5 1 -3 -6 -1 18
11 -7 13 -15 3 -30 19 16 -15 17 -8 5 -7 19 -16 5 66 -3 1 3 -1 5 23 -12 -10
3 13 3 27 -11 11 -5 -1 30 7 -12 2 -7 17 -9 0 -3 91 3 -9 16 -9 10 21 5
6 10 11 1 11 11 9 -13 1 -8 -4 14 13 15 22 -26 1 3 41 -2 5 12 1 8 -8
-5 -5 7 -6 4 2 4 10 5 9 5 -4 1 -11 -7 5 3 -9 -2 25 -15 -4 -5 3 12
6 23 1 10 -6 10 -12 -32 12 10 -4 23 -27 -14 6 1 -1 16 5 -15 109 -19 0 12 6
10 -15 16 6 -5 1 14 16 -17 -5 16 -1 5 28 30 -3 5 -9 12 -4 -19 55 -4 6 -15
-6 16 8 44 0 -14 13 -1 -16 15 3 11 -9 -1 26 -6 23 10 1 -5 0 -4 58 3 -31
2 -17 8 27 -5 11 16 -23 15 11 20 12 2 14 21 -1 -12 21 8 3 12 6 3 48 -10
-7 6 -13 -49 -1 1 -22 -12 24 12 -13 -27 -9 -33 -16 18 -10 5 -8 12 6 -15 -31 -10 82

