Q_obj 
1190 40 296 216 218 220 -198 -244 -8 -312 438 -261 76 -354 60 488 216 -277 -97 35 397 -100 -205 86 -4 125
40 1248 -301 -126 65 81 -371 -308 -198 211 25 191 -72 169 -10 -240 -261 -189 9 182 -92 -819 -108 -413 -68 177
296 -301 1115 -3 121 -2 371 138 -49 -81 90 -100 12 -3 102 155 64 99 190 281 -153 -133 -160 89 30 44
216 -126 -3 1275 -430 554 -400 -274 101 -365 304 46 333 111 169 99 185 -209 -76 -132 239 112 226 32 -288 -388
218 65 121 -430 915 -229 226 -89 359 62 72 -127 -286 -203 65 -49 5 57 -86 55 -36 -78 -174 13 -39 47
220 81 -2 554 -229 785 -319 -82 265 -323 353 -50 11 77 400 174 397 -168 -248 -312 247 -337 233 9 -107 3
-198 -371 371 -400 226 -319 1360 389 103 -123 -78 -171 13 -39 -407 77 -61 600 119 302 -266 -6 -153 238 -153 -261
-244 -308 138 -274 -89 -82 389 993 -71 110 -46 121 -184 -152 -170 31 24 31 -345 174 111 69 285 -154 -28 -40
-8 -198 -49 101 359 265 103 -71 986 -288 38 -402 -130 150 293 -29 140 120 -304 -236 123 353 106 347 141 15
-312 211 -81 -365 62 -323 -123 110 -288 1179 -149 271 -95 100 63 -416 12 176 378 -42 -70 -79 52 -425 -285 227
438 25 90 304 72 353 -78 -46 38 -149 1074 332 -367 -606 -27 -89 160 -128 321 -215 300 -172 229 63 -148 122
-261 191 -100 46 -127 -50 -171 121 -402 271 332 1218 -336 -548 97 -251 191 89 287 76 112 -105 101 -87 34 -122
76 -72 12 333 -286 11 13 -184 -130 -95 -367 -336 962 155 -121 -48 -119 80 -145 -147 37 261 -203 66 -244 44
-354 169 -3 111 -203 77 -39 -152 150 100 -606 -548 155 1362 -56 -77 -35 -163 -238 366 -145 -329 127 272 -85 -34
60 -10 102 169 65 400 -407 -170 293 63 -27 97 -121 -56 1134 241 261 -26 -395 -180 39 -117 26 210 11 118
488 -240 155 99 -49 174 77 31 -29 -416 -89 -251 -48 -77 241 1277 197 -505 -474 -12 127 85 -340 -5 313 -258
216 -261 64 185 5 397 -61 24 140 12 160 191 -119 -35 261 197 1106 341 -30 -256 269 -9 -14 143 194 125
-277 -189 99 -209 57 -168 600 31 120 176 -128 89 80 -163 -26 -505 341 1120 367 91 -138 47 -74 68 108 -67
-97 9 190 -76 -86 -248 119 -345 -304 378 321 287 -145 -238 -395 -474 -30 367 1531 -121 -143 19 -402 -282 -129 -166
35 182 281 -132 55 -312 302 174 -236 -42 -215 76 -147 366 -180 -12 -256 91 -121 1255 59 -370 94 -62 228 -329
397 -92 -153 239 -36 247 -266 111 123 -70 300 112 37 -145 39 127 269 -138 -143 59 974 63 199 10 -140 87
-100 -819 -133 112 -78 -337 -6 69 353 -79 -172 -105 261 -329 -117 85 -9 47 19 -370 63 1481 -6 320 406 48
-205 -108 -160 226 -174 233 -153 285 106 52 229 101 -203 127 26 -340 -14 -74 -402 94 199 -6 890 16 -219 88
86 -413 89 32 13 9 238 -154 347 -425 63 -87 66 272 210 -5 143 68 -282 -62 10 320 16 1360 74 136
-4 -68 30 -288 -39 -107 -153 -28 141 -285 -148 34 -244 -85 11 313 194 108 -129 228 -140 406 -219 74 1225 181
125 177 44 -388 47 3 -261 -40 15 227 122 -122 44 -34 118 -258 125 -67 -166 -329 87 48 88 136 181 1220

Q_cnstr 
224 8 63 2 -6 22 3 16 -31 12 35 25 -6 88 1 -18 -33 36 5 28 -55 -27 6 42 -7 -1
8 190 -6 -4 -25 39 13 -10 -16 29 -13 29 39 26 11 -4 36 -19 29 23 0 3 37 28 -18 24
63 -6 210 -7 -41 12 20 -7 4 77 24 47 42 15 -7 57 -3 1 28 14 -6 10 8 -49 0 23
2 -4 -7 104 -7 -12 3 10 -33 -28 17 33 19 -9 47 -5 -3 40 -55 -3 38 0 -19 15 -24 36
-6 -25 -41 -7 139 33 32 27 35 12 20 19 -39 19 44 -34 -4 -18 33 17 -39 -8 -7 34 -5 22
22 39 12 -12 33 170 24 -17 36 49 40 9 -37 40 1 -27 -7 -43 36 -2 -24 1 14 31 -41 20
3 13 20 3 32 24 77 -3 -1 11 10 55 39 2 19 -39 27 -28 28 14 15 0 6 6 -32 24
16 -10 -7 10 27 -17 -3 24 7 -6 -1 -2 1 11 13 -1 -1 12 -14 8 -8 -2 -6 2 22 4
-31 -16 4 -33 35 36 -1 7 116 18 15 -36 -6 39 1 -4 51 -3 18 16 -11 -4 -9 -52 9 -2
12 29 77 -28 12 49 11 -6 18 136 -3 15 -1 11 -15 11 -19 12 39 24 -53 -7 14 5 17 36
35 -13 24 17 20 40 10 -1 15 -3 96 3 -23 3 24 -3 -5 34 12 -4 -6 9 -5 -17 -28 22
25 29 47 33 19 9 55 -2 -36 15 3 134 45 13 12 -11 12 -26 19 5 -12 19 -29 23 -36 29
-6 39 42 19 -39 -37 39 1 -6 -1 -23 45 132 31 -32 -8 65 -14 1 6 35 9 -9 -24 17 -23
88 26 15 -9 19 40 2 11 39 11 3 13 31 123 -10 4 33 -12 -8 17 -30 7 -1 4 3 -22
1 11 -7 47 44 1 19 13 1 -15 24 12 -32 -10 115 -8 -18 23 -20 -3 7 -31 -7 26 -35 59
-18 -4 57 -5 -34 -27 -39 -1 -4 11 -3 -11 -8 4 -8 168 -18 18 -52 -28 -2 27 -10 12 23 41
-33 36 -3 -3 -4 -7 27 -1 51 -19 -5 12 65 33 -18 -18 146 -44 30 20 44 35 -3 -2 5 3
36 -19 1 40 -18 -43 -28 12 -3 12 34 -26 -14 -12 23 18 -44 190 -18 31 -20 -8 -43 -17 40 47
5 29 28 -55 33 36 28 -14 18 39 12 19 1 -8 -20 -52 30 -18 191 12 10 -6 -21 37 -27 24
28 23 14 -3 17 -2 14 8 16 24 -4 5 6 17 -3 -28 20 31 12 57 -14 -1 13 -7 16 2
-55 0 -6 38 -39 -24 15 -8 -11 -53 -6 -12 35 -30 7 -2 44 -20 10 -14 110 27 15 -10 -12 8
-27 3 10 0 -8 1 0 -2 -4 -7 9 19 9 7 -31 27 35 -8 -6 -1 27 78 5 -9 9 -12
6 37 8 -19 -7 14 6 -6 -9 14 -5 -29 -9 -1 -7 -10 -3 -43 -21 13 15 5 81 -20 8 -24
42 28 -49 15 34 31 6 2 -52 5 -17 23 -24 4 26 12 -2 -17 37 -7 -10 -9 -20 160 -18 47
-7 -18 0 -24 -5 -41 -32 22 9 17 -28 -36 17 3 -35 23 5 40 -27 16 -12 9 8 -18 112 -12
-1 24 23 36 22 20 24 4 -2 36 22 29 -23 -22 59 41 3 47 24 2 8 -12 -24 47 -12 160

