Q_obj 
190 36 -33 84 -55 -183 61 -55 61 -14 17 33
36 436 -108 -176 132 9 28 60 -172 -5 106 119
-33 -108 228 81 6 101 -39 -30 -32 25 7 -70
84 -176 81 203 -131 -110 -10 -63 45 44 -27 -5
-55 132 6 -131 283 -26 -78 126 45 -14 81 133
-183 9 101 -110 -26 401 6 -48 -154 -20 -50 -134
61 28 -39 -10 -78 6 280 -191 -43 -103 136 28
-55 60 -30 -63 126 -48 -191 378 -50 -26 -10 61
61 -172 -32 45 45 -154 -43 -50 417 20 -70 -62
-14 -5 25 44 -14 -20 -103 -26 20 236 -129 -72
17 106 7 -27 81 -50 136 -10 -70 -129 262 187
33 119 -70 -5 133 -134 28 61 -62 -72 187 306

Q_cnstr 
31 12 13 1 4 22 -5 -7 0 -11 3 14
12 15 5 0 13 15 0 2 6 0 -3 13
13 5 25 -6 -4 11 7 1 -6 -15 6 4
1 0 -6 17 5 -4 -1 8 -4 11 18 28
4 13 -4 5 29 12 -10 6 8 -2 -6 16
22 15 11 -4 12 39 3 0 8 -12 4 17
-5 0 7 -1 -10 3 22 3 -3 2 12 10
-7 2 1 8 6 0 3 26 2 9 19 25
0 6 -6 -4 8 8 -3 2 28 0 -17 14
-11 0 -15 11 -2 -12 2 9 0 35 9 14
3 -3 6 18 -6 4 12 19 -17 9 55 38
14 13 4 28 16 17 10 25 14 14 38 89

