Q_obj 
640 38 294 -83 172 -8 -169 -87 373 47 73 -225 -180 106
38 894 -304 -75 -257 170 -154 -170 -116 242 293 -245 -160 -124
294 -304 685 67 -4 -25 -179 -34 129 -164 -275 -195 -224 8
-83 -75 67 929 -330 117 -60 -146 -40 131 261 132 -88 -33
172 -257 -4 -330 914 -298 -315 -17 145 -325 -155 -200 204 83
-8 170 -25 117 -298 561 -124 -378 -101 305 397 105 -182 78
-169 -154 -179 -60 -315 -124 1081 -62 278 88 -424 398 490 550
-87 -170 -34 -146 -17 -378 -62 704 -100 -209 -168 45 -83 -217
373 -116 129 -40 145 -101 278 -100 624 -41 -103 20 180 362
47 242 -164 131 -325 305 88 -209 -41 632 396 231 -111 -107
73 293 -275 261 -155 397 -424 -168 -103 396 1140 138 -140 -280
-225 -245 -195 132 -200 105 398 45 20 231 138 571 195 277
-180 -160 -224 -88 204 -182 490 -83 180 -111 -140 195 749 633
106 -124 8 -33 83 78 550 -217 362 -107 -280 277 633 1496

Q_cnstr 
56 -2 -14 12 -2 62 4 -11 -34 25 9 -33 -32 -6
-2 37 -3 4 -6 -6 5 0 -4 -6 -14 8 8 -26
-14 -3 58 23 -1 1 -5 13 5 -5 9 16 20 11
12 4 23 80 3 20 -8 -7 -18 -20 -17 -5 6 -41
-2 -6 -1 3 6 -4 -6 3 -1 1 -1 2 2 3
62 -6 1 20 -4 101 3 -21 -27 44 36 -38 -36 -10
4 5 -5 -8 -6 3 38 -4 3 -4 11 -10 5 51
-11 0 13 -7 3 -21 -4 22 0 -5 1 6 15 8
-34 -4 5 -18 -1 -27 3 0 53 -25 8 35 23 7
25 -6 -5 -20 1 44 -4 -5 -25 69 39 -39 -25 -5
9 -14 9 -17 -1 36 11 1 8 39 78 -20 7 22
-33 8 16 -5 2 -38 -10 6 35 -39 -20 60 35 -23
-32 8 20 6 2 -36 5 15 23 -25 7 35 48 -4
-6 -26 11 -41 3 -10 51 8 7 -5 22 -23 -4 228

