Q_obj 
1100 19 105 -152 97 361 49 -139 -395 170 -647 175 -304 409
19 559 -9 -95 188 25 88 -103 -64 -108 20 2 -368 12
105 -9 758 -139 246 -70 -222 -288 -65 -76 -33 347 -326 127
-152 -95 -139 579 -322 -75 412 -99 34 -37 -92 -86 65 188
97 188 246 -322 1029 160 110 -186 -367 105 376 148 -603 -191
361 25 -70 -75 160 759 148 50 -120 -247 -291 315 -20 -41
49 88 -222 412 110 148 803 -268 -80 89 -106 -54 -292 21
-139 -103 -288 -99 -186 50 -268 871 -242 -107 -163 67 401 155
-395 -64 -65 34 -367 -120 -80 -242 769 77 16 -26 119 -286
170 -108 -76 -37 105 -247 89 -107 77 1043 -44 -187 55 -63
-647 20 -33 -92 376 -291 -106 -163 16 -44 1233 -91 213 -648
175 2 347 -86 148 315 -54 67 -26 -187 -91 729 -167 18
-304 -368 -326 65 -603 -20 -292 401 119 55 213 -167 1118 -194
409 12 127 188 -191 -41 21 155 -286 -63 -648 18 -194 786

Q_cnstr 
63 -4 19 11 -8 -6 -10 15 -1 8 17 32 14 10
-4 173 -8 -8 8 -15 2 -34 -6 -28 28 21 -15 0
19 -8 37 11 3 2 19 10 -9 1 6 9 21 -2
11 -8 11 20 7 3 4 0 7 1 -2 15 5 7
-8 8 3 7 45 1 23 -1 -15 -7 -15 -1 0 -12
-6 -15 2 3 1 30 8 11 8 4 12 -4 1 -5
-10 2 19 4 23 8 64 -1 -27 0 -26 17 12 -14
15 -34 10 0 -1 11 -1 23 -3 -2 13 2 1 2
-1 -6 -9 7 -15 8 -27 -3 43 19 1 -5 -5 14
8 -28 1 1 -7 4 0 -2 19 97 -2 -2 -23 17
17 28 6 -2 -15 12 -26 13 1 -2 67 6 -26 8
32 21 9 15 -1 -4 17 2 -5 -2 6 56 -6 7
14 -15 21 5 0 1 12 1 -5 -23 -26 -6 58 -14
10 0 -2 7 -12 -5 -14 2 14 17 8 7 -14 31

