Q_obj 
408 30 109 -88 -54 -13 74 -72 -79 -47 70 102 15 -8 -20 -23 4 78 -17 24 104 -20 71 7 -13 49 -23 -100 2 49 13 -54 4 49 50 -47 0 -3 -11 151
30 382 -10 77 -41 23 18 -8 -62 33 40 -90 70 26 -19 -94 -68 13 -45 87 74 -17 -56 -17 -11 -182 81 93 -21 -1 114 11 81 14 84 45 25 -27 63 46
109 -10 376 -94 -1 15 42 89 -44 11 -3 -25 -121 -65 -61 -36 56 80 -71 12 20 27 5 -35 31 61 73 -44 118 12 43 -12 -47 121 -15 5 59 48 20 117
-88 77 -94 402 -36 11 -19 13 38 17 -4 -73 -5 -20 36 -26 -147 -79 -17 -41 -80 24 -68 -11 -105 -91 56 -101 -7 99 -24 -18 -29 -29 -1 -7 -44 7 41 -108
-54 -41 -1 -36 489 108 7 87 55 -62 -34 116 -73 -104 -5 -7 83 -76 142 -22 -76 116 -27 -56 -53 61 28 -78 -115 -15 8 89 -23 -150 -79 178 36 8 19 -128
-13 23 15 11 108 367 117 1 99 6 35 81 -28 8 -63 -3 44 -23 32 -180 95 -35 58 -152 -9 53 8 -28 -109 -25 -67 67 78 39 16 126 -62 -27 -9 -29
74 18 42 -19 7 117 430 -111 93 100 104 52 -188 -3 87 -25 85 74 22 -87 49 -28 180 4 -91 2 -77 19 -78 -16 -89 63 -27 21 -8 -17 24 -3 -70 -38
-72 -8 89 13 87 1 -111 393 -22 13 -18 -52 32 -111 29 -53 -117 5 -38 -26 36 65 -10 -29 -10 -18 36 -46 4 -19 69 12 18 -2 -15 70 -39 30 17 -27
-79 -62 -44 38 55 99 93 -22 497 -34 -109 111 -57 76 29 75 0 -21 -114 -120 12 69 37 -2 -50 3 -99 53 13 -37 39 -26 34 -46 -55 76 -164 30 -6 30
-47 33 11 17 -62 6 100 13 -34 370 42 -120 1 -22 -35 41 -13 81 50 15 118 -1 119 162 -68 -39 -80 42 -18 -21 78 -27 17 -5 -58 21 72 -1 -116 -33
70 40 -3 -4 -34 35 104 -18 -109 42 294 -18 -35 45 -10 -57 -7 79 8 -67 95 -35 95 -58 33 59 -22 -10 30 82 -74 54 -56 7 -43 -63 103 8 -5 -61
102 -90 -25 -73 116 81 52 -52 111 -120 -18 390 -57 19 28 -52 122 -44 60 -11 -25 9 49 -171 90 76 -28 -84 7 -43 -4 62 7 -7 15 88 -29 -85 13 12
15 70 -121 -5 -73 -28 -188 32 -57 1 -35 -57 330 30 51 -77 -44 54 17 40 -38 -90 -59 100 -101 9 32 14 -20 19 28 -9 59 -63 75 33 -67 18 6 87
-8 26 -65 -20 -104 8 -3 -111 76 -22 45 19 30 410 0 44 83 15 -45 11 89 -35 -77 31 -5 -44 34 72 45 -86 -60 7 86 5 42 -61 -43 -61 -73 -21
-20 -19 -61 36 -5 -63 87 29 29 -35 -10 28 51 0 447 -74 100 -45 -29 -58 -71 12 -12 -1 -168 81 -91 -29 -38 -46 -13 106 -165 -177 -105 -13 -72 -59 -97 65
-23 -94 -36 -26 -7 -3 -25 -53 75 41 -57 -52 -77 44 -74 378 7 -19 -57 42 115 28 -69 116 74 -24 -36 -7 -113 -36 41 -87 72 -36 -158 -32 -78 -60 -27 26
4 -68 56 -147 83 44 85 -117 0 -13 -7 122 -44 83 100 7 446 -3 70 -43 -68 59 -6 78 4 138 -97 -131 -10 -121 -5 73 -104 -19 -3 -15 82 -90 -17 100
78 13 80 -79 -76 -23 74 5 -21 81 79 -44 54 15 -45 -19 -3 350 0 64 39 -87 120 120 -46 -75 9 121 -5 90 -31 76 18 69 10 -60 136 68 -68 80
-17 -45 -71 -17 142 32 22 -38 -114 50 8 60 17 -45 -29 -57 70 0 346 60 -114 8 -1 29 -30 -31 29 -1 -60 -29 -84 135 -39 -31 20 11 51 16 -74 -121
24 87 12 -41 -22 -180 -87 -26 -120 15 -67 -11 40 11 -58 42 -43 64 60 468 69 0 -1 -16 111 -204 109 118 -11 -36 1 -76 62 -26 -26 -39 -36 59 -86 -39
104 74 20 -80 -76 95 49 36 12 118 95 -25 -38 89 -71 115 -68 39 -114 69 501 9 107 -81 54 -14 -75 47 -11 -15 70 -123 136 -3 -89 -40 -21 29 -78 22
-20 -17 27 24 116 -35 -28 65 69 -1 -35 9 -90 -35 12 28 59 -87 8 0 9 359 6 15 0 40 -49 -103 28 -67 216 -47 -41 -56 -44 -15 -17 11 -41 38
71 -56 5 -68 -27 58 180 -10 37 119 95 49 -59 -77 -12 -69 -6 120 -1 -1 107 6 386 -105 -10 2 -92 90 -1 15 -15 -8 -32 -36 -44 -4 40 26 -125 -38
7 -17 -35 -11 -56 -152 4 -29 -2 162 -58 -171 100 31 -1 116 78 120 29 -16 -81 15 -105 506 -206 -52 -76 -64 -96 -32 55 -23 -15 55 43 -59 37 -19 -34 48
-13 -11 31 -105 -53 -9 -91 -10 -50 -68 33 90 -101 -5 -168 74 4 -46 -30 111 54 0 -10 -206 447 -6 16 62 101 -3 -21 -52 39 111 -59 16 -21 72 69 34
49 -182 61 -91 61 53 2 -18 3 -39 59 76 9 -44 81 -24 138 -75 -31 -204 -14 40 2 -52 -6 467 -79 -121 49 64 -62 60 -83 -40 -34 9 -29 -8 45 68
-23 81 73 56 28 8 -77 36 -99 -80 -22 -28 32 34 -91 -36 -97 9 29 109 -75 -49 -92 -76 16 -79 374 64 -18 18 -73 25 135 -18 99 1 -4 64 -1 14
-100 93 -44 -101 -78 -28 19 -46 53 42 -10 -84 14 72 -29 -7 -131 121 -1 118 47 -103 90 -64 62 -121 64 454 -6 20 -103 56 72 -26 -21 -22 5 71 -98 -20
2 -21 118 -7 -115 -109 -78 4 13 -18 30 7 -20 45 -38 -113 -10 -5 -60 -11 -11 28 -1 -96 101 49 -18 -6 431 92 88 -33 -25 92 -14 4 35 63 111 8
49 -1 12 99 -15 -25 -16 -19 -37 -21 82 -43 19 -86 -46 -36 -121 90 -29 -36 -15 -67 15 -32 -3 64 18 20 92 310 -35 27 4 13 -81 -16 51 98 37 -44
13 114 43 -24 8 -67 -89 69 39 78 -74 -4 28 -60 -13 41 -5 -31 -84 1 70 216 -15 55 -21 -62 -73 -103 88 -35 434 -95 30 -45 -66 81 37 -91 42 126
-54 11 -12 -18 89 67 63 12 -26 -27 54 62 -9 7 106 -87 73 76 135 -76 -123 -47 -8 -23 -52 60 25 56 -33 27 -95 413 -9 -78 -6 61 35 -67 -11 -21
4 81 -47 -29 -23 78 -27 18 34 17 -56 7 59 86 -165 72 -104 18 -39 62 136 -41 -32 -15 39 -83 135 72 -25 4 30 -9 388 27 127 78 -133 31 -40 58
49 14 121 -29 -150 39 21 -2 -46 -5 7 -7 -63 5 -177 -36 -19 69 -31 -26 -3 -56 -36 55 111 -40 -18 -26 92 13 -45 -78 27 410 150 -17 -10 -48 62 -24
50 84 -15 -1 -79 16 -8 -15 -55 -58 -43 15 75 42 -105 -158 -3 10 20 -26 -89 -44 -44 43 -59 -34 99 -21 -14 -81 -66 -6 127 150 356 -40 -11 -5 58 34
-47 45 5 -7 178 126 -17 70 76 21 -63 88 33 -61 -13 -32 -15 -60 11 -39 -40 -15 -4 -59 16 9 1 -22 4 -16 81 61 78 -17 -40 290 -68 -10 23 -70
0 25 59 -44 36 -62 24 -39 -164 72 103 -29 -67 -43 -72 -78 82 136 51 -36 -21 -17 40 37 -21 -29 -4 5 35 51 37 35 -133 -10 -11 -68 499 2 50 -22
-3 -27 48 7 8 -27 -3 30 30 -1 8 -85 18 -61 -59 -60 -90 68 16 59 29 11 26 -19 72 -8 64 71 63 98 -91 -67 31 -48 -5 -10 2 374 -54 12
-11 63 20 41 19 -9 -70 17 -6 -116 -5 13 6 -73 -97 -27 -17 -68 -74 -86 -78 -41 -125 -34 69 45 -1 -98 111 37 42 -11 -40 62 58 23 50 -54 344 31
151 46 117 -108 -128 -29 -38 -27 30 -33 -61 12 87 -21 65 26 100 80 -121 -39 22 38 -38 48 34 68 14 -20 8 -44 126 -21 58 -24 34 -70 -22 12 31 426

Q_cnstr 
140 -4 9 -2 10 -16 65 -33 24 36 -30 4 26 -1 9 -4 -4 -5 -51 41 54 -17 -20 26 29 -15 -20 6 -28 42 13 -16 -8 -20 3 60 7 43 2 25
-4 163 34 -12 -32 14 17 33 51 36 51 22 -31 -32 5 -48 -14 29 -34 21 -23 9 2 3 -25 43 33 -11 -4 -41 -19 3 -6 17 22 -23 27 26 20 15
9 34 212 -21 -28 -25 59 6 41 -5 25 9 14 26 10 19 -8 28 -36 19 47 6 19 1 13 45 10 -33 16 25 29 44 7 -4 -39 30 -14 -16 16 19
-2 -12 -21 85 -2 -29 -21 2 -16 -10 3 -4 -37 17 -16 9 3 -12 9 6 11 -12 -1 -7 11 6 9 -12 -5 -3 -11 -6 2 0 43 -7 18 -14 10 12
10 -32 -28 -2 140 -29 10 -5 -16 34 -19 14 -24 -14 21 22 1 2 27 -26 -5 10 22 -19 -41 -2 -6 87 62 2 -22 29 -3 20 -22 18 35 -24 -15 -25
-16 14 -25 -29 -29 173 -33 -7 43 -17 -7 23 -13 -45 20 2 7 -23 -10 60 -42 -23 22 -29 1 -4 9 -36 -17 -6 5 -43 -21 7 3 -27 7 -47 -8 22
65 17 59 -21 10 -33 201 -12 37 46 6 -15 25 32 51 2 18 3 -37 34 33 27 2 -13 29 -11 -4 -4 -11 36 45 34 7 -15 5 32 -29 24 -6 17
-33 33 6 2 -5 -7 -12 99 -21 12 32 22 -26 -23 35 -4 -18 18 -7 -16 -11 48 -4 2 12 43 -5 2 16 -27 -12 -10 2 -3 -1 5 13 1 -5 -6
24 51 41 -16 -16 43 37 -21 127 -15 26 -3 18 13 -20 -13 3 21 -7 60 -14 -16 20 -11 19 32 15 -15 4 -4 37 33 -24 7 6 -38 -8 7 19 11
36 36 -5 -10 34 -17 46 12 -15 177 -34 7 -19 -10 14 -14 12 39 -57 17 10 55 -4 19 40 -33 28 -20 6 -8 -10 -18 19 -6 -33 28 -1 -9 16 -17
-30 51 25 3 -19 -7 6 32 26 -34 133 -1 -22 22 6 -25 -57 -25 12 5 -13 34 -25 -10 -10 18 -16 -18 10 -28 -28 10 -7 36 -20 -70 7 34 38 4
4 22 9 -4 14 23 -15 22 -3 7 -1 114 -33 -15 25 2 -2 28 2 -20 -1 10 14 -21 -21 42 33 18 12 27 -22 12 7 13 13 -29 30 15 -10 30
26 -31 14 -37 -24 -13 25 -26 18 -19 -22 -33 144 21 -7 -14 14 8 -2 33 42 -16 -26 14 11 23 -31 -28 -9 27 60 11 4 5 -1 -11 -26 3 -1 -1
-1 -32 26 17 -14 -45 32 -23 13 -10 22 -15 21 186 -24 -16 -5 16 12 -72 15 21 45 -12 14 10 -31 -18 1 12 55 67 15 -35 -10 -40 -58 21 2 3
9 5 10 -16 21 20 51 35 -20 14 6 25 -7 -24 148 43 -19 -4 -18 37 -41 0 34 -31 -7 17 -28 12 13 30 21 -13 7 16 11 11 -8 7 -17 5
-4 -48 19 9 22 2 2 -4 -13 -14 -25 2 -14 -16 43 87 8 -6 -12 15 -14 -40 36 -16 27 4 -9 -4 19 21 9 0 12 18 -18 12 -9 -19 -35 -12
-4 -14 -8 3 1 7 18 -18 3 12 -57 -2 14 -5 -19 8 94 25 -17 22 17 14 -5 11 -9 -12 39 24 -15 0 12 5 13 13 6 33 17 -22 -5 -6
-5 29 28 -12 2 -23 3 18 21 39 -25 28 8 16 -4 -6 25 93 -21 18 8 10 28 23 -21 49 28 8 -20 3 16 38 23 10 -14 2 4 41 2 -10
-51 -34 -36 9 27 -10 -37 -7 -7 -57 12 2 -2 12 -18 -12 -17 -21 188 -28 27 28 17 -38 -18 -26 -18 72 54 -20 7 25 1 -37 0 -25 -24 5 -4 -3
41 21 19 6 -26 60 34 -16 60 17 5 -20 33 -72 37 15 22 18 -28 247 25 -22 -54 10 41 17 16 -41 -17 11 35 -37 4 24 -4 22 22 7 19 16
54 -23 47 11 -5 -42 33 -11 -14 10 -13 -1 42 15 -41 -14 17 8 27 25 140 16 -24 7 8 -10 -7 -7 -19 34 28 4 15 -15 -11 11 11 13 9 -11
-17 9 6 -12 10 -23 27 48 -16 55 34 10 -16 21 0 -40 14 10 28 -22 16 163 -45 41 12 -16 47 31 43 -44 -29 -15 5 -6 -30 5 -10 15 48 -20
-20 2 19 -1 22 22 2 -4 20 -4 -25 14 -26 45 34 36 -5 28 17 -54 -24 -45 152 -37 -8 22 -18 -3 -10 42 15 56 11 -11 25 -61 -20 -18 -40 -27
26 3 1 -7 -19 -29 -13 2 -11 19 -10 -21 14 -12 -31 -16 11 23 -38 10 7 41 -37 92 6 16 16 -13 -37 -28 -20 -13 10 3 -13 36 11 43 14 -3
29 -25 13 11 -41 1 29 12 19 40 -10 -21 11 14 -7 27 -9 -21 -18 41 8 12 -8 6 165 -12 23 -65 1 0 32 -41 -9 -35 -1 17 -43 -14 0 -3
-15 43 45 6 -2 -4 -11 43 32 -33 18 42 23 10 17 4 -12 49 -26 17 -10 -16 22 16 -12 202 1 -18 -16 10 29 28 -7 23 -4 -41 44 35 -8 0
-20 33 10 9 -6 9 -4 -5 15 28 -16 33 -31 -31 -28 -9 39 28 -18 16 -7 47 -18 16 23 1 134 8 -3 -17 -28 -12 -14 24 28 -2 14 3 45 -16
6 -11 -33 -12 87 -36 -4 2 -15 -20 -18 18 -28 -18 12 -4 24 8 72 -41 -7 31 -3 -13 -65 -18 8 211 42 -10 -44 15 9 -10 -3 75 27 9 -19 17
-28 -4 16 -5 62 -17 -11 16 4 6 10 12 -9 1 13 19 -15 -20 54 -17 -19 43 -10 -37 1 -16 -3 42 160 -1 -7 5 -5 -8 -31 -5 -29 -42 14 11
42 -41 25 -3 2 -6 36 -27 -4 -8 -28 27 27 12 30 21 0 3 -20 11 34 -44 42 -28 0 10 -17 -10 -1 128 29 20 -1 -10 11 -23 -13 15 -5 23
13 -19 29 -11 -22 5 45 -12 37 -10 -28 -22 60 55 21 9 12 16 7 35 28 -29 15 -20 32 29 -28 -44 -7 29 136 21 1 -10 -3 -3 -37 25 -16 -2
-16 3 44 -6 29 -43 34 -10 33 -18 10 12 11 67 -13 0 5 38 25 -37 4 -15 56 -13 -41 28 -12 15 5 20 21 164 -5 -14 15 -38 -14 26 -38 -3
-8 -6 7 2 -3 -21 7 2 -24 19 -7 7 4 15 7 12 13 23 1 4 15 5 11 10 -9 -7 -14 9 -5 -1 1 -5 57 2 -9 16 1 6 -12 5
-20 17 -4 0 20 7 -15 -3 7 -6 36 13 5 -35 16 18 13 10 -37 24 -15 -6 -11 3 -35 23 24 -10 -8 -10 -10 -14 2 109 -22 -39 35 20 29 -25
3 22 -39 43 -22 3 5 -1 6 -33 -20 13 -1 -10 11 -18 6 -14 0 -4 -11 -30 25 -13 -1 -4 28 -3 -31 11 -3 15 -9 -22 129 -34 14 -30 -27 24
60 -23 30 -7 18 -27 32 5 -38 28 -70 -29 -11 -40 11 12 33 2 -25 22 11 5 -61 36 17 -41 -2 75 -5 -23 -3 -38 16 -39 -34 230 -3 5 -4 30
7 27 -14 18 35 7 -29 13 -8 -1 7 30 -26 -58 -8 -9 17 4 -24 22 11 -10 -20 11 -43 44 14 27 -29 -13 -37 -14 1 35 14 -3 92 -7 -3 1
43 26 -16 -14 -24 -47 24 1 7 -9 34 15 3 21 7 -19 -22 41 5 7 13 15 -18 43 -14 35 3 9 -42 15 25 26 6 20 -30 5 -7 170 36 -1
2 20 16 10 -15 -8 -6 -5 19 16 38 -10 -1 2 -17 -35 -5 2 -4 19 9 48 -40 14 0 -8 45 -19 14 -5 -16 -38 -12 29 -27 -4 -3 36 110 -12
25 15 19 12 -25 22 17 -6 11 -17 4 30 -1 3 5 -12 -6 -10 -3 16 -11 -20 -27 -3 -3 0 -16 17 11 23 -2 -3 5 -25 24 30 1 -1 -12 113

