Q_obj 
293 -1 -52 134 74 -61 -69 89 -65 -48 31 -168 -2 -9 32 -6 -85 -27 -89 76 9 -49 -45 2 -31 -32 8 8 -4 -68 5 -105 -46 -68 -36
-1 350 71 33 -4 11 8 36 -105 132 50 5 -98 40 3 80 96 43 184 45 -35 -8 41 -41 123 -144 59 -42 71 -18 -52 108 63 171 125
-52 71 327 103 -101 89 -90 52 -26 65 -73 119 66 97 80 21 63 -27 7 -31 -12 18 -35 2 25 -54 121 -103 34 -24 32 68 91 27 -20
134 33 103 399 -81 62 -94 -44 -68 7 -31 -12 43 50 -38 -29 2 -12 -89 68 -112 -5 28 1 31 -91 100 -29 106 -69 -64 20 49 99 6
74 -4 -101 -81 358 -39 -89 24 68 10 126 -121 -181 -28 -14 126 -52 -2 37 113 23 -47 14 61 -75 25 -4 -26 -125 -1 116 -125 -123 -15 49
-61 11 89 62 -39 348 -97 -31 105 69 -113 80 50 22 58 -18 -15 -28 34 -13 47 71 28 3 13 -4 67 7 82 -12 33 54 92 46 38
-69 8 -90 -94 -89 -97 275 5 -62 19 -1 9 1 -36 -16 -78 133 44 104 -89 2 -69 37 -56 -17 17 -52 102 55 52 -32 19 -3 5 9
89 36 52 -44 24 -31 5 319 -48 -8 1 -8 -7 41 84 82 76 -22 -26 -35 99 -34 -110 20 -25 0 36 28 -37 20 -52 -16 109 -125 27
-65 -105 -26 -68 68 105 -62 -48 439 46 -67 14 6 59 55 -58 49 -77 61 2 20 9 24 146 -81 76 20 -12 -10 -26 17 -32 9 42 34
-48 132 65 7 10 69 19 -8 46 391 -51 112 -38 121 -12 31 23 -40 165 2 26 -6 1 27 68 -44 51 -42 -60 63 15 -18 53 93 67
31 50 -73 -31 126 -113 -1 1 -67 -51 313 -138 -161 -58 -134 115 -6 68 70 70 -108 -110 52 3 27 -41 -53 -48 -8 11 64 -8 -109 0 65
-168 5 119 -12 -121 80 9 -8 14 112 -138 356 87 15 63 -48 62 -33 -30 -68 37 2 -44 -22 14 -53 47 74 -68 29 -22 119 154 29 -46
-2 -98 66 43 -181 50 1 -7 6 -38 -161 87 355 23 45 -102 -13 -56 -116 -19 -67 64 -81 -50 -8 -5 -44 59 49 -17 -67 35 37 -39 -125
-9 40 97 50 -28 22 -36 41 59 121 -58 15 23 320 25 -87 35 -5 11 -100 -12 82 -89 30 70 61 89 -57 -61 0 -99 38 29 71 21
32 3 80 -38 -14 58 -16 84 55 -12 -134 63 45 25 359 -85 25 -95 -64 -33 54 -8 -139 51 -57 37 -54 -6 37 24 68 -7 93 -38 -48
-6 80 21 -29 126 -18 -78 82 -58 31 115 -48 -102 -87 -85 353 -15 23 54 66 46 -29 34 89 99 -48 28 -63 -40 17 103 -31 -50 -46 132
-85 96 63 2 -52 -15 133 76 49 23 -6 62 -13 35 25 -15 400 73 181 1 -65 18 -69 13 82 -108 9 -15 107 -53 -45 110 94 98 89
-27 43 -27 -12 -2 -28 44 -22 -77 -40 68 -33 -56 -5 -95 23 73 234 47 -21 -7 -45 -5 -42 56 31 -44 13 43 -9 -32 126 -18 97 24
-89 184 7 -89 37 34 104 -26 61 165 70 -30 -116 11 -64 54 181 47 412 33 -33 10 75 38 42 -89 76 -100 123 -53 31 77 -14 188 126
76 45 -31 68 113 -13 -89 -35 2 2 70 -68 -19 -100 -33 66 1 -21 33 266 -109 36 59 -22 5 -140 -75 -40 40 -80 2 3 -59 83 37
9 -35 -12 -112 23 47 2 99 20 26 -108 37 -67 -12 54 46 -65 -7 -33 -109 422 8 -58 -78 -27 83 -17 -21 -12 107 34 -61 71 -21 84
-49 -8 18 -5 -47 71 -69 -34 9 -6 -110 2 64 82 -8 -29 18 -45 10 36 8 347 -62 -45 120 -16 -16 -30 38 -48 -78 50 18 54 -57
-45 41 -35 28 14 28 37 -110 24 1 52 -44 -81 -89 -139 34 -69 -5 75 59 -58 -62 270 -11 -30 -9 89 33 15 -47 37 35 -53 66 25
2 -41 2 1 61 3 -56 20 146 27 3 -22 -50 30 51 89 13 -42 38 -22 -78 -45 -11 341 -30 29 88 10 -60 -36 -55 -54 -22 -44 -36
-31 123 25 31 -75 13 -17 -25 -81 68 27 14 -8 70 -57 99 82 56 42 5 -27 120 -30 -30 338 -41 -33 -23 58 17 1 105 44 11 37
-32 -144 -54 -91 25 -4 17 0 76 -44 -41 -53 -5 61 37 -48 -108 31 -89 -140 83 -16 -9 29 -41 346 -2 49 -70 53 14 -43 28 -87 -127
8 59 121 100 -4 67 -52 36 20 51 -53 47 -44 89 -54 28 9 -44 76 -75 -17 -16 89 88 -33 -2 401 6 -19 -124 41 -15 111 -39 17
8 -42 -103 -29 -26 7 102 28 -12 -42 -48 74 59 -57 -6 -63 -15 13 -100 -40 -21 -30 33 10 -23 49 6 350 14 6 -109 29 75 -90 -129
-4 71 34 106 -125 82 55 -37 -10 -60 -8 -68 49 -61 37 -40 107 43 123 40 -12 38 15 -60 58 -70 -19 14 407 -53 -40 85 43 105 78
-68 -18 -24 -69 -1 -12 52 20 -26 63 11 29 -17 0 24 17 -53 -9 -53 -80 107 -48 -47 -36 17 53 -124 6 -53 389 51 5 9 -34 44
5 -52 32 -64 116 33 -32 -52 17 15 64 -22 -67 -99 68 103 -45 -32 31 2 34 -78 37 -55 1 14 41 -109 -40 51 410 -69 -28 -91 23
-105 108 68 20 -125 54 19 -16 -32 -18 -8 119 35 38 -7 -31 110 126 77 3 -61 50 35 -54 105 -43 -15 29 85 5 -69 321 63 172 0
-46 63 91 49 -123 92 -3 109 9 53 -109 154 37 29 93 -50 94 -18 -14 -59 71 18 -53 -22 44 28 111 75 43 9 -28 63 330 -1 -31
-68 171 27 99 -15 46 5 -125 42 93 0 29 -39 71 -38 -46 98 97 188 83 -21 54 66 -44 11 -87 -39 -90 105 -34 -91 172 -1 421 95
-36 125 -20 6 49 38 9 27 34 67 65 -46 -125 21 -48 132 89 24 126 37 84 -57 25 -36 37 -127 17 -129 78 44 23 0 -31 95 349

Q_cnstr 
105 28 5 -13 16 -8 -9 -32 8 -18 0 -12 -26 11 0 -9 -16 12 21 25 -12 -1 -3 3 -9 9 -33 -9 1 11 -18 0 0 -2 23
28 80 -31 -9 1 26 -13 13 -2 3 -19 29 -9 14 3 -13 -3 12 10 -22 -22 12 12 34 1 0 -20 0 -11 18 13 -1 -7 -7 14
5 -31 121 -18 4 -25 16 -17 26 15 3 -1 16 12 19 -9 4 20 25 27 24 -5 -24 -9 -21 28 20 33 -18 -14 -14 -7 33 13 -40
-13 -9 -18 96 4 -43 -36 0 -1 -5 0 6 -12 13 -4 -1 -33 3 3 25 -8 33 28 -4 17 -27 2 5 3 24 -9 2 2 -17 18
16 1 4 4 125 19 5 48 -1 -22 -3 23 0 -18 7 -6 -1 -15 -33 -13 -6 10 16 -9 22 15 -11 87 -5 18 -14 -3 7 3 -3
-8 26 -25 -43 19 132 37 27 -19 23 -45 -22 -3 -32 24 -16 28 -34 -41 -87 -10 1 -14 31 15 26 -31 27 -2 29 14 -27 -17 7 7
-9 -13 16 -36 5 37 139 5 5 29 11 -40 13 -20 46 15 13 -13 -9 -41 -1 29 8 28 -60 13 30 23 26 -22 13 8 22 9 -36
-32 13 -17 0 48 27 5 123 17 -13 17 42 7 12 15 3 11 -16 -28 -77 14 28 2 20 42 1 -22 40 22 33 -6 27 17 14 19
8 -2 26 -1 -1 -19 5 17 76 10 21 8 10 13 -8 21 4 3 15 22 1 3 16 6 11 15 3 -8 -6 16 10 17 0 7 -8
-18 3 15 -5 -22 23 29 -13 10 108 -2 2 11 -19 8 3 15 -14 -2 -28 -29 -24 5 31 -12 27 21 12 11 1 -5 -4 2 2 -32
0 -19 3 0 -3 -45 11 17 21 -2 184 -51 -17 12 -28 28 38 -57 38 -3 31 32 -22 -8 -1 -50 7 -35 33 -29 -14 15 -5 -21 12
-12 29 -1 6 23 -22 -40 42 8 2 -51 175 38 49 26 -27 -46 17 -14 -12 -4 -15 17 -32 38 25 -6 20 -3 9 -6 21 -15 11 10
-26 -9 16 -12 0 -3 13 7 10 11 -17 38 200 -4 -22 -14 -16 38 -18 -56 38 6 18 15 50 39 -14 8 6 8 -15 42 -50 -7 10
11 14 12 13 -18 -32 -20 12 13 -19 12 49 -4 152 23 17 3 37 13 -17 2 41 -9 -11 10 1 18 16 34 -39 6 27 44 19 -15
0 3 19 -4 7 24 46 15 -8 8 -28 26 -22 23 133 -20 2 -38 -11 -6 -28 6 36 -2 -19 -35 -1 27 -12 -5 21 2 53 25 -13
-9 -13 -9 -1 -6 -16 15 3 21 3 28 -27 -14 17 -20 79 40 31 4 0 13 32 4 -1 11 -8 53 14 25 6 -3 17 7 -20 17
-16 -3 4 -33 -1 28 13 11 4 15 38 -46 -16 3 2 40 121 -8 -5 -20 -16 10 -14 5 1 -1 24 3 19 -10 5 -15 35 -4 -13
12 12 20 3 -15 -34 -13 -16 3 -14 -57 17 38 37 -38 31 -8 169 -5 5 15 10 -4 8 -10 26 29 11 12 7 -8 27 -44 -9 -6
21 10 25 3 -33 -41 -9 -28 15 -2 38 -14 -18 13 -11 4 -5 -5 118 13 19 -5 -24 -29 -8 -8 16 -14 0 -29 9 6 13 10 29
25 -22 27 25 -13 -87 -41 -77 22 -28 -3 -12 -56 -17 -6 0 -20 5 13 204 -29 -43 17 -52 -44 -50 6 -43 -56 -24 19 -30 4 -26 -56
-12 -22 24 -8 -6 -10 -1 14 1 -29 31 -4 38 2 -28 13 -16 15 19 -29 102 22 -45 2 0 8 18 3 -14 -23 -5 27 3 -5 33
-1 12 -5 33 10 1 29 28 3 -24 32 -15 6 41 6 32 10 10 -5 -43 22 113 12 15 -1 -17 26 26 23 1 -13 21 6 -22 19
-3 12 -24 28 16 -14 8 2 16 5 -22 17 18 -9 36 4 -14 -4 -24 17 -45 12 100 10 -9 -6 -1 -3 -21 19 -9 22 -8 10 4
3 34 -9 -4 -9 31 28 20 6 31 -8 -32 15 -11 -2 -1 5 8 -29 -52 2 15 10 110 -11 20 5 7 7 4 9 9 6 8 8
-9 1 -21 17 22 15 -60 42 11 -12 -1 38 50 10 -19 11 1 -10 -8 -44 0 -1 -9 -11 162 -3 -9 38 42 65 5 -11 -47 -9 67
9 0 28 -27 15 26 13 1 15 27 -50 25 39 1 -35 -8 -1 26 -8 -50 8 -17 -6 20 -3 157 1 3 0 -6 -4 -11 -28 17 -16
-33 -20 20 2 -11 -31 30 -22 3 21 7 -6 -14 18 -1 53 24 29 16 6 18 26 -1 5 -9 1 144 22 15 -38 22 17 34 6 -9
-9 0 33 5 87 27 23 40 -8 12 -35 20 8 16 27 14 3 11 -14 -43 3 26 -3 7 38 3 22 156 22 29 -23 -11 41 14 -6
1 -11 -18 3 -5 -2 26 22 -6 11 33 -3 6 34 -12 25 19 12 0 -56 -14 23 -21 7 42 0 15 22 96 9 -14 -1 -19 6 14
11 18 -14 24 18 29 -22 33 16 1 -29 9 8 -39 -5 6 -10 7 -29 -24 -23 1 19 4 65 -6 -38 29 9 143 -28 -33 -23 -19 34
-18 13 -14 -9 -14 14 13 -6 10 -5 -14 -6 -15 6 21 -3 5 -8 9 19 -5 -13 -9 9 5 -4 22 -23 -14 -28 84 1 -2 11 -16
0 -1 -7 2 -3 -27 8 27 17 -4 15 21 42 27 2 17 -15 27 6 -30 27 21 22 9 -11 -11 17 -11 -1 -33 1 95 20 9 27
0 -7 33 2 7 -17 22 17 0 2 -5 -15 -50 44 53 7 35 -44 13 4 3 6 -8 6 -47 -28 34 41 -19 -23 -2 20 169 24 -29
-2 -7 13 -17 3 7 9 14 7 2 -21 11 -7 19 25 -20 -4 -9 10 -26 -5 -22 10 8 -9 17 6 14 6 -19 11 9 24 61 -7
23 14 -40 18 -3 7 -36 19 -8 -32 12 10 10 -15 -13 17 -13 -6 29 -56 33 19 4 8 67 -16 -9 -6 14 34 -16 27 -29 -7 116

