Q_obj 
317 103 -35 -35 42 -74 133 72 -49 -86 -83 10 144 -41
103 365 -90 -129 117 13 -11 149 -112 78 -14 175 25 5
-35 -90 133 -5 -55 -37 -13 -122 30 -45 93 -85 -29 -41
-35 -129 -5 239 -21 0 -27 -69 91 15 60 -36 43 125
42 117 -55 -21 342 155 -29 63 -144 46 -28 124 119 -8
-74 13 -37 0 155 225 -78 90 -32 -75 -71 63 117 13
133 -11 -13 -27 -29 -78 208 -66 -33 -34 -82 -76 -23 -135
72 149 -122 -69 63 90 -66 525 52 -37 -200 59 129 113
-49 -112 30 91 -144 -32 -33 52 394 -40 11 -185 -56 191
-86 78 -45 15 46 -75 -34 -37 -40 281 50 85 -189 -28
-83 -14 93 60 -28 -71 -82 -200 11 50 249 -5 -36 64
10 175 -85 -36 124 63 -76 59 -185 85 -5 298 109 -4
144 25 -29 43 119 117 -23 129 -56 -189 -36 109 377 87
-41 5 -41 125 -8 13 -135 113 191 -28 64 -4 87 311

Q_cnstr 
28 12 -9 6 7 14 7 1 -8 1 5 1 6 3
12 26 1 0 7 1 4 12 -4 6 -1 8 0 11
-9 1 43 3 -12 -17 -12 7 -5 -9 15 6 21 15
6 0 3 68 -2 -10 41 17 -12 12 19 7 21 -5
7 7 -12 -2 36 11 -3 18 -10 12 -12 7 13 -1
14 1 -17 -10 11 32 14 -7 0 -6 -8 -9 2 -6
7 4 -12 41 -3 14 71 5 19 5 8 -5 21 -15
1 12 7 17 18 -7 5 37 -4 15 -1 10 19 -1
-8 -4 -5 -12 -10 0 19 -4 35 2 -2 -9 1 -8
1 6 -9 12 12 -6 5 15 2 24 -1 5 0 -13
5 -1 15 19 -12 -8 8 -1 -2 -1 31 -3 12 9
1 8 6 7 7 -9 -5 10 -9 5 -3 12 0 4
6 0 21 21 13 2 21 19 1 0 12 0 71 15
3 11 15 -5 -1 -6 -15 -1 -8 -13 9 4 15 47

