Q_obj 
296 -5 -75 -89 33 -6 -21 16 -52 -11 -77 77 19 -59 31 77 -19 -4 34 -25 20 94 0 50 -41 -6 -32 -52 47 74 10 33 -38 -10 -16
-5 405 16 -38 75 52 95 2 12 7 -47 -80 -4 10 12 11 21 -26 51 -54 74 1 -84 -29 -13 -39 47 -89 16 -96 0 28 1 0 1
-75 16 369 15 -83 19 -12 30 55 -51 52 53 -15 41 73 -23 5 -102 -55 67 19 -87 -157 17 71 0 5 -24 28 6 77 0 -42 71 -62
-89 -38 15 340 -32 3 -65 28 72 29 -10 -33 8 1 -57 11 -27 -46 -64 -27 -31 -94 8 23 53 94 61 -4 -96 94 -9 55 -48 9 37
33 75 -83 -32 232 45 -35 0 -40 20 37 -28 -59 4 -59 -80 -28 61 22 -74 -39 54 36 11 13 -31 62 8 -23 -27 66 14 5 -62 41
-6 52 19 3 45 293 5 26 44 -78 -91 3 60 18 -16 -53 -103 12 29 -39 8 72 -1 -148 -12 40 -28 -81 80 -97 49 -29 23 -31 61
-21 95 -12 -65 -35 5 374 -78 61 -53 -54 10 29 34 170 -19 -65 23 -28 26 35 78 -11 141 -75 -8 159 -26 157 -72 -8 -17 -24 -15 -2
16 2 30 28 0 26 -78 321 -2 -41 -64 43 -37 -54 68 16 47 -48 59 -36 -29 -15 -112 -1 -64 15 -113 66 10 -20 16 -15 -64 5 -67
-52 12 55 72 -40 44 61 -2 352 -111 1 78 -40 105 63 100 -43 27 32 78 -27 37 33 -101 -14 -49 3 -94 40 -12 113 18 94 78 -75
-11 7 -51 29 20 -78 -53 -41 -111 368 168 -83 -22 6 -94 -34 102 -64 70 0 56 -43 -62 -31 -7 -45 84 91 4 35 -80 -1 -30 -67 -2
-77 -47 52 -10 37 -91 -54 -64 1 168 374 -22 -157 95 -53 -53 19 25 -45 84 21 -79 49 -95 -76 -59 17 119 -9 12 32 -69 -54 22 -12
77 -80 53 -33 -28 3 10 43 78 -83 -22 328 44 -25 70 79 6 36 47 104 -96 53 -26 41 -74 -58 -19 -33 55 63 7 -19 -18 -25 -46
19 -4 -15 8 -59 60 29 -37 -40 -22 -157 44 365 -113 47 56 112 91 -23 -118 40 67 13 -54 -62 16 87 -30 104 -35 -30 41 55 5 -66
-59 10 41 1 4 18 34 -54 105 6 95 -25 -113 328 14 -67 -120 -32 -60 134 50 -41 12 -55 59 -72 8 -17 13 27 157 42 -64 -11 60
31 12 73 -57 -59 -16 170 68 63 -94 -53 70 47 14 352 0 33 3 -30 -12 7 115 -57 119 -120 -50 85 -6 141 -5 44 75 -9 54 -93
77 11 -23 11 -80 -53 -19 16 100 -34 -53 79 56 -67 0 381 128 87 93 -46 75 -36 -46 -20 -19 17 -11 -61 22 -10 -46 -22 56 138 -130
-19 21 5 -27 -28 -103 -65 47 -43 102 19 6 112 -120 33 128 383 32 27 -122 -22 -17 -51 -6 -6 -47 51 49 -26 27 -19 0 -31 70 -142
-4 -26 -102 -46 61 12 23 -48 27 -64 25 36 91 -32 3 87 32 330 32 -69 -2 79 108 -17 -143 51 96 -60 44 -115 72 -52 48 98 -10
34 51 -55 -64 22 29 -28 59 32 70 -45 47 -23 -60 -30 93 27 32 329 -24 14 1 -66 -69 -48 -9 13 -96 -5 -66 -93 -42 48 8 -19
-25 -54 67 -27 -74 -39 26 -36 78 0 84 104 -118 134 -12 -46 -122 -69 -24 404 13 -41 26 -14 29 -120 -166 5 39 125 77 -27 -14 22 7
20 74 19 -31 -39 8 35 -29 -27 56 21 -96 40 50 7 75 -22 -2 14 13 272 -74 15 9 -1 -37 28 -25 119 -59 -2 96 -11 -5 -14
94 1 -87 -94 54 72 78 -15 37 -43 -79 53 67 -41 115 -36 -17 79 1 -41 -74 339 17 -22 -53 34 59 -21 84 -65 9 -8 95 -89 4
0 -84 -157 8 36 -1 -11 -112 33 -62 49 -26 13 12 -57 -46 -51 108 -66 26 15 17 276 -28 -25 -54 -39 19 11 -20 20 28 20 -12 31
50 -29 17 23 11 -148 141 -1 -101 -31 -95 41 -54 -55 119 -20 -6 -17 -69 -14 9 -22 -28 494 75 17 109 -5 32 89 -57 38 -82 17 14
-41 -13 71 53 13 -12 -75 -64 -14 -7 -76 -74 -62 59 -120 -19 -6 -143 -48 29 -1 -53 -25 75 342 22 -65 -53 -44 76 41 22 -42 -12 9
-6 -39 0 94 -31 40 -8 15 -49 -45 -59 -58 16 -72 -50 17 -47 51 -9 -120 -37 34 -54 17 22 308 68 -65 -129 -16 -32 -88 -26 34 121
-32 47 5 61 62 -28 159 -113 3 84 17 -19 87 8 85 -11 51 96 13 -166 28 59 -39 109 -65 68 400 -12 22 -39 -9 85 -26 -32 33
-52 -89 -24 -4 8 -81 -26 66 -94 91 119 -33 -30 -17 -6 -61 49 -60 -96 5 -25 -21 19 -5 -53 -65 -12 338 -11 -21 -103 -40 -71 -23 -9
47 16 28 -96 -23 80 157 10 40 4 -9 55 104 13 141 22 -26 44 -5 39 119 84 11 32 -44 -129 22 -11 361 -69 56 12 -46 1 -108
74 -96 6 94 -27 -97 -72 -20 -12 35 12 63 -35 27 -5 -10 27 -115 -66 125 -59 -65 -20 89 76 -16 -39 -21 -69 332 65 31 -64 6 7
10 0 77 -9 66 49 -8 16 113 -80 32 7 -30 157 44 -46 -19 72 -93 77 -2 9 20 -57 41 -32 -9 -103 56 65 315 54 -35 38 -25
33 28 0 55 14 -29 -17 -15 18 -1 -69 -19 41 42 75 -22 0 -52 -42 -27 96 -8 28 38 22 -88 85 -40 12 31 54 296 60 -88 -6
-38 1 -42 -48 5 23 -24 -64 94 -30 -54 -18 55 -64 -9 56 -31 48 48 -14 -11 95 20 -82 -42 -26 -26 -71 -46 -64 -35 60 325 -13 -40
-10 0 71 9 -62 -31 -15 5 78 -67 22 -25 5 -11 54 138 70 98 8 22 -5 -89 -12 17 -12 34 -32 -23 1 6 38 -88 -13 302 -101
-16 1 -62 37 41 61 -2 -67 -75 -2 -12 -46 -66 60 -93 -130 -142 -10 -19 7 -14 4 31 14 9 121 33 -9 -108 7 -25 -6 -40 -101 236

Q_cnstr 
151 5 31 21 -1 26 18 2 -15 -27 -33 -32 36 -8 -41 -12 7 29 -12 4 22 34 18 -13 13 -40 -11 -5 -36 -3 17 -3 -31 -19 21
5 140 46 17 12 17 27 -2 4 -27 -6 -5 1 -24 20 -3 12 29 14 10 37 31 -9 8 -35 -15 15 36 7 23 3 27 7 6 -15
31 46 101 21 16 13 12 -3 -27 6 9 -2 14 0 -10 -40 -20 12 21 -6 2 2 21 0 1 51 15 -5 -10 23 5 6 -22 -23 16
21 17 21 41 17 4 15 -9 -3 -25 4 -15 20 4 -2 -9 -7 -8 16 -6 13 -3 -15 2 -7 -9 19 -1 -4 38 8 1 14 -19 -7
-1 12 16 17 107 -5 16 -8 5 -25 33 7 7 -9 54 -1 22 3 -37 -25 17 10 -40 1 -14 34 33 -24 7 39 -9 37 15 6 5
26 17 13 4 -5 112 -6 2 12 -11 -60 4 -11 24 -29 5 30 -19 1 0 -6 -9 -7 13 -4 -26 17 5 8 -9 18 -12 0 -13 -26
18 27 12 15 16 -6 100 10 17 -9 -22 1 17 -14 -10 -11 -14 -23 8 -3 -12 35 -42 1 -46 -39 35 -28 -21 -18 -3 33 9 -18 21
2 -2 -3 -9 -8 2 10 45 -2 9 -20 -3 11 -4 -1 -1 12 -2 -7 2 2 6 12 -5 -26 0 29 8 -19 -36 -19 -6 14 -26 13
-15 4 -27 -3 5 12 17 -2 120 8 4 16 8 -5 -20 9 5 -7 -19 -12 -14 -4 -8 -4 -12 -70 -5 12 33 9 16 19 23 15 17
-27 -27 6 -25 -25 -11 -9 9 8 188 -36 57 -25 -28 15 2 -13 -41 53 -7 -8 5 45 -29 44 -14 -17 15 7 -33 -40 4 -9 22 45
-33 -6 9 4 33 -60 -22 -20 4 -36 179 -7 -13 4 35 9 30 12 4 -65 4 -56 -34 6 25 53 -30 -31 24 2 18 4 -9 19 3
-32 -5 -2 -15 7 4 1 -3 16 57 -7 74 -7 -10 32 27 20 -2 6 -27 1 0 8 -6 20 -3 9 3 10 -4 -24 10 -9 -5 9
36 1 14 20 7 -11 17 11 8 -25 -13 -7 96 6 5 -10 2 28 -35 26 31 9 -4 7 -30 1 9 30 -23 -6 11 -7 13 -26 14
-8 -24 0 4 -9 24 -14 -4 -5 -28 4 -10 6 148 4 13 7 -4 -7 9 -24 -28 6 41 9 11 -16 -9 20 7 -20 -29 -19 -9 -48
-41 20 -10 -2 54 -29 -10 -1 -20 15 35 32 5 4 184 4 19 14 -9 -2 -5 -1 7 -3 22 -21 -4 -12 11 -25 -21 4 54 16 -21
-12 -3 -40 -9 -1 5 -11 -1 9 2 9 27 -10 13 4 73 31 15 -3 -23 4 -14 1 -3 26 0 14 27 -10 -4 -8 8 -9 5 -29
7 12 -20 -7 22 30 -14 12 5 -13 30 20 2 7 19 31 122 26 -12 -15 41 19 -33 6 -7 -6 30 -16 7 -10 6 -10 30 1 19
29 29 12 -8 3 -19 -23 -2 -7 -41 12 -2 28 -4 14 15 26 119 -20 0 38 19 48 7 19 23 -2 16 -9 2 11 7 5 13 -11
-12 14 21 16 -37 1 8 -7 -19 53 4 6 -35 -7 -9 -3 -12 -20 97 -38 -1 -9 17 -4 23 -23 -10 -6 -11 0 2 -8 5 -7 12
4 10 -6 -6 -25 0 -3 2 -12 -7 -65 -27 26 9 -2 -23 -15 0 -38 150 -13 38 -23 0 -19 -11 -1 8 6 13 9 0 18 10 -37
22 37 2 13 17 -6 -12 2 -14 -8 4 1 31 -24 -5 4 41 38 -1 -13 129 5 -12 2 -19 14 -7 25 19 7 -8 19 29 4 2
34 31 2 -3 10 -9 35 6 -4 5 -56 0 9 -28 -1 -14 19 19 -9 38 5 127 8 1 -30 -48 31 -11 -34 26 -22 15 7 22 25
18 -9 21 -15 -40 -7 -42 12 -8 45 -34 8 -4 6 7 1 -33 48 17 -23 -12 8 180 1 30 19 -3 7 -15 -33 12 -30 -30 8 10
-13 8 0 2 1 13 1 -5 -4 -29 6 -6 7 41 -3 -3 6 7 -4 0 2 1 1 50 -16 1 2 -9 -5 -4 -3 -10 -25 -6 -24
13 -35 1 -7 -14 -4 -46 -26 -12 44 25 20 -30 9 22 26 -7 19 23 -19 -19 -30 30 -16 116 -1 -29 26 2 20 -8 -1 -7 22 2
-40 -15 51 -9 34 -26 -39 0 -70 -14 53 -3 1 11 -21 0 -6 23 -23 -11 14 -48 19 1 -1 202 22 -7 -6 5 12 -22 -34 -15 -14
-11 15 15 19 33 17 35 29 -5 -17 -30 9 9 -16 -4 14 30 -2 -10 -1 -7 31 -3 2 -29 22 120 -1 -36 16 -4 11 44 -34 1
-5 36 -5 -1 -24 5 -28 8 12 15 -31 3 30 -9 -12 27 -16 16 -6 8 25 -11 7 -9 26 -7 -1 149 -27 14 -10 -14 6 -5 -13
-36 7 -10 -4 7 8 -21 -19 33 7 24 10 -23 20 11 -10 7 -9 -11 6 19 -34 -15 -5 2 -6 -36 -27 92 21 4 12 17 32 -4
-3 23 23 38 39 -9 -18 -36 9 -33 2 -4 -6 7 -25 -4 -10 2 0 13 7 26 -33 -4 20 5 16 14 21 155 -14 22 16 15 -8
17 3 5 8 -9 18 -3 -19 16 -40 18 -24 11 -20 -21 -8 6 11 2 9 -8 -22 12 -3 -8 12 -4 -10 4 -14 86 -27 11 -5 10
-3 27 6 1 37 -12 33 -6 19 4 4 10 -7 -29 4 8 -10 7 -8 0 19 15 -30 -10 -1 -22 11 -14 12 22 -27 88 12 33 2
-31 7 -22 14 15 0 9 14 23 -9 -9 -9 13 -19 54 -9 30 5 5 18 29 7 -30 -25 -7 -34 44 6 17 16 11 12 150 8 -12
-19 6 -23 -19 6 -13 -18 -26 15 22 19 -5 -26 -9 16 5 1 13 -7 10 4 22 8 -6 22 -15 -34 -5 32 15 -5 33 8 88 -12
21 -15 16 -7 5 -26 21 13 17 45 3 9 14 -48 -21 -29 19 -11 12 -37 2 25 10 -24 2 -14 1 -13 -4 -8 10 2 -12 -12 160

