Q_obj 
2822 -186 -37 60 134 -673 558 -106 477 -408 757 -81 -382 553 544 531 -594 34 471 -433 -233 233 637 621 133 401 -231 371 -249 631 -194 242 -560 -311 -214 -380 332 236 55 -323 -4 7 -324 24 1102 -288 -14 -194 -144 78 -460 -438
-186 2941 354 155 191 -60 278 -642 -170 481 213 312 -408 -537 -34 -534 41 120 -656 709 436 -370 -437 -3 -503 -520 -484 24 -14 -90 327 -48 450 708 390 -396 -556 915 433 1077 520 -605 -118 210 -109 421 565 -191 331 -86 -611 -56
-37 354 2189 18 97 -859 318 -269 -64 139 189 -92 -29 -33 329 423 -100 4 154 278 605 -83 -34 57 -210 -694 44 45 -442 334 444 -25 448 571 -106 -317 -560 -137 -93 382 222 -239 688 183 -158 -8 -320 -365 -479 -464 -220 -304
60 155 18 3024 -14 281 179 525 -170 -175 821 351 -111 -170 -468 -434 353 75 -59 577 174 -638 -469 -140 651 533 68 -406 90 346 -41 -219 638 -182 -242 -375 28 40 -387 341 -225 -1018 -98 -459 163 -530 303 796 226 160 16 426
134 191 97 -14 2326 -279 -15 -231 -282 -237 159 -257 -278 191 -86 -321 -564 -28 213 73 -234 536 382 -264 466 -205 -357 -439 -146 122 104 161 498 62 727 -20 -355 228 -276 542 268 172 -507 255 -302 -756 -26 -86 -51 258 -605 60
-673 -60 -859 281 -279 3153 -586 593 -121 -62 -611 56 -414 -938 -667 -492 -494 300 -646 168 -386 -333 -324 164 516 -321 -125 -602 229 -1009 -319 -634 159 139 -335 494 -578 200 285 -418 -319 375 154 -757 -43 509 19 373 237 -110 -141 -22
558 278 318 179 -15 -586 3102 -645 -286 -744 -180 -531 -270 172 -45 667 -267 -534 263 507 342 -196 86 75 -502 849 292 -175 -514 973 147 -557 -392 65 -576 158 -78 266 488 -674 658 -577 578 435 137 -868 -152 -16 -1194 -344 55 355
-106 -642 -269 525 -231 593 -645 2863 231 96 193 224 -77 -112 -870 -156 181 -247 -451 -365 -149 -55 248 218 50 -140 198 -6 699 -308 218 -191 -300 186 -681 -130 -43 -551 -308 -399 211 658 -20 -167 -650 51 479 340 76 62 134 305
477 -170 -64 -170 -282 -121 -286 231 2103 -447 46 -32 -235 55 -161 -140 -356 678 283 -140 226 -263 84 398 603 -393 623 576 -101 133 -581 253 -247 314 -20 58 208 450 624 263 577 -189 443 -194 651 387 216 429 -512 -501 659 -355
-408 481 139 -175 -237 -62 -744 96 -447 2191 257 -218 332 -216 -27 -327 570 728 -85 87 -187 192 358 -247 -343 -936 92 -159 -54 -375 163 445 320 -240 41 -246 -78 -132 -570 291 -186 -11 -341 -226 80 551 86 -483 316 399 -278 432
757 213 189 821 159 -611 -180 193 46 257 2897 65 171 422 -947 759 41 -798 475 -499 -119 383 346 185 -256 295 -618 300 -63 436 339 150 608 118 -306 -173 364 -39 325 146 -743 -381 -461 355 173 176 75 41 106 938 370 197
-81 312 -92 351 -257 56 -531 224 -32 -218 65 2838 -89 -460 221 -468 560 -325 -480 -70 -199 340 -417 -288 -350 -43 153 34 668 364 368 29 -449 222 -608 -990 183 -644 181 420 -81 -63 -173 -264 -1125 -503 525 -208 552 279 -289 -570
-382 -408 -29 -111 -278 -414 -270 -77 -235 332 171 -89 2415 48 -83 -43 401 -575 -341 -329 -397 -150 932 -80 448 181 -14 -23 78 347 -529 173 115 -87 377 303 202 279 -514 -208 -568 -212 -248 207 134 217 -374 -31 441 86 231 53
553 -537 -33 -170 191 -938 172 -112 55 -216 422 -460 48 2558 239 786 303 -328 177 -166 -507 148 260 -49 -188 417 160 -168 129 196 283 -80 256 -626 219 375 611 94 7 -233 30 321 -81 523 -92 -361 73 301 -410 -661 -92 322
544 -34 329 -468 -86 -667 -45 -870 -161 -27 -947 221 -83 239 3217 271 -430 58 583 -106 128 149 -203 -15 -14 556 -243 -449 -747 201 145 1133 -360 -432 425 -464 -357 690 -581 584 -65 -742 -123 288 110 80 -570 -282 -22 -121 -853 -1010
531 -534 423 -434 -321 -492 667 -156 -140 -327 759 -468 -43 786 271 2650 -183 -759 337 3 51 221 259 -205 -694 310 -489 387 -227 410 237 -391 329 165 -210 17 193 110 83 -197 83 144 229 876 0 -205 272 99 -116 -291 427 -268
-594 41 -100 353 -564 -494 -267 181 -356 570 41 560 401 303 -430 -183 2719 89 -395 233 161 333 -98 -154 -244 -107 100 -254 -211 432 665 5 -197 -837 -561 386 446 -341 111 -420 -101 -381 305 -22 -167 54 -41 -268 61 -145 210 764
34 120 4 75 -28 300 -534 -247 678 728 -798 -325 -575 -328 58 -759 89 3101 -287 499 -271 -37 -384 355 209 -876 592 59 -7 -371 -479 64 754 -323 -99 -321 219 -448 359 663 348 -86 403 -288 958 393 -259 -274 335 -673 -246 308
471 -656 154 -59 213 -646 263 -451 283 -85 475 -480 -341 177 583 337 -395 -287 2808 -955 33 -13 -150 49 372 544 -375 -25 214 863 194 375 350 85 7 263 272 -288 -95 411 -59 -254 66 -192 -517 -61 -995 -464 -550 565 -40 -230
-433 709 278 577 73 168 507 -365 -140 87 -499 -70 -329 -166 -106 3 233 499 -955 2673 407 -412 -420 -189 -654 -386 21 197 -307 -84 -70 -213 602 -245 -540 251 179 -54 368 -179 407 -646 505 -352 -425 -39 447 -264 220 -933 76 598
-233 436 605 174 -234 -386 342 -149 226 -187 -119 -199 -397 -507 128 51 161 -271 33 407 2587 45 -263 -258 118 -292 326 -42 -705 291 294 690 -76 479 -67 -241 -304 37 385 188 182 -424 738 558 71 -157 -133 201 -881 272 -1 251
233 -370 -83 -638 536 -333 -196 -55 -263 192 383 340 -150 148 149 221 333 -37 -13 -412 45 2127 263 93 -53 -369 339 -1 -93 410 250 281 -559 -931 -156 -166 71 56 371 -153 -339 53 -277 254 79 -196 -329 -240 -443 446 -349 162
637 -437 -34 -469 382 -324 86 248 84 358 346 -417 932 260 -203 259 -98 -384 -150 -420 -263 263 2607 -316 164 263 -210 182 225 286 10 49 -120 210 325 12 -107 65 -809 -167 -241 312 -201 395 973 -344 -245 169 98 -268 458 169
621 -3 57 -140 -264 164 75 218 398 -247 185 -288 -80 -49 -15 -205 -154 355 49 -189 -258 93 -316 3146 -280 257 -316 643 412 -245 -434 -855 -682 74 -751 606 -47 254 251 -874 -304 241 336 546 -334 -99 308 21 -73 351 425 13
133 -503 -210 651 466 516 -502 50 603 -343 -256 -350 448 -188 -14 -694 -244 209 372 -654 118 -53 164 -280 3075 -199 398 -404 -441 -39 -798 441 -320 -61 898 -230 20 504 -420 135 -441 -52 382 -882 1020 301 -416 1140 -484 -16 -635 -433
401 -520 -694 533 -205 -321 849 -140 -393 -936 295 -43 181 417 556 310 -107 -876 544 -386 -292 -369 263 257 -199 2565 -411 -259 202 468 92 87 -366 -189 -265 407 268 -72 -422 -569 -503 -173 117 553 -76 -856 -161 427 409 198 295 352
-231 -484 44 68 -357 -125 292 198 623 92 -618 153 -14 160 -243 -489 100 592 -375 21 326 339 -210 -316 398 -411 2128 -30 -74 116 -64 -50 -574 -759 -269 -92 440 -69 83 -349 289 323 325 -720 501 -270 162 186 -959 -36 591 123
371 24 45 -406 -439 -602 -175 -6 576 -159 300 34 -23 -168 -449 387 -254 59 -25 197 -42 -1 182 643 -404 -259 -30 2704 629 505 32 -740 -492 96 -291 138 838 124 357 236 1 517 138 152 242 505 975 -863 -23 127 989 189
-249 -14 -442 90 -146 229 -514 699 -101 -54 -63 668 78 129 -747 -227 -211 -7 214 -307 -705 -93 225 412 -441 202 -74 629 2857 -214 173 -668 150 36 -248 245 112 -648 -156 441 93 514 -147 -337 -397 -462 640 -271 341 -96 -24 365
631 -90 334 346 122 -1009 973 -308 133 -375 436 364 347 196 201 410 432 -371 863 -84 291 410 286 -245 -39 468 116 505 -214 2698 391 -128 183 -253 -333 -105 1111 -275 143 154 -259 -756 286 52 59 -804 -827 -307 -423 -155 33 119
-194 327 444 -41 104 -319 147 218 -581 163 339 368 -529 283 145 237 665 -479 194 -70 294 250 10 -434 -798 92 -64 32 173 391 2705 -267 133 -484 223 357 -82 -809 -17 -81 314 100 321 157 -595 -69 170 -872 -471 316 -30 -326
242 -48 -25 -219 161 -634 -557 -191 253 445 150 29 173 -80 1133 -391 5 64 375 -213 690 281 49 -855 441 87 -50 -740 -668 -128 -267 2892 160 -49 -127 -377 -174 3 -68 237 -313 -911 -128 -218 453 -119 -654 -144 -173 -187 -630 85
-560 450 448 638 498 159 -392 -300 -247 320 608 -449 115 256 -360 329 -197 754 350 602 -76 -559 -120 -682 -320 -366 -574 -492 150 183 133 160 3229 201 -98 125 -284 -509 -209 887 -131 -326 -432 0 -427 -242 -916 466 448 -635 205 649
-311 708 571 -182 62 139 65 186 314 -240 118 222 -87 -626 -432 165 -837 -323 85 -245 479 -931 210 74 -61 -189 -759 96 36 -253 -484 -49 201 2587 157 -425 -169 65 181 657 141 -79 288 370 -1042 43 428 317 277 -254 -210 -921
-214 390 -106 -242 727 -335 -576 -681 -20 41 -306 -608 377 219 425 -210 -561 -99 7 -540 -67 -156 325 -751 898 -265 -269 -291 -248 -333 223 -127 -98 157 2762 6 -233 805 -472 785 -105 -114 -470 -197 434 291 64 88 476 225 -684 -1121
-380 -396 -317 -375 -20 494 158 -130 58 -246 -173 -990 303 375 -464 17 386 -321 263 251 -241 -166 12 606 -230 407 -92 138 245 -105 357 -377 125 -425 6 2428 100 249 171 -547 216 -266 142 -261 -232 -224 84 -474 -472 -265 260 223
332 -556 -560 28 -355 -578 -78 -43 208 -78 364 183 202 611 -357 193 446 219 272 179 -304 71 -107 -47 20 268 440 838 112 1111 -82 -174 -284 -169 -233 100 2261 -488 184 -230 -690 -99 150 -141 -2 254 -112 -430 82 -310 215 -171
236 915 -137 40 228 200 266 -551 450 -132 -39 -644 279 94 690 110 -341 -448 -288 -54 37 56 65 254 504 -72 -69 124 -648 -275 -809 3 -509 65 805 249 -488 2557 169 329 103 -465 -281 338 631 372 620 614 -408 -18 -134 -116
55 433 -93 -387 -276 285 488 -308 624 -570 325 181 -514 7 -581 83 111 359 -95 368 385 371 -809 251 -420 -422 83 357 -156 143 -17 -68 -209 181 -472 171 184 169 2600 170 182 -318 556 238 -257 412 129 -605 -343 -247 164 119
-323 1077 382 341 542 -418 -674 -399 263 291 146 420 -208 -233 584 -197 -420 663 411 -179 188 -153 -167 -874 135 -569 -349 236 441 154 -81 237 887 657 785 -547 -230 329 170 2508 214 -741 -400 235 69 435 35 -271 379 51 -761 -721
-4 520 222 -225 268 -319 658 211 577 -186 -743 -81 -568 30 -65 83 -101 348 -59 407 182 -339 -241 -304 -441 -503 289 1 93 -259 314 -313 -131 141 -105 216 -690 103 182 214 2392 137 -120 360 -42 -17 959 -168 -517 -114 -21 210
7 -605 -239 -1018 172 375 -577 658 -189 -11 -381 -63 -212 321 -742 144 -381 -86 -254 -646 -424 53 312 241 -52 -173 323 517 514 -756 100 -911 -326 -79 -114 -266 -99 -465 -318 -741 137 2558 -113 248 -205 -79 633 250 186 212 488 400
-324 -118 688 -98 -507 154 578 -20 443 -341 -461 -173 -248 -81 -123 229 305 403 66 505 738 -277 -201 336 382 117 325 138 -147 286 321 -128 -432 288 -470 142 150 -281 556 -400 -120 -113 2489 88 72 52 -216 197 -747 -689 197 140
24 210 183 -459 255 -757 435 -167 -194 -226 355 -264 207 523 288 876 -22 -288 -192 -352 558 254 395 546 -882 553 -720 152 -337 52 157 -218 0 370 -197 -261 -141 338 238 235 360 248 88 2901 39 136 260 205 190 81 525 459
1102 -109 -158 163 -302 -43 137 -650 651 80 173 -1125 134 -92 110 0 -167 958 -517 -425 71 79 973 -334 1020 -76 501 242 -397 59 -595 453 -427 -1042 434 -232 -2 631 -257 69 -42 -205 72 39 3672 405 -192 334 -301 -120 151 219
-288 421 -8 -530 -756 509 -868 51 387 551 176 -503 217 -361 80 -205 54 393 -61 -39 -157 -196 -344 -99 301 -856 -270 505 -462 -804 -69 -119 -242 43 291 -224 254 372 412 435 -17 -79 52 136 405 2987 -278 -591 378 147 -283 -327
-14 565 -320 303 -26 19 -152 479 216 86 75 525 -374 73 -570 272 -41 -259 -995 447 -133 -329 -245 308 -416 -161 162 975 640 -827 170 -654 -916 428 64 84 -112 620 129 35 959 633 -216 260 -192 -278 2887 -79 261 391 361 -219
-194 -191 -365 796 -86 373 -16 340 429 -483 41 -208 -31 301 -282 99 -268 -274 -464 -264 201 -240 169 21 1140 427 186 -863 -271 -307 -872 -144 466 317 88 -474 -430 614 -605 -271 -168 250 197 205 334 -591 -79 2797 -265 -334 335 156
-144 331 -479 226 -51 237 -1194 76 -512 316 106 552 441 -410 -22 -116 61 335 -550 220 -881 -443 98 -73 -484 409 -959 -23 341 -423 -471 -173 448 277 476 -472 82 -408 -343 379 -517 186 -747 190 -301 378 261 -265 2542 165 -20 -125
78 -86 -464 160 258 -110 -344 62 -501 399 938 279 86 -661 -121 -291 -145 -673 565 -933 272 446 -268 351 -16 198 -36 127 -96 -155 316 -187 -635 -254 225 -265 -310 -18 -247 51 -114 212 -689 81 -120 147 391 -334 165 2838 72 -240
-460 -611 -220 16 -605 -141 55 134 659 -278 370 -289 231 -92 -853 427 210 -246 -40 76 -1 -349 458 425 -635 295 591 989 -24 33 -30 -630 205 -210 -684 260 215 -134 164 -761 -21 488 197 525 151 -283 361 335 -20 72 2911 627
-438 -56 -304 426 60 -22 355 305 -355 432 197 -570 53 322 -1010 -268 764 308 -230 598 251 162 169 13 -433 352 123 189 365 119 -326 85 649 -921 -1121 223 -171 -116 119 -721 210 400 140 459 219 -327 -219 156 -125 -240 627 3040

Q_cnstr 
93 -4 -14 -2 5 5 14 -35 13 7 17 -4 7 -13 22 3 -13 28 -1 0 7 4 1 -3 -2 1 2 -17 15 -10 2 -11 -3 28 10 26 -14 1 -13 3 -17 12 8 -14 9 -4 3 8 13 -1 16 -13
-4 107 -8 9 0 5 3 3 10 5 26 -14 -14 -2 -21 16 -4 19 -8 -7 -29 5 -6 6 32 8 -6 -1 -33 8 -8 15 -24 10 12 -14 -1 -7 0 -15 3 8 2 -1 -3 21 -10 -11 -9 4 -7 3
-14 -8 137 -13 -5 23 -2 20 -17 -17 3 9 -4 26 -14 1 -17 -12 -8 -1 -6 1 0 -38 -7 -5 -52 -16 3 -18 -4 17 12 -19 -13 6 6 9 5 6 9 -11 0 10 -14 -20 22 29 -10 -33 -10 -17
-2 9 -13 146 10 9 -10 12 6 18 -37 0 -4 6 21 -35 25 21 17 -10 33 -10 -10 19 -28 -17 28 3 -6 20 -8 1 -8 10 11 -33 0 38 -9 -34 8 20 -10 6 -7 23 17 5 -3 -14 -4 -12
5 0 -5 10 51 -1 -1 4 -1 16 5 14 -11 3 2 4 8 30 -2 11 -5 4 3 2 4 0 38 -7 3 5 -15 -6 -13 7 -20 7 9 2 -2 3 21 16 -5 0 2 1 8 8 -5 -13 0 17
5 5 23 9 -1 148 -1 -10 14 -12 -51 6 -44 13 -8 -39 7 -3 5 15 -28 7 -14 -9 -16 21 2 2 -19 23 -15 -1 -11 43 15 -18 -26 4 7 7 -33 4 -10 24 5 -7 -12 -6 12 10 -15 25
14 3 -2 -10 -1 -1 53 -17 3 -7 -10 12 14 6 -6 23 10 6 17 -1 16 7 -12 -10 15 -6 5 -2 -4 3 -6 3 -12 1 -10 19 -11 -3 -5 -20 -4 -22 9 -13 14 6 6 4 5 11 7 -10
-35 3 20 12 4 -10 -17 89 -8 12 -2 16 2 -7 -10 -14 -25 6 -11 15 -7 15 22 -1 -3 8 -4 9 -11 4 -2 15 3 -27 -4 -47 8 10 19 -2 53 7 -21 13 -27 -27 5 8 -7 -5 -3 -19
13 10 -17 6 -1 14 3 -8 85 13 17 -30 -9 -21 -4 -3 6 -1 11 -3 10 10 -8 13 31 8 22 -5 7 -2 8 5 0 20 24 4 -13 20 -4 -12 -3 10 -5 26 -5 -6 2 11 -8 -9 -3 -10
7 5 -17 18 16 -12 -7 12 13 67 18 -8 -7 -19 7 2 1 20 13 5 -8 -1 8 29 7 18 24 -10 21 -3 7 -1 -12 -8 3 15 6 -14 23 15 19 19 6 -5 -10 -21 5 16 -4 16 -11 5
17 26 3 -37 5 -51 -10 -2 17 18 155 -10 4 -5 -30 30 -7 -5 10 8 -25 0 26 -3 30 13 -18 -5 29 -19 10 22 5 -6 -2 21 -8 -21 8 3 26 7 0 -14 11 -28 -5 -3 -10 18 2 4
-4 -14 9 0 14 6 12 16 -30 -8 -10 84 1 15 -8 3 -2 17 12 11 -4 2 -10 1 -8 1 5 3 5 8 -9 4 22 -18 -20 14 6 19 -7 2 4 12 -4 7 12 -1 14 10 3 5 14 -1
7 -14 -4 -4 -11 -44 14 2 -9 -7 4 1 101 6 14 10 8 14 32 3 5 -6 -5 -1 11 -5 -4 6 18 -16 12 -2 7 6 -8 3 -6 -21 -6 1 12 -10 9 -20 4 19 10 4 -9 -8 21 -32
-13 -2 26 6 3 13 6 -7 -21 -19 -5 15 6 112 0 -6 8 12 -11 -4 -15 -39 -18 1 -3 3 -11 -2 2 2 5 -8 2 11 -2 7 7 3 -19 -25 -4 -20 4 -5 55 4 17 -11 -25 -24 -29 9
22 -21 -14 21 2 -8 -6 -10 -4 7 -30 -8 14 0 107 -7 0 15 -12 -3 44 -11 -1 30 -27 -12 16 8 4 -13 -10 3 -3 26 1 0 -11 -4 -6 24 -11 31 4 -1 0 13 10 14 12 -11 6 9
3 16 1 -35 4 -39 23 -14 -3 2 30 3 10 -6 -7 81 -1 -1 15 -22 5 5 3 -8 10 5 -15 -5 17 0 1 -2 -3 -17 -9 45 8 -19 2 0 -15 1 -2 -32 -10 -20 7 24 -5 19 6 -10
-13 -4 -17 25 8 7 10 -25 6 1 -7 -2 8 8 0 -1 88 5 34 10 11 -19 -18 -10 9 -19 16 8 27 14 -7 12 -13 5 -16 28 7 2 -8 -18 0 0 1 -9 11 20 13 -4 -5 -23 -5 12
28 19 -12 21 30 -3 6 6 -1 20 -5 17 14 12 15 -1 5 131 12 6 -24 -28 -6 32 13 6 31 -2 -23 11 -21 2 -17 6 -19 -10 10 2 -6 7 5 7 -9 -12 17 -4 33 -20 -3 -37 4 17
-1 -8 -8 17 -2 5 17 -11 11 13 10 12 32 -11 -12 15 34 12 133 7 9 12 -2 -6 -1 -1 13 -4 39 4 -1 -6 -4 -10 -24 17 -5 -24 1 23 1 24 -18 5 6 -4 -14 16 20 0 34 -15
0 -7 -1 -10 11 15 -1 15 -3 5 8 11 3 -4 -3 -22 10 6 7 89 -11 5 7 1 22 11 -4 -6 -6 -4 -3 -1 16 10 -8 -8 13 -3 20 -2 -1 18 4 14 -18 -3 -2 6 -11 5 -7 11
7 -29 -6 33 -5 -28 16 -7 10 -8 -25 -4 5 -15 44 5 11 -24 9 -11 151 5 21 8 -34 -13 -9 32 27 -18 0 9 6 5 34 -2 -6 47 -28 -6 14 17 -19 14 -37 -6 -4 31 15 -9 7 -16
4 5 1 -10 4 7 7 15 10 -1 0 2 -6 -39 -11 5 -19 -28 12 5 5 61 7 -18 -13 -4 5 9 -12 6 -4 -8 -5 -4 12 -14 -14 4 3 9 29 15 -6 11 -22 9 -19 6 22 23 35 -8
1 -6 0 -10 3 -14 -12 22 -8 8 26 -10 -5 -18 -1 3 -18 -6 -2 7 21 7 88 4 16 5 -7 -10 11 1 7 4 20 -8 19 -5 2 2 13 16 2 37 -17 -9 -3 -32 -1 22 16 17 -9 11
-3 6 -38 19 2 -9 -10 -1 13 29 -3 1 -1 1 30 -8 -10 32 -6 1 8 -18 4 87 30 6 12 6 -4 4 -10 7 0 14 21 -7 3 9 1 8 -10 36 6 10 -2 17 14 -7 7 10 -11 20
-2 32 -7 -28 4 -16 15 -3 31 7 30 -8 11 -3 -27 10 9 13 -1 22 -34 -13 16 30 153 4 2 -27 -12 -4 3 4 8 -12 -8 9 11 -17 8 -24 -2 37 18 -16 29 14 25 -7 -14 -19 -12 -8
1 8 -5 -17 0 21 -6 8 8 18 13 1 -5 3 -12 5 -19 6 -1 11 -13 -4 5 6 4 72 -8 -4 -20 -8 25 1 14 11 13 15 -15 -7 16 16 3 -8 14 7 -10 -27 -1 21 -13 24 -17 4
2 -6 -52 28 38 2 5 -4 22 24 -18 5 -4 -11 16 -15 16 31 13 -4 -9 5 -7 12 2 -8 171 -2 -6 18 20 -15 -34 5 -29 0 -9 11 -24 31 24 10 23 2 -25 -3 -15 -22 5 8 17 16
-17 -1 -16 3 -7 2 -2 9 -5 -10 -5 3 6 -2 8 -5 8 -2 -4 -6 32 9 -10 6 -27 -4 -2 88 -13 12 -12 12 -1 3 21 -21 -15 11 -10 -3 24 2 -16 -8 10 6 -5 -19 14 -5 -8 10
15 -33 3 -6 3 -19 -4 -11 7 21 29 5 18 2 4 17 27 -23 39 -6 27 -12 11 -4 -12 -20 -6 -13 160 -6 -1 25 28 -8 -15 48 13 -1 0 8 -4 28 -10 5 16 -8 24 9 -16 -1 4 -12
-10 8 -18 20 5 23 3 4 -2 -3 -19 8 -16 2 -13 0 14 11 4 -4 -18 6 1 4 -4 -8 18 12 -6 82 -1 -3 -31 -14 -2 -13 7 11 9 -24 -9 4 4 9 1 -1 3 -15 13 12 10 15
2 -8 -4 -8 -15 -15 -6 -2 8 7 10 -9 12 5 -10 1 -7 -21 -1 -3 0 -4 7 -10 3 25 20 -12 -1 -1 66 -16 17 -5 13 11 -5 -4 3 2 4 -10 30 4 -21 -33 5 10 -3 21 -6 -11
-11 15 17 1 -6 -1 3 15 5 -1 22 4 -2 -8 3 -2 12 2 -6 -1 9 -8 4 7 4 1 -15 12 25 -3 -16 89 13 -4 -19 5 -9 -2 -9 2 19 -1 -6 21 -5 -2 -4 15 -18 -10 -16 -10
-3 -24 12 -8 -13 -11 -12 3 0 -12 5 22 7 2 -3 -3 -13 -17 -4 16 6 -5 20 0 8 14 -34 -1 28 -31 17 13 133 -10 11 25 9 -10 10 3 -4 21 -15 18 33 6 -3 43 -19 -9 -13 -10
28 10 -19 10 7 43 1 -27 20 -8 -6 -18 6 11 26 -17 5 6 -10 10 5 -4 -8 14 -12 11 5 3 -8 -14 -5 -4 -10 94 24 -6 -11 7 -10 -5 -3 13 16 2 -2 17 3 -10 8 -2 -14 21
10 12 -13 11 -20 15 -10 -4 24 3 -2 -20 -8 -2 1 -9 -16 -19 -24 -8 34 12 19 21 -8 13 -29 21 -15 -2 13 -19 11 24 161 8 -9 25 13 -6 17 16 4 20 -26 11 -4 11 3 22 -1 28
26 -14 6 -33 7 -18 19 -47 4 15 21 14 3 7 0 45 28 -10 17 -8 -2 -14 -5 -7 9 15 0 -21 48 -13 11 5 25 -6 8 138 2 -14 -14 4 -9 -16 10 -9 10 -1 9 45 -15 10 -12 31
-14 -1 6 0 9 -26 -11 8 -13 6 -8 6 -6 7 -11 8 7 10 -5 13 -6 -14 2 3 11 -15 -9 -15 13 7 -5 -9 9 -11 -9 2 96 -3 26 -3 -15 17 5 2 -22 0 16 -16 -15 -42 -4 0
1 -7 9 38 2 4 -3 10 20 -14 -21 19 -21 3 -4 -19 2 2 -24 -3 47 4 2 9 -17 -7 11 11 -1 11 -4 -2 -10 7 25 -14 -3 107 -14 -22 -5 12 4 17 -13 2 39 -7 9 -1 2 7
-13 0 5 -9 -2 7 -5 19 -4 23 8 -7 -6 -19 -6 2 -8 -6 1 20 -28 3 13 1 8 16 -24 -10 0 9 3 -9 10 -10 13 -14 26 -14 80 10 -2 3 13 -2 -9 -11 23 8 1 31 7 17
3 -15 6 -34 3 7 -20 -2 -12 15 3 2 1 -25 24 0 -18 7 23 -2 -6 9 16 8 -24 16 31 -3 8 -24 2 2 3 -5 -6 4 -3 -22 10 96 9 15 -1 1 -20 -14 -22 16 12 16 25 15
-17 3 9 8 21 -33 -4 53 -3 19 26 4 12 -4 -11 -15 0 5 1 -1 14 29 2 -10 -2 3 24 24 -4 -9 4 19 -4 -3 17 -9 -15 -5 -2 9 162 -11 -9 18 -20 13 -13 10 2 -1 11 22
12 8 -11 20 16 4 -22 7 10 19 7 12 -10 -20 31 1 0 7 24 18 17 15 37 36 37 -8 10 2 28 4 -10 -1 21 13 16 -16 17 12 3 15 -11 116 -6 8 -1 4 13 7 13 -19 12 -5
8 2 0 -10 -5 -10 9 -21 -5 6 0 -4 9 4 4 -2 1 -9 -18 4 -19 -6 -17 6 18 14 23 -16 -10 4 30 -6 -15 16 4 10 5 4 13 -1 -9 -6 89 -1 -8 13 16 -17 -7 22 11 7
-14 -1 10 6 0 24 -13 13 26 -5 -14 7 -20 -5 -1 -32 -9 -12 5 14 14 11 -9 10 -16 7 2 -8 5 9 4 21 18 2 20 -9 2 17 -2 1 18 8 -1 75 -26 13 -15 10 -5 -10 13 7
9 -3 -14 -7 2 5 14 -27 -5 -10 11 12 4 55 0 -10 11 17 6 -18 -37 -22 -3 -2 29 -10 -25 10 16 1 -21 -5 33 -2 -26 10 -22 -13 -9 -20 -20 -1 -8 -26 168 20 14 -9 -19 -11 -8 -5
-4 21 -20 23 1 -7 6 -27 -6 -21 -28 -1 19 4 13 -20 20 -4 -4 -3 -6 9 -32 17 14 -27 -3 6 -8 -1 -33 -2 6 17 11 -1 0 2 -11 -14 13 4 13 13 20 120 -7 -26 3 -16 24 21
3 -10 22 17 8 -12 6 5 2 5 -5 14 10 17 10 7 13 33 -14 -2 -4 -19 -1 14 25 -1 -15 -5 24 3 5 -4 -3 3 -4 9 16 39 23 -22 -13 13 16 -15 14 -7 95 -11 1 -9 -3 13
8 -11 29 5 8 -6 4 8 11 16 -3 10 4 -11 14 24 -4 -20 16 6 31 6 22 -7 -7 21 -22 -19 9 -15 10 15 43 -10 11 45 -16 -7 8 16 10 7 -17 10 -9 -26 -11 100 -10 14 -5 -16
13 -9 -10 -3 -5 12 5 -7 -8 -4 -10 3 -9 -25 12 -5 -5 -3 20 -11 15 22 16 7 -14 -13 5 14 -16 13 -3 -18 -19 8 3 -15 -15 9 1 12 2 13 -7 -5 -19 3 1 -10 72 18 17 26
-1 4 -33 -14 -13 10 11 -5 -9 16 18 5 -8 -24 -11 19 -23 -37 0 5 -9 23 17 10 -19 24 8 -5 -1 12 21 -10 -9 -2 22 10 -42 -1 31 16 -1 -19 22 -10 -11 -16 -9 14 18 116 8 34
16 -7 -10 -4 0 -15 7 -3 -3 -11 2 14 21 -29 6 6 -5 4 34 -7 7 35 -9 -11 -12 -17 17 -8 4 10 -6 -16 -13 -14 -1 -12 -4 2 7 25 11 12 11 13 -8 24 -3 -5 17 8 90 -16
-13 3 -17 -12 17 25 -10 -19 -10 5 4 -1 -32 9 9 -10 12 17 -15 11 -16 -8 11 20 -8 4 16 10 -12 15 -11 -10 -10 21 28 31 0 7 17 15 22 -5 7 7 -5 21 13 -16 26 34 -16 120

