Q_obj 
239 1 -14 -9 -67 0 37 -10 5 38 -4 5 -59 -58 16 -19 -10 13 -89 -128
1 200 72 -67 26 -50 41 5 34 -12 -16 54 -14 63 -38 5 34 -77 46 2
-14 72 204 -32 38 -16 74 -28 37 8 -108 17 15 15 -46 -73 71 -121 72 23
-9 -67 -32 150 -32 -17 9 33 -73 -50 -12 -21 30 -54 2 -5 -6 30 -56 -63
-67 26 38 -32 175 26 6 19 37 -77 -1 -8 -43 55 1 49 53 -75 127 55
0 -50 -16 -17 26 169 77 -13 -17 -17 78 24 -113 -19 98 -86 -43 -48 2 -20
37 41 74 9 6 77 183 -14 8 0 40 40 -66 -20 59 -127 -3 -61 30 -30
-10 5 -28 33 19 -13 -14 222 46 -3 9 -51 5 -25 49 68 -38 -2 -52 33
5 34 37 -73 37 -17 8 46 122 30 -35 29 0 23 36 53 18 -39 65 42
38 -12 8 -50 -77 -17 0 -3 30 176 -11 -33 -22 -44 8 -13 12 58 -17 13
-4 -16 -108 -12 -1 78 40 9 -35 -11 190 -6 -63 7 56 -29 -29 82 -34 -34
5 54 17 -21 -8 24 40 -51 29 -33 -6 207 31 -48 -33 -20 3 -54 53 -92
-59 -14 15 30 -43 -113 -66 5 0 -22 -63 31 227 -30 -123 21 19 17 -16 80
-58 63 15 -54 55 -19 -20 -25 23 -44 7 -48 -30 170 22 64 -34 -28 76 58
16 -38 -46 2 1 98 59 49 36 8 56 -33 -123 22 168 -16 -77 -8 6 -19
-19 5 -73 -5 49 -86 -127 68 53 -13 -29 -20 21 64 -16 231 -10 12 23 9
-10 34 71 -6 53 -43 -3 -38 18 12 -29 3 19 -34 -77 -10 187 1 41 1
13 -77 -121 30 -75 -48 -61 -2 -39 58 82 -54 17 -28 -8 12 1 206 -77 -40
-89 46 72 -56 127 2 30 -52 65 -17 -34 53 -16 76 6 23 41 -77 207 48
-128 2 23 -63 55 -20 -30 33 42 13 -34 -92 80 58 -19 9 1 -40 48 260

Q_cnstr 
82 3 15 13 9 10 28 -5 13 17 -32 -3 7 5 -8 17 7 39 -10 6
3 78 22 -28 32 24 33 12 -11 12 -27 6 -8 18 -14 -3 16 26 -26 -19
15 22 131 -15 18 21 -4 -3 22 -3 15 7 -1 16 16 -8 -11 40 -2 -17
13 -28 -15 68 -8 -32 -6 16 27 -10 -22 14 0 -12 11 2 -4 -17 -15 8
9 32 18 -8 89 47 14 9 10 17 2 -16 3 19 -4 -12 31 30 19 -13
10 24 21 -32 47 82 5 1 14 6 7 -8 14 10 -10 -17 14 6 10 -6
28 33 -4 -6 14 5 79 14 -9 -6 -44 -17 -5 7 -20 7 25 4 -18 8
-5 12 -3 16 9 1 14 93 31 -25 -47 3 -2 9 6 -7 34 -46 1 -33
13 -11 22 27 10 14 -9 31 61 -2 -4 -7 10 -15 8 -8 18 -13 5 -24
17 12 -3 -10 17 6 -6 -25 -2 63 -9 -3 5 -6 0 13 7 53 16 42
-32 -27 15 -22 2 7 -44 -47 -4 -9 149 -1 24 -5 -25 -7 -43 4 38 -26
-3 6 7 14 -16 -8 -17 3 -7 -3 -1 46 4 3 -10 -6 -24 13 -4 6
7 -8 -1 0 3 14 -5 -2 10 5 24 4 28 2 -6 -3 -6 5 9 3
5 18 16 -12 19 10 7 9 -15 -6 -5 3 2 34 -14 -6 10 7 1 2
-8 -14 16 11 -4 -10 -20 6 8 0 -25 -10 -6 -14 70 -2 4 -17 -11 -16
17 -3 -8 2 -12 -17 7 -7 -8 13 -7 -6 -3 -6 -2 43 -19 16 -8 16
7 16 -11 -4 31 14 25 34 18 7 -43 -24 -6 10 4 -19 67 -22 2 -9
39 26 40 -17 30 6 4 -46 -13 53 4 13 5 7 -17 16 -22 116 18 31
-10 -26 -2 -15 19 10 -18 1 5 16 38 -4 9 1 -11 -8 2 18 70 14
6 -19 -17 8 -13 -6 8 -33 -24 42 -26 6 3 2 -16 16 -9 31 14 106

