Q_obj 
156 6 -46 -7 -8 31 53 -43 11 -16
6 87 3 4 29 73 -32 27 -12 -9
-46 3 120 -33 57 -36 -23 50 24 8
-7 4 -33 94 42 58 -33 8 -46 -32
-8 29 57 42 162 83 -37 67 25 10
31 73 -36 58 83 145 -19 15 -24 -26
53 -32 -23 -33 -37 -19 87 1 0 -3
-43 27 50 8 67 15 1 100 -2 4
11 -12 24 -46 25 -24 0 -2 90 -3
-16 -9 8 -32 10 -26 -3 4 -3 89

Q_cnstr 
34 14 7 20 0 -19 24 5 -4 -24
14 22 -4 -4 -6 -14 23 8 -2 -12
7 -4 25 7 2 -4 -34 16 -8 -1
20 -4 7 43 7 11 4 4 2 -27
0 -6 2 7 42 3 3 -1 6 -7
-19 -14 -4 11 3 35 -12 -3 0 5
24 23 -34 4 3 -12 89 -20 -1 -20
5 8 16 4 -1 -3 -20 49 -17 -12
-4 -2 -8 2 6 0 -1 -17 49 0
-24 -12 -1 -27 -7 5 -20 -12 0 31

