Q_obj 
193 -21 -58 -91 42 18 -33 -77 -65 96 -83 -38 18 106 -37
-21 133 9 52 -25 13 29 -8 4 52 16 48 -51 11 48
-58 9 152 72 60 -53 118 30 51 -24 83 6 -46 -50 -18
-91 52 72 147 -12 -15 82 80 59 -4 117 64 -40 -59 9
42 -25 60 -12 129 -29 20 -6 41 30 49 14 -8 -4 -37
18 13 -53 -15 -29 113 4 -29 9 37 -8 -19 20 -54 28
-33 29 118 82 20 4 257 -9 60 7 83 9 -12 -97 -39
-77 -8 30 80 -6 -29 -9 160 55 -38 98 99 37 -1 -3
-65 4 51 59 41 9 60 55 138 3 126 17 31 -63 -6
96 52 -24 -4 30 37 7 -38 3 165 -14 0 -10 54 -23
-83 16 83 117 49 -8 83 98 126 -14 193 91 9 -49 -18
-38 48 6 64 14 -19 9 99 17 0 91 158 18 40 2
18 -51 -46 -40 -8 20 -12 37 31 -10 9 18 208 -4 -21
106 11 -50 -59 -4 -54 -97 -1 -63 54 -49 40 -4 209 -18
-37 48 -18 9 -37 28 -39 -3 -6 -23 -18 2 -21 -18 132

Q_cnstr 
107 33 10 -35 -21 -14 -30 -3 -10 -17 16 23 39 1 -36
33 55 -20 -45 -21 -17 -17 4 -26 -18 21 1 20 -10 -14
10 -20 58 21 12 30 -9 -10 12 14 0 14 -32 -3 -13
-35 -45 21 179 26 4 -10 -2 7 -32 12 -41 -44 -31 -1
-21 -21 12 26 32 -10 -2 -4 22 19 -5 -13 -18 -14 11
-14 -17 30 4 -10 93 10 6 -24 11 -14 -3 -34 3 3
-30 -17 -9 -10 -2 10 61 2 15 -4 10 16 -5 32 6
-3 4 -10 -2 -4 6 2 28 -8 -13 7 -18 10 -6 15
-10 -26 12 7 22 -24 15 -8 45 13 -6 24 -7 5 4
-17 -18 14 -32 19 11 -4 -13 13 59 -41 -10 -3 11 9
16 21 0 12 -5 -14 10 7 -6 -41 66 13 -18 -42 -23
23 1 14 -41 -13 -3 16 -18 24 -10 13 122 1 42 -36
39 20 -32 -44 -18 -34 -5 10 -7 -3 -18 1 63 42 -2
1 -10 -3 -31 -14 3 32 -6 5 11 -42 42 42 118 1
-36 -14 -13 -1 11 3 6 15 4 9 -23 -36 -2 1 60

