Q_obj 
237 13 93 7 -46 -1 18 -46 -5 -20 63 -10 -9 30 -30 73 -114 -6 34 97
13 206 22 57 -5 46 -28 89 -53 19 -16 -16 9 12 -37 -33 64 -23 -51 25
93 22 213 24 -10 76 53 2 -74 -50 68 77 41 56 -36 57 -70 -14 4 75
7 57 24 144 21 63 -62 -3 -26 24 16 46 -26 4 -10 -77 -10 -16 -24 -13
-46 -5 -10 21 223 -39 -43 -31 -43 5 -34 -19 51 -11 16 0 44 -6 -11 -56
-1 46 76 63 -39 269 -55 7 -97 39 -84 18 -7 76 17 -29 -28 -25 -17 104
18 -28 53 -62 -43 -55 221 -40 10 -134 52 -32 69 7 -43 52 -49 55 122 -2
-46 89 2 -3 -31 7 -40 194 -3 8 -14 46 8 32 -14 -19 57 30 -51 11
-5 -53 -74 -26 -43 -97 10 -3 187 -32 43 2 -28 -8 -3 -65 -21 59 -45 34
-20 19 -50 24 5 39 -134 8 -32 252 -60 -6 -94 -76 58 -16 87 -77 -31 -29
63 -16 68 16 -34 -84 52 -14 43 -60 198 122 -1 20 12 4 -26 38 8 0
-10 -16 77 46 -19 18 -32 46 2 -6 122 209 -2 51 22 -1 7 51 -20 -5
-9 9 41 -26 51 -7 69 8 -28 -94 -1 -2 180 13 -114 -23 3 52 -7 -24
30 12 56 4 -11 76 7 32 -8 -76 20 51 13 133 35 -23 -76 87 -21 58
-30 -37 -36 -10 16 17 -43 -14 -3 58 12 22 -114 35 207 -6 -4 -7 42 6
73 -33 57 -77 0 -29 52 -19 -65 -16 4 -1 -23 -23 -6 268 26 -1 40 58
-114 64 -70 -10 44 -28 -49 57 -21 87 -26 7 3 -76 -4 26 199 -55 -44 -83
-6 -23 -14 -16 -6 -25 55 30 59 -77 38 51 52 87 -7 -1 -55 227 3 24
34 -51 4 -24 -11 -17 122 -51 -45 -31 8 -20 -7 -21 42 40 -44 3 210 -48
97 25 75 -13 -56 104 -2 11 34 -29 0 -5 -24 58 6 58 -83 24 -48 208

Q_cnstr 
56 14 -19 -20 -8 -12 9 -7 -13 10 -17 4 -17 -13 16 -1 -18 19 21 8
14 97 -6 10 -1 -18 34 28 -30 28 -39 -18 30 -2 0 -26 -10 -21 -14 -12
-19 -6 70 -27 15 -2 -2 3 -3 -18 14 -25 -11 -5 -13 6 -46 21 -22 -29
-20 10 -27 94 -36 9 -20 21 10 15 -21 6 31 -5 -16 -6 52 -44 16 6
-8 -1 15 -36 85 -38 11 -12 -26 -18 10 -6 -13 -10 0 0 -37 -6 -3 -1
-12 -18 -2 9 -38 64 -21 -14 15 -5 10 2 17 12 9 -15 48 14 -17 1
9 34 -2 -20 11 -21 40 5 -8 10 -1 -2 -8 -17 11 1 1 17 6 -4
-7 28 3 21 -12 -14 5 61 -11 24 -8 19 20 -12 27 -12 -19 -8 -2 -6
-13 -30 -3 10 -26 15 -8 -11 61 3 24 0 3 7 -16 37 9 11 6 17
10 28 -18 15 -18 -5 10 24 3 120 -37 -36 13 -9 17 16 -24 -17 2 20
-17 -39 14 -21 10 10 -1 -8 24 -37 95 7 -24 -26 8 49 24 23 -3 14
4 -18 -25 6 -6 2 -2 19 0 -36 7 65 10 -12 27 -17 40 16 17 5
-17 30 -11 31 -13 17 -8 20 3 13 -24 10 78 -7 9 -6 17 -27 -3 -12
-13 -2 -5 -5 -10 12 -17 -12 7 -9 -26 -12 -7 82 -39 -31 -33 -29 -27 -10
16 0 -13 -16 0 9 11 27 -16 17 8 27 9 -39 79 0 14 43 15 16
-1 -26 6 -6 0 -15 1 -12 37 16 49 -17 -6 -31 0 102 -8 1 6 20
-18 -10 -46 52 -37 48 1 -19 9 -24 24 40 17 -33 14 -8 173 13 14 39
19 -21 21 -44 -6 14 17 -8 11 -17 23 16 -27 -29 43 1 13 103 27 7
21 -14 -22 16 -3 -17 6 -2 6 2 -3 17 -3 -27 15 6 14 27 54 6
8 -12 -29 6 -1 1 -4 -6 17 20 14 5 -12 -10 16 20 39 7 6 71

