Q_obj 
221 16 10 126 55 -15 -76 -84 -52 -20 11 -6 -29 -2 31 32 -22 -30 -37
16 364 -66 43 5 73 -41 46 27 54 -188 -22 -30 -31 20 84 -65 75 -13
10 -66 253 16 -48 100 -25 -34 -71 -6 77 -40 87 39 -33 -45 89 -37 -42
126 43 16 245 69 80 -101 -1 -116 -24 13 11 -126 56 -85 16 -4 -4 -34
55 5 -48 69 257 -69 -76 -8 69 70 -73 30 -89 -35 -119 5 -8 -14 -34
-15 73 100 80 -69 271 -57 12 -41 38 -7 7 27 14 -70 1 66 -49 71
-76 -41 -25 -101 -76 -57 250 69 2 -50 104 48 60 -38 97 -59 -33 60 23
-84 46 -34 -1 -8 12 69 235 12 -40 33 74 -38 -44 46 4 -23 -1 -26
-52 27 -71 -116 69 -41 2 12 322 94 -145 -84 9 -34 69 180 -46 71 -15
-20 54 -6 -24 70 38 -50 -40 94 328 -125 9 84 28 -110 39 -10 -46 3
11 -188 77 13 -73 -7 104 33 -145 -125 331 44 64 -31 47 -82 9 -83 -23
-6 -22 -40 11 30 7 48 74 -84 9 44 164 39 -54 -50 -83 39 -44 49
-29 -30 87 -126 -89 27 60 -38 9 84 64 39 309 53 60 -30 64 -54 49
-2 -31 39 56 -35 14 -38 -44 -34 28 -31 -54 53 286 -23 1 86 42 -53
31 20 -33 -85 -119 -70 97 46 69 -110 47 -50 60 -23 274 96 -70 55 -40
32 84 -45 16 5 1 -59 4 180 39 -82 -83 -30 1 96 271 -71 106 -44
-22 -65 89 -4 -8 66 -33 -23 -46 -10 9 39 64 86 -70 -71 144 4 -5
-30 75 -37 -4 -14 -49 60 -1 71 -46 -83 -44 -54 42 55 106 4 224 -46
-37 -13 -42 -34 -34 71 23 -26 -15 3 -23 49 49 -53 -40 -44 -5 -46 187

Q_cnstr 
29 8 3 0 5 -2 -11 0 1 -3 7 26 -4 -8 1 -4 2 3 13
8 28 26 7 -5 3 8 4 1 12 0 0 7 -16 17 0 14 4 1
3 26 65 10 1 -15 -3 0 14 4 7 3 6 -15 22 17 -6 -2 6
0 7 10 21 -6 0 6 15 0 18 5 4 2 8 25 5 8 10 3
5 -5 1 -6 43 -13 -9 -6 23 -24 -16 -30 -1 -20 -26 2 -17 -3 -6
-2 3 -15 0 -13 29 7 -3 -11 -2 -6 11 7 6 -7 1 19 7 3
-11 8 -3 6 -9 7 48 12 -9 12 -3 -31 14 2 10 4 13 10 -11
0 4 0 15 -6 -3 12 41 -14 14 2 -11 4 3 38 6 3 12 -1
1 1 14 0 23 -11 -9 -14 81 -2 -4 -15 -16 -2 -16 -6 -15 5 3
-3 12 4 18 -24 -2 12 14 -2 40 13 9 -2 11 31 -5 13 0 3
7 0 7 5 -16 -6 -3 2 -4 13 43 10 -1 12 22 5 -16 -19 4
26 0 3 4 -30 11 -31 -11 -15 9 10 102 3 18 5 1 16 5 37
-4 7 6 2 -1 7 14 4 -16 -2 -1 3 36 5 2 9 1 -2 0
-8 -16 -15 8 -20 6 2 3 -2 11 12 18 5 62 -20 4 -6 -17 3
1 17 22 25 -26 -7 10 38 -16 31 22 5 2 -20 100 -3 14 31 1
-4 0 17 5 2 1 4 6 -6 -5 5 1 9 4 -3 26 -5 -7 7
2 14 -6 8 -17 19 13 3 -15 13 -16 16 1 -6 14 -5 39 24 6
3 4 -2 10 -3 7 10 12 5 0 -19 5 -2 -17 31 -7 24 75 -3
13 1 6 3 -6 3 -11 -1 3 3 4 37 0 3 1 7 6 -3 26

