Q_obj 
251 37 23 -66 27 -99 42 40 66 -50 -11 -67 -33 6 85 119 54 139 14 45
37 219 -20 -9 19 9 -5 -86 -12 -19 -29 54 -10 -54 49 40 -1 40 -9 33
23 -20 161 1 -7 -56 2 19 30 -52 -60 15 10 56 51 16 50 -39 49 36
-66 -9 1 160 -21 84 -32 -16 -35 -46 -15 2 -39 -14 -68 24 35 -30 63 -41
27 19 -7 -21 293 8 -62 81 5 -15 13 59 -88 -56 37 124 55 49 94 -86
-99 9 -56 84 8 234 -32 -17 -98 -39 85 -15 -29 -78 -102 4 -35 -36 -23 -71
42 -5 2 -32 -62 -32 214 -10 107 -30 -73 -36 10 8 33 30 -5 -75 -6 147
40 -86 19 -16 81 -17 -10 203 -15 46 29 -39 -74 78 6 99 57 20 56 -28
66 -12 30 -35 5 -98 107 -15 246 -77 -46 9 -2 72 2 53 65 26 36 136
-50 -19 -52 -46 -15 -39 -30 46 -77 215 19 -45 17 40 -18 -91 -16 -38 -1 13
-11 -29 -60 -15 13 85 -73 29 -46 19 139 -26 -32 -9 -86 -37 -41 50 -58 -74
-67 54 15 2 59 -15 -36 -39 9 -45 -26 254 -39 -51 84 -27 -29 -48 -9 -4
-33 -10 10 -39 -88 -29 10 -74 -2 17 -32 -39 187 62 13 -109 -47 8 -33 -11
6 -54 56 -14 -56 -78 8 78 72 40 -9 -51 62 182 2 -41 53 19 37 39
85 49 51 -68 37 -102 33 6 2 -18 -86 84 13 2 191 26 26 -5 -4 23
119 40 16 24 124 4 30 99 53 -91 -37 -27 -109 -41 26 261 77 51 94 15
54 -1 50 35 55 -35 -5 57 65 -16 -41 -29 -47 53 26 77 261 26 -8 41
139 40 -39 -30 49 -36 -75 20 26 -38 50 -48 8 19 -5 51 26 204 -10 -60
14 -9 49 63 94 -23 -6 56 36 -1 -58 -9 -33 37 -4 94 -8 -10 206 9
45 33 36 -41 -86 -71 147 -28 136 13 -74 -4 -11 39 23 15 41 -60 9 234

Q_cnstr 
84 -15 -21 -13 -26 -32 2 -19 -18 12 -13 -1 34 -40 3 -4 16 -31 13 -16
-15 105 20 -18 -2 -15 21 19 26 7 -16 -29 -9 -38 -14 -11 6 7 -7 -51
-21 20 90 9 45 -4 -32 -17 39 -18 -57 2 -34 17 9 31 -18 19 -46 -20
-13 -18 9 70 27 24 29 -19 8 -2 -21 -2 -12 84 11 -9 -12 -4 -8 4
-26 -2 45 27 178 9 -11 32 -7 -11 -5 45 -26 -12 74 -3 -11 33 -6 -3
-32 -15 -4 24 9 41 -2 15 1 -3 -3 3 3 43 10 -15 -8 22 -13 24
2 21 -32 29 -11 -2 121 -23 1 11 3 -33 8 35 1 -19 -18 2 54 -16
-19 19 -17 -19 32 15 -23 86 -36 -6 33 15 0 -37 31 -24 21 49 -10 14
-18 26 39 8 -7 1 1 -36 84 -9 -37 1 2 26 -22 19 -3 -12 -20 -24
12 7 -18 -2 -11 -3 11 -6 -9 20 9 -14 11 -28 -10 -7 -2 -15 13 -4
-13 -16 -57 -21 -5 -3 3 33 -37 9 124 -2 11 -18 -23 -11 6 -17 29 14
-1 -29 2 -2 45 3 -33 15 1 -14 -2 67 -16 -25 49 4 14 16 -1 -14
34 -9 -34 -12 -26 3 8 0 2 11 11 -16 95 -11 4 -9 40 5 17 27
-40 -38 17 84 -12 43 35 -37 26 -28 -18 -25 -11 276 -36 -25 -62 4 -8 44
3 -14 9 11 74 10 1 31 -22 -10 -23 49 4 -36 98 -28 34 52 0 10
-4 -11 31 -9 -3 -15 -19 -24 19 -7 -11 4 -9 -25 -28 83 -5 2 6 -32
16 6 -18 -12 -11 -8 -18 21 -3 -2 6 14 40 -62 34 -5 73 14 0 15
-31 7 19 -4 33 22 2 49 -12 -15 -17 16 5 4 52 2 14 101 25 8
13 -7 -46 -8 -6 -13 54 -10 -20 13 29 -1 17 -8 0 6 0 25 105 -11
-16 -51 -20 4 -3 24 -16 14 -24 -4 14 -14 27 44 10 -32 15 8 -11 108

