Q_obj 
498 -137 -99 -3 -43 14 -60 -30 -6 -12 -63 7 -131 90 -129 -74 13 15 -45 -70 -36 -78 207 -16 6 5 -104 40 79 255 -70 58 -15 18 67 12 151 -38 20 31 76 -101 6 49 -21
-137 425 105 73 118 -20 62 -32 -93 -65 -26 36 -9 -75 -9 -81 54 -39 -82 99 -47 -47 -19 65 35 -23 37 -50 8 -140 -15 -119 33 -40 29 38 -115 -89 93 -54 -72 0 -56 15 11
-99 105 440 -64 100 -15 68 -42 0 35 7 64 -80 31 -28 -51 44 33 -53 91 -36 -38 -47 -1 -17 31 70 -7 -41 -61 106 -31 14 -32 -17 23 -40 -77 34 -29 -41 22 10 -39 -29
-3 73 -64 489 -128 43 -10 105 -35 7 -64 -118 61 70 182 -39 99 20 53 4 23 -18 44 85 -37 -51 -75 -127 64 -72 -63 48 1 -125 87 26 -76 -6 56 31 70 5 136 12 16
-43 118 100 -128 469 -60 -105 -20 -12 -76 -36 93 -71 12 -136 -45 -16 29 -63 19 -80 -55 102 105 -16 71 -112 -9 -71 24 0 -95 50 -130 -80 -101 10 57 67 -8 -51 -73 -75 -92 92
14 -20 -15 43 -60 365 53 -35 85 54 14 111 60 64 1 21 -52 108 -6 25 7 16 -41 -101 -7 -6 -17 29 -61 -2 -54 36 49 97 -48 16 -76 37 -14 6 47 -5 -33 -99 16
-60 62 68 -10 -105 53 431 -30 8 100 22 -41 57 -79 16 -37 48 -26 -113 107 51 -53 -3 -16 187 -97 45 16 -7 -103 32 50 99 69 -66 91 -54 70 59 -37 72 32 -69 68 -150
-30 -32 -42 105 -20 -35 -30 458 15 -26 -206 62 23 8 33 -3 -17 71 27 -92 -31 -45 -15 69 -139 48 140 -42 -34 114 -64 -90 56 74 1 -54 -52 60 47 -32 62 51 175 123 78
-6 -93 0 -35 -12 85 8 15 395 53 64 49 -25 -83 -47 55 61 139 -1 84 -12 90 -5 -10 -78 18 -19 95 -21 72 110 120 -80 55 -42 -9 38 -28 -26 -30 -23 61 -120 -6 -16
-12 -65 35 7 -76 54 100 -26 53 397 75 67 64 -31 48 67 -77 88 -17 -31 57 -46 33 -49 18 -74 66 19 69 54 23 40 -52 44 -8 27 95 -5 -74 -63 -39 20 25 -106 22
-63 -26 7 -64 -36 14 22 -206 64 75 494 -25 14 -39 19 16 -45 -23 -10 -45 170 58 52 -107 -37 37 -28 17 5 -1 21 55 8 48 -12 5 51 -146 -31 -50 -64 -32 -104 -131 -8
7 36 64 -118 93 111 -41 62 49 67 -25 462 16 -32 -33 3 -36 72 29 146 -5 -86 46 -35 -108 11 51 84 -74 84 61 14 118 98 39 -37 -4 -64 20 -7 24 -60 -63 -104 -38
-131 -9 -80 61 -71 60 57 23 -25 64 14 16 535 -68 106 -5 43 98 78 86 50 124 -126 20 -100 111 63 -65 20 -73 -18 65 -6 92 -162 29 -58 2 20 -94 103 -30 -6 -87 -25
90 -75 31 70 12 64 -79 8 -83 -31 -39 -32 -68 492 11 -112 -68 -78 -12 -89 149 17 -82 -62 -30 -40 -26 -40 -208 75 -76 15 13 21 43 16 7 140 97 -9 -48 -108 82 -29 188
-129 -9 -28 182 -136 1 16 33 -47 48 19 -33 106 11 402 99 86 12 -26 26 119 -28 5 -14 -3 -51 128 -36 -32 -81 17 -16 0 -53 26 1 -43 2 1 50 55 -33 41 -4 32
-74 -81 -51 -39 -45 21 -37 -3 55 67 16 3 -5 -112 99 420 -67 35 -55 10 -59 11 81 51 -82 -98 -17 -20 -8 49 -2 30 -42 22 -96 -82 16 -41 -60 139 4 96 19 -55 -85
13 54 44 99 -16 -52 48 -17 61 -77 -45 -36 43 -68 86 -67 413 -26 -69 149 15 -3 70 -18 3 -61 -42 56 -26 11 89 132 63 -119 14 62 -31 -115 81 67 19 27 -20 38 -20
15 -39 33 20 29 108 -26 71 139 88 -23 72 98 -78 12 35 -26 410 27 52 -78 112 41 113 -69 105 -91 49 109 13 -90 -56 -91 20 -22 2 -20 -11 -22 -20 59 85 -11 -92 -34
-45 -82 -53 53 -63 -6 -113 27 -1 -17 -10 29 78 -12 -26 -55 -69 27 447 -36 -58 94 -124 -14 -106 84 -8 -99 122 24 43 37 -5 -49 72 -23 -19 32 -94 -45 59 -73 33 23 -10
-70 99 91 4 19 25 107 -92 84 -31 -45 146 86 -89 26 10 149 52 -36 411 -34 -3 -13 -15 67 -44 -57 63 -47 -78 38 164 52 -23 1 64 -22 -98 60 -70 53 113 -142 -21 -162
-36 -47 -36 23 -80 7 51 -31 -12 57 170 -5 50 149 119 -59 15 -78 -58 -34 363 -43 -57 -135 -14 -55 15 65 -114 -24 -1 16 60 71 -45 31 67 -19 -30 -93 -23 -90 -12 -74 96
-78 -47 -38 -18 -55 16 -53 -45 90 -46 58 -86 124 17 -28 11 -3 112 94 -3 -43 328 -150 34 -39 56 -3 -48 19 -28 -49 91 -108 8 51 17 -21 74 -53 17 -14 2 -25 -29 26
207 -19 -47 44 102 -41 -3 -15 -5 33 52 46 -126 -82 5 81 70 41 -124 -13 -57 -150 431 -5 -1 -56 -146 33 48 158 54 -17 57 -73 0 -78 62 -87 55 70 -1 29 60 -14 -4
-16 65 -1 85 105 -101 -16 69 -10 -49 -107 -35 20 -62 -14 51 -18 113 -14 -15 -135 34 -5 451 18 61 -82 -20 75 -75 -158 -104 -76 -40 19 -22 47 35 28 121 108 47 -52 -3 -119
6 35 -17 -37 -16 -7 187 -139 -78 18 -37 -108 -100 -30 -3 -82 3 -69 -106 67 -14 -39 -1 18 491 -50 -9 0 55 -242 -46 -51 49 6 27 82 136 136 -60 -135 -45 55 -83 23 -78
5 -23 31 -51 71 -6 -97 48 18 -74 37 11 111 -40 -51 -98 -61 105 84 -44 -55 56 -56 61 -50 452 -61 -150 175 62 -92 -90 -70 -36 -29 -44 25 11 -90 -80 -58 7 24 -29 -22
-104 37 70 -75 -112 -17 45 140 -19 66 -28 51 63 -26 128 -17 -42 -91 -8 -57 15 -3 -146 -82 -9 -61 516 -16 -100 73 63 -50 -27 64 14 22 -9 72 -40 -114 13 27 64 104 83
40 -50 -7 -127 -9 29 16 -42 95 19 17 84 -65 -40 -36 -20 56 49 -99 63 65 -48 33 -20 0 -150 -16 422 -104 -9 24 66 2 117 -40 -17 -19 -93 85 44 15 73 -129 2 23
79 8 -41 64 -71 -61 -7 -34 -21 69 5 -74 20 -208 -32 -8 -26 109 122 -47 -114 19 48 75 55 175 -100 -104 529 -44 -127 23 -64 -111 109 -113 20 -63 -116 4 90 20 -16 67 -55
255 -140 -61 -72 24 -2 -103 114 72 54 -1 84 -73 75 -81 49 11 13 24 -78 -24 -28 158 -75 -242 62 73 -9 -44 518 -54 113 16 -80 9 -49 64 -96 59 80 -46 -17 94 46 80
-70 -15 106 -63 0 -54 32 -64 110 23 21 61 -18 -76 17 -2 89 -90 43 38 -1 -49 54 -158 -46 -92 63 24 -127 -54 504 -79 -11 75 72 65 -31 -14 -81 -15 13 -30 -68 2 -66
58 -119 -31 48 -95 36 50 -90 120 40 55 14 65 15 -16 30 132 -56 37 164 16 91 -17 -104 -51 -90 -50 66 23 113 -79 477 4 -121 -39 10 -43 -62 99 19 64 -1 -69 68 -8
-15 33 14 1 50 49 99 56 -80 -52 8 118 -6 13 0 -42 63 -91 -5 52 60 -108 57 -76 49 -70 -27 2 -64 16 -11 4 466 -35 -32 -24 -20 -46 84 22 -47 -105 -16 -11 4
18 -40 -32 -125 -130 97 69 74 55 44 48 98 92 21 -53 22 -119 20 -49 -23 71 8 -73 -40 6 -36 64 117 -111 -80 75 -121 -35 446 -17 56 42 2 31 -92 49 1 -35 -47 -57
67 29 -17 87 -80 -48 -66 1 -42 -8 -12 39 -162 43 26 -96 14 -22 72 1 -45 51 0 19 27 -29 14 -40 109 9 72 -39 -32 -17 452 44 -6 -19 -99 64 41 -99 -10 50 -51
12 38 23 26 -101 16 91 -54 -9 27 5 -37 29 16 1 -82 62 2 -23 64 31 17 -78 -22 82 -44 22 -17 -113 -49 65 10 -24 56 44 298 38 -5 7 -102 -9 -13 -10 -18 -107
151 -115 -40 -76 10 -76 -54 -52 38 95 51 -4 -58 7 -43 16 -31 -20 -19 -22 67 -21 62 47 136 25 -9 -19 20 64 -31 -43 -20 42 -6 38 410 20 -105 -89 -55 21 -6 -153 7
-38 -89 -77 -6 57 37 70 60 -28 -5 -146 -64 2 140 2 -41 -115 -11 32 -98 -19 74 -87 35 136 11 72 -93 -63 -96 -14 -62 -46 2 -19 -5 20 464 -131 -85 34 29 92 20 60
20 93 34 56 67 -14 59 47 -26 -74 -31 20 20 97 1 -60 81 -22 -94 60 -30 -53 55 28 -60 -90 -40 85 -116 59 -81 99 84 31 -99 7 -105 -131 500 77 3 -41 24 -9 33
31 -54 -29 31 -8 6 -37 -32 -30 -63 -50 -7 -94 -9 50 139 67 -20 -45 -70 -93 17 70 121 -135 -80 -114 44 4 80 -15 19 22 -92 64 -102 -89 -85 77 435 63 -64 -21 7 -39
76 -72 -41 70 -51 47 72 62 -23 -39 -64 24 103 -48 55 4 19 59 59 53 -23 -14 -1 108 -45 -58 13 15 90 -46 13 64 -47 49 41 -9 -55 34 3 63 440 -6 -114 86 -102
-101 0 22 5 -73 -5 32 51 61 20 -32 -60 -30 -108 -33 96 27 85 -73 113 -90 2 29 47 55 7 27 73 20 -17 -30 -1 -105 1 -99 -13 21 29 -41 -64 -6 515 47 0 -49
6 -56 10 136 -75 -33 -69 175 -120 25 -104 -63 -6 82 41 19 -20 -11 33 -142 -12 -25 60 -52 -83 24 64 -129 -16 94 -68 -69 -16 -35 -10 -10 -6 92 24 -21 -114 47 451 -10 58
49 15 -39 12 -92 -99 68 123 -6 -106 -131 -104 -87 -29 -4 -55 38 -92 23 -21 -74 -29 -14 -3 23 -29 104 2 67 46 2 68 -11 -47 50 -18 -153 20 -9 7 86 0 -10 368 -12
-21 11 -29 16 92 16 -150 78 -16 22 -8 -38 -25 188 32 -85 -20 -34 -10 -162 96 26 -4 -119 -78 -22 83 23 -55 80 -66 -8 4 -57 -51 -107 7 60 33 -39 -102 -49 58 -12 380

Q_cnstr 
123 -7 1 7 12 -10 4 -9 -1 -9 -5 47 30 11 -4 1 -5 -10 -5 31 18 29 5 1 11 -7 -35 42 -10 1 -7 -11 2 -26 2 -16 -9 -6 6 -6 -12 -18 4 7 -2
-7 107 10 21 17 12 -1 12 30 -9 -5 -17 -14 -36 -18 28 22 -21 -42 -29 -4 -11 15 -13 -8 -32 -21 11 -7 1 -19 3 7 0 -1 -14 -6 -5 -26 -1 8 -38 7 9 -9
1 10 103 -20 27 -8 17 2 -9 -15 27 -4 -2 -11 11 -13 11 8 13 22 -25 -22 15 6 -13 -19 -19 -13 -4 1 -23 6 -21 -7 22 3 -12 6 1 10 14 16 -2 0 5
7 21 -20 128 -4 16 0 29 17 5 -9 -13 11 -32 15 -3 -11 -18 -34 8 -2 10 -30 -4 -2 19 10 23 10 -13 5 -25 31 5 -26 2 -11 9 -2 -23 3 11 11 12 -34
12 17 27 -4 158 12 9 -21 -44 -52 -31 19 36 -26 1 -9 13 -18 -17 9 -6 -17 15 -4 8 11 -15 22 -1 -20 -4 16 -15 -17 -38 1 14 -13 12 22 2 23 5 -37 -2
-10 12 -8 16 12 143 1 22 22 -15 -2 25 13 8 -2 -9 9 2 -7 16 18 16 3 6 4 -21 42 -2 69 12 1 70 10 -6 2 3 15 -3 25 -9 16 2 -17 4 -20
4 -1 17 0 9 1 95 -12 32 -31 6 6 -23 -11 23 19 19 26 11 23 -5 0 -16 17 6 -13 0 6 -23 -15 0 0 4 16 -33 7 12 7 39 -18 0 14 -8 2 19
-9 12 2 29 -21 22 -12 153 27 5 3 4 -14 -14 21 23 13 0 -5 -17 0 -2 -41 -1 9 -29 16 -29 30 -13 5 -14 -10 17 -6 -12 -11 1 -8 -11 3 2 -29 -8 9
-1 30 -9 17 -44 22 32 27 134 -13 3 -33 -33 -13 3 32 26 -12 18 -12 2 14 -9 17 -25 6 14 -4 -4 -9 -12 33 10 17 8 -20 -30 -12 21 -39 18 -20 3 18 -4
-9 -9 -15 5 -52 -15 -31 5 -13 87 8 -23 4 -10 -26 1 -8 15 0 4 6 14 -6 27 13 -9 -3 -6 -6 25 11 -6 3 18 12 -1 -10 -12 -21 -13 2 -23 -14 11 -22
-5 -5 27 -9 -31 -2 6 3 3 8 87 16 -12 -5 13 -4 10 29 9 11 1 0 14 -7 -1 -15 9 -2 10 7 26 -8 14 10 42 1 17 2 12 -10 -16 12 3 18 14
47 -17 -4 -13 19 25 6 4 -33 -23 16 172 38 33 28 -4 16 35 -5 0 17 19 -19 -2 20 -2 -8 26 36 11 8 10 6 -36 29 -21 31 -1 -13 3 -6 19 0 35 14
30 -14 -2 11 36 13 -23 -14 -33 4 -12 38 126 24 -31 -16 -13 -14 -2 22 22 3 3 30 17 -14 -6 -3 -2 8 28 24 23 -23 13 -14 -39 -8 -6 1 3 1 9 -18 -19
11 -36 -11 -32 -26 8 -11 -14 -13 -10 -5 33 24 133 4 -5 -1 18 27 -1 20 -9 4 24 5 -18 -27 -35 9 5 -13 26 -11 4 17 -6 11 0 17 15 -8 20 -1 28 4
-4 -18 11 15 1 -2 23 21 3 -26 13 28 -31 4 142 28 0 37 23 15 -37 -14 -25 12 17 9 -4 11 16 -28 -6 -10 19 13 -4 -8 50 15 9 13 -17 30 -11 19 34
1 28 -13 -3 -9 -9 19 23 32 1 -4 -4 -16 -5 28 134 1 11 -7 26 7 -2 -26 23 13 -2 -27 36 -26 1 -8 17 6 46 -27 -36 23 -2 43 -6 14 0 -15 5 8
-5 22 11 -11 13 9 19 13 26 -8 10 16 -13 -1 0 1 107 12 3 -19 14 10 15 -3 -1 8 19 -12 22 -7 28 24 12 39 -12 8 30 -26 22 16 16 9 -1 5 18
-10 -21 8 -18 -18 2 26 0 -12 15 29 35 -14 18 37 11 12 97 32 23 5 -3 -18 4 24 -25 1 -1 -4 -2 54 13 2 6 2 -3 22 -33 15 5 -15 18 -2 24 9
-5 -42 13 -34 -17 -7 11 -5 18 0 9 -5 -2 27 23 -7 3 32 107 19 -3 -12 14 19 1 7 14 -18 -32 -2 14 43 -22 28 36 -6 8 -29 21 -6 -16 25 4 -12 4
31 -29 22 8 9 16 23 -17 -12 4 11 0 22 -1 15 26 -19 23 19 108 5 12 7 24 10 3 1 25 -12 9 49 23 26 9 3 10 22 -5 23 -9 15 11 13 -8 -15
18 -4 -25 -2 -6 18 -5 0 2 6 1 17 22 20 -37 7 14 5 -3 5 62 13 -1 -18 21 -3 14 -1 18 4 26 17 -1 6 -3 -7 -9 -2 22 1 21 13 -5 -14 -10
29 -11 -22 10 -17 16 0 -2 14 14 0 19 3 -9 -14 -2 10 -3 -12 12 13 99 0 -9 -5 -4 27 34 -1 15 21 11 10 -13 -16 16 17 -2 2 -43 9 -1 -8 36 -2
5 15 15 -30 15 3 -16 -41 -9 -6 14 -19 3 4 -25 -26 15 -18 14 7 -1 0 90 9 -6 9 40 12 0 13 -5 14 -15 12 46 27 18 -9 4 14 -33 -14 21 6 -10
1 -13 6 -4 -4 6 17 -1 17 27 -7 -2 30 24 12 23 -3 4 19 24 -18 -9 9 162 2 0 -10 2 -4 16 -5 14 3 30 32 -10 -8 27 25 -26 -7 -19 1 30 -12
11 -8 -13 -2 8 4 6 9 -25 13 -1 20 17 5 17 13 -1 24 1 10 21 -5 -6 2 50 -5 5 -5 11 -5 14 -2 3 22 -13 -8 15 2 10 4 -4 9 -18 -3 -8
-7 -32 -19 19 11 -21 -13 -29 6 -9 -15 -2 -14 -18 9 -2 8 -25 7 3 -3 -4 9 0 -5 193 48 17 32 -2 33 21 22 14 -13 -1 11 -5 32 20 -11 35 45 10 -40
-35 -21 -19 10 -15 42 0 16 14 -3 9 -8 -6 -27 -4 -27 19 1 14 1 14 27 40 -10 5 48 206 -10 45 15 15 18 6 35 8 59 37 21 12 11 -26 8 27 31 -16
42 11 -13 23 22 -2 6 -29 -4 -6 -2 26 -3 -35 11 36 -12 -1 -18 25 -1 34 12 2 -5 17 -10 123 -2 -2 17 -16 -1 -11 -3 -6 16 -11 21 -1 2 -1 0 12 8
-10 -7 -4 10 -1 69 -23 30 -4 -6 10 36 -2 9 16 -26 22 -4 -32 -12 18 -1 0 -4 11 32 45 -2 149 7 8 29 9 -9 -5 11 19 32 24 14 9 -1 -22 40 -13
1 1 1 -13 -20 12 -15 -13 -9 25 7 11 8 5 -28 1 -7 -2 -2 9 4 15 13 16 -5 -2 15 -2 7 38 2 2 -5 -5 19 -4 8 3 -2 -4 -6 -17 4 25 -9
-7 -19 -23 5 -4 1 0 5 -12 11 26 8 28 -13 -6 -8 28 54 14 49 26 21 -5 -5 14 33 15 17 8 2 199 4 45 -7 10 -19 4 -53 28 19 9 9 33 -14 -25
-11 3 6 -25 16 70 0 -14 33 -6 -8 10 24 26 -10 17 24 13 43 23 17 11 14 14 -2 21 18 -16 29 2 4 158 2 10 -18 10 9 -5 23 -5 -5 18 20 -13 -24
2 7 -21 31 -15 10 4 -10 10 3 14 6 23 -11 19 6 12 2 -22 26 -1 10 -15 3 3 22 6 -1 9 -5 45 2 92 11 -15 2 6 4 -4 -11 5 3 17 5 -20
-26 0 -7 5 -17 -6 16 17 17 18 10 -36 -23 4 13 46 39 6 28 9 6 -13 12 30 22 14 35 -11 -9 -5 -7 10 11 114 -32 1 40 4 44 5 -3 11 -4 8 -12
2 -1 22 -26 -38 2 -33 -6 8 12 42 29 13 17 -4 -27 -12 2 36 3 -3 -16 46 32 -13 -13 8 -3 -5 19 10 -18 -15 -32 176 -5 -26 -26 -25 -16 2 -4 2 0 -5
-16 -14 3 2 1 3 7 -12 -20 -1 1 -21 -14 -6 -8 -36 8 -3 -6 10 -7 16 27 -10 -8 -1 59 -6 11 -4 -19 10 2 1 -5 109 27 26 -29 -9 -10 -2 4 -11 13
-9 -6 -12 -11 14 15 12 -11 -30 -10 17 31 -39 11 50 23 30 22 8 22 -9 17 18 -8 15 11 37 16 19 8 4 9 6 40 -26 27 114 9 13 16 -24 10 6 30 15
-6 -5 6 9 -13 -3 7 1 -12 -12 2 -1 -8 0 15 -2 -26 -33 -29 -5 -2 -2 -9 27 2 -5 21 -11 32 3 -53 -5 4 4 -26 26 9 111 -7 -19 6 1 1 10 13
6 -26 1 -2 12 25 39 -8 21 -21 12 -13 -6 17 9 43 22 15 21 23 22 2 4 25 10 32 12 21 24 -2 28 23 -4 44 -25 -29 13 -7 110 0 -8 40 -4 14 -7
-6 -1 10 -23 22 -9 -18 -11 -39 -13 -10 3 1 15 13 -6 16 5 -6 -9 1 -43 14 -26 4 20 11 -1 14 -4 19 -5 -11 5 -16 -9 16 -19 0 98 -12 0 12 -15 17
-12 8 14 3 2 16 0 3 18 2 -16 -6 3 -8 -17 14 16 -15 -16 15 21 9 -33 -7 -4 -11 -26 2 9 -6 9 -5 5 -3 2 -10 -24 6 -8 -12 124 -7 -13 -18 19
-18 -38 16 11 23 2 14 2 -20 -23 12 19 1 20 30 0 9 18 25 11 13 -1 -14 -19 9 35 8 -1 -1 -17 9 18 3 11 -4 -2 10 1 40 0 -7 101 4 -27 2
4 7 -2 11 5 -17 -8 -29 3 -14 3 0 9 -1 -11 -15 -1 -2 4 13 -5 -8 21 1 -18 45 27 0 -22 4 33 20 17 -4 2 4 6 1 -4 12 -13 4 87 -1 -10
7 9 0 12 -37 4 2 -8 18 11 18 35 -18 28 19 5 5 24 -12 -8 -14 36 6 30 -3 10 31 12 40 25 -14 -13 5 8 0 -11 30 10 14 -15 -18 -27 -1 127 -6
-2 -9 5 -34 -2 -20 19 9 -4 -22 14 14 -19 4 34 8 18 9 4 -15 -10 -2 -10 -12 -8 -40 -16 8 -13 -9 -25 -24 -20 -12 -5 13 15 13 -7 17 19 2 -10 -6 99

