Q_obj 
195 41 40 -2 30 -78 25 15 2 6 61 42 41 46 -23
41 149 -11 5 15 -53 11 46 10 -7 -66 -8 53 -17 6
40 -11 136 13 -29 29 27 -20 51 -43 21 -19 -16 -47 6
-2 5 13 201 -65 -11 9 -36 -38 -57 16 -38 23 35 13
30 15 -29 -65 145 -44 49 16 8 8 44 58 26 -31 4
-78 -53 29 -11 -44 138 -13 -49 16 16 2 34 -37 -29 19
25 11 27 9 49 -13 126 53 30 -8 -14 -3 72 -17 20
15 46 -20 -36 16 -49 53 169 19 90 -75 -13 11 -19 -35
2 10 51 -38 8 16 30 19 200 -24 -14 5 39 -14 -24
6 -7 -43 -57 8 16 -8 90 -24 184 -14 17 -70 7 -48
61 -66 21 16 44 2 -14 -75 -14 -14 150 76 -16 29 39
42 -8 -19 -38 58 34 -3 -13 5 17 76 139 7 -31 37
41 53 -16 23 26 -37 72 11 39 -70 -16 7 166 67 25
46 -17 -47 35 -31 -29 -17 -19 -14 7 29 -31 67 159 -23
-23 6 6 13 4 19 20 -35 -24 -48 39 37 25 -23 128

Q_cnstr 
160 -34 16 30 2 9 24 48 -11 11 14 -1 -21 -42 -1
-34 76 -4 0 -5 25 -8 -10 -4 -6 -3 7 -5 37 6
16 -4 128 7 7 -16 1 -1 14 4 12 22 -12 -9 -2
30 0 7 69 -18 19 -5 2 -27 -12 -28 -18 6 -38 15
2 -5 7 -18 33 20 -19 -2 13 9 -3 2 6 -12 -5
9 25 -16 19 20 94 -31 2 -7 5 -14 -26 15 -22 34
24 -8 1 -5 -19 -31 81 8 -13 6 -8 2 -16 17 -32
48 -10 -1 2 -2 2 8 29 -1 13 6 2 -6 -5 -2
-11 -4 14 -27 13 -7 -13 -1 35 15 16 7 -12 16 -11
11 -6 4 -12 9 5 6 13 15 27 7 9 -3 5 -20
14 -3 12 -28 -3 -14 -8 6 16 7 61 17 -4 12 -13
-1 7 22 -18 2 -26 2 2 7 9 17 45 1 6 -29
-21 -5 -12 6 6 15 -16 -6 -12 -3 -4 1 44 -23 0
-42 37 -9 -38 -12 -22 17 -5 16 5 12 6 -23 65 1
-1 6 -2 15 -5 34 -32 -2 -11 -20 -13 -29 0 1 80

