Q_obj 
1015 -179 198 -23 248 411 -237 23 -52 182 -96 -71 -257 121 143 -142 53 50 50 -218 48 44 335 467 260 -82
-179 1097 -4 -264 -56 -199 183 -165 -26 -171 -234 371 172 -213 302 395 457 -108 -147 -6 131 -127 -101 71 50 38
198 -4 946 173 173 513 80 62 -64 26 -279 178 -215 357 -226 -9 81 -2 152 105 -509 -18 -175 0 14 -96
-23 -264 173 1188 -202 -140 65 196 -174 78 -299 -180 -147 -151 -21 226 -341 90 -155 -363 -385 -6 -491 155 -81 -186
248 -56 173 -202 1178 305 -283 -22 -500 -336 452 -59 127 164 -3 -476 123 -107 97 240 206 -288 -65 -57 337 -181
411 -199 513 -140 305 1029 96 -191 183 129 217 -27 -338 372 -180 -403 72 -147 281 229 -438 -157 191 306 183 208
-237 183 80 65 -283 96 1552 -323 79 -312 -54 73 34 43 7 -1 -78 188 346 -133 -76 106 270 86 -236 -425
23 -165 62 196 -22 -191 -323 1091 198 128 -648 -94 -197 -44 125 -95 202 -185 -309 69 -14 -500 -206 182 -328 -177
-52 -26 -64 -174 -500 183 79 198 1263 304 -158 -110 -59 81 -60 40 115 -390 -155 -41 -270 -6 220 -30 -64 174
182 -171 26 78 -336 129 -312 128 304 1158 45 120 162 -161 -163 240 -240 -185 -328 -91 -236 240 -184 194 -95 656
-96 -234 -279 -299 452 217 -54 -648 -158 45 1342 -243 161 -158 19 -474 -311 -227 129 -28 387 -12 17 -28 368 309
-71 371 178 -180 -59 -27 73 -94 -110 120 -243 909 214 124 172 313 118 131 -108 91 -126 333 -239 -302 -220 317
-257 172 -215 -147 127 -338 34 -197 -59 162 161 214 899 -11 -79 59 -26 -90 -41 6 287 151 -290 -259 242 253
121 -213 357 -151 164 372 43 -44 81 -161 -158 124 -11 1209 -264 -307 297 -8 -243 230 -265 142 -28 38 151 10
143 302 -226 -21 -3 -180 7 125 -60 -163 19 172 -79 -264 994 11 -218 -89 58 -380 330 -565 -22 155 -216 47
-142 395 -9 226 -476 -403 -1 -95 40 240 -474 313 59 -307 11 1048 -182 34 -396 37 -166 225 -344 -110 -166 252
53 457 81 -341 123 72 -78 202 115 -240 -311 118 -26 297 -218 -182 1120 -153 -184 167 258 93 127 247 175 -353
50 -108 -2 90 -107 -147 188 -185 -390 -185 -227 131 -90 -8 -89 34 -153 916 416 -68 -206 422 371 -11 -490 -158
50 -147 152 -155 97 281 346 -309 -155 -328 129 -108 -41 -243 58 -396 -184 416 1294 -48 -39 -5 551 -169 -8 -331
-218 -6 105 -363 240 229 -133 69 -41 -91 -28 91 6 230 -380 37 167 -68 -48 1025 -249 20 -107 -258 -74 155
48 131 -509 -385 206 -438 -76 -14 -270 -236 387 -126 287 -265 330 -166 258 -206 -39 -249 1106 -134 134 206 350 -46
44 -127 -18 -6 -288 -157 106 -500 -6 240 -12 333 151 142 -565 225 93 422 -5 20 -134 1359 221 -455 -46 60
335 -101 -175 -491 -65 191 270 -206 220 -184 17 -239 -290 -28 -22 -344 127 371 551 -107 134 221 1311 101 -46 -253
467 71 0 155 -57 306 86 182 -30 194 -28 -302 -259 38 155 -110 247 -11 -169 -258 206 -455 101 1104 13 108
260 50 14 -81 337 183 -236 -328 -64 -95 368 -220 242 151 -216 -166 175 -490 -8 -74 350 -46 -46 13 1112 2
-82 38 -96 -186 -181 208 -425 -177 174 656 309 317 253 10 47 252 -353 -158 -331 155 -46 60 -253 108 2 1256

Q_cnstr 
57 -25 -5 -10 -11 -1 4 12 -23 23 -5 6 1 13 -7 13 -19 10 -31 20 -20 0 19 -6 13 9
-25 94 19 12 12 3 4 7 -2 -58 18 -5 -3 4 8 -43 -3 -1 -3 -7 21 51 11 -1 -13 -27
-5 19 105 -9 6 2 2 -9 3 -6 -39 -7 -1 -12 42 -61 -15 -27 24 -16 6 48 -8 16 -6 -26
-10 12 -9 96 13 16 3 11 51 -20 -13 18 -9 4 -29 -15 23 9 -18 19 18 10 -1 14 -17 18
-11 12 6 13 86 19 13 -19 -11 -8 -14 -3 5 -24 21 -17 20 -1 25 25 14 18 -22 -6 8 9
-1 3 2 16 19 88 -3 -18 -4 16 -7 1 14 -4 -5 -13 15 -23 34 10 21 -15 30 11 -3 23
4 4 2 3 13 -3 51 -11 10 -9 -12 3 -10 6 -27 2 -2 17 32 35 2 25 -7 3 1 -8
12 7 -9 11 -19 -18 -11 90 6 -15 4 6 -17 21 23 -26 12 15 -31 13 -30 -2 36 -12 0 34
-23 -2 3 51 -11 -4 10 6 107 -26 -5 -9 -13 1 -55 -1 30 11 -6 -6 -17 17 -27 49 0 0
23 -58 -6 -20 -8 16 -9 -15 -26 190 3 -22 24 -39 -29 -24 -17 0 62 -21 -12 -24 -7 -25 53 -9
-5 18 -39 -13 -14 -7 -12 4 -5 3 70 -18 1 -10 -33 21 4 4 -21 -14 -10 0 9 -13 31 -5
6 -5 -7 18 -3 1 3 6 -9 -22 -18 50 -8 8 26 21 3 19 -10 10 23 -11 3 8 17 11
1 -3 -1 -9 5 14 -10 -17 -13 24 1 -8 58 1 14 7 5 -4 13 -3 -3 -5 21 -13 5 -6
13 4 -12 4 -24 -4 6 21 1 -39 -10 8 1 77 -9 1 -19 -8 -16 -6 -40 -7 3 -11 -18 4
-7 8 42 -29 21 -5 -27 23 -55 -29 -33 26 14 -9 143 -21 -12 14 -2 -3 24 9 24 -6 9 6
13 -43 -61 -15 -17 -13 2 -26 -1 -24 21 21 7 1 -21 132 -3 44 -10 9 4 -50 -15 7 13 21
-19 -3 -15 23 20 15 -2 12 30 -17 4 3 5 -19 -12 -3 80 5 -29 24 14 0 53 -1 2 26
10 -1 -27 9 -1 -23 17 15 11 0 4 19 -4 -8 14 44 5 112 -8 11 35 11 10 -7 60 2
-31 -3 24 -18 25 34 32 -31 -6 62 -21 -10 13 -16 -2 -10 -29 -8 173 4 5 2 -57 -2 5 -16
20 -7 -16 19 25 10 35 13 -6 -21 -14 10 -3 -6 -3 9 24 11 4 95 19 29 25 -7 -24 29
-20 21 6 18 14 21 2 -30 -17 -12 -10 23 -3 -40 24 4 14 35 5 19 130 18 9 14 22 -17
0 51 48 10 18 -15 25 -2 17 -24 0 -11 -5 -7 9 -50 0 11 2 29 18 102 5 19 19 -31
19 11 -8 -1 -22 30 -7 36 -27 -7 9 3 21 3 24 -15 53 10 -57 25 9 5 195 -23 -6 14
-6 -1 16 14 -6 11 3 -12 49 -25 -13 8 -13 -11 -6 7 -1 -7 -2 -7 14 19 -23 82 5 8
13 -13 -6 -17 8 -3 1 0 0 53 31 17 5 -18 9 13 2 60 5 -24 22 19 -6 5 156 -2
9 -27 -26 18 9 23 -8 34 0 -9 -5 11 -6 4 6 21 26 2 -16 29 -17 -31 14 8 -2 82

