Q_obj 
69 -6 -17 5 -51 7 35 12 -7 5 24 30
-6 104 -39 -19 8 -8 53 -43 -27 20 -21 28
-17 -39 184 -77 24 24 -25 13 -21 -74 67 -32
5 -19 -77 99 17 14 30 -32 33 -10 15 9
-51 8 24 17 145 9 -19 -14 2 5 23 -66
7 -8 24 14 9 99 25 21 15 -39 63 14
35 53 -25 30 -19 25 133 -54 -40 -11 50 20
12 -43 13 -32 -14 21 -54 127 30 45 3 25
-7 -27 -21 33 2 15 -40 30 93 8 6 68
5 20 -74 -10 5 -39 -11 45 8 116 -50 8
24 -21 67 15 23 63 50 3 6 -50 97 10
30 28 -32 9 -66 14 20 25 68 8 10 140

Q_cnstr 
69 3 3 0 2 -2 3 17 -1 13 -1 23
3 44 14 -21 -6 3 9 19 19 4 17 -1
3 14 57 -2 19 -11 51 13 -20 7 32 28
0 -21 -2 30 16 -14 9 8 -15 -2 -10 0
2 -6 19 16 108 3 36 23 -12 9 1 7
-2 3 -11 -14 3 60 -25 -4 5 -30 3 18
3 9 51 9 36 -25 78 24 -19 22 23 4
17 19 13 8 23 -4 24 82 1 19 11 12
-1 19 -20 -15 -12 5 -19 1 33 0 -9 -18
13 4 7 -2 9 -30 22 19 0 38 1 -17
-1 17 32 -10 1 3 23 11 -9 1 30 9
23 -1 28 0 7 18 4 12 -18 -17 9 65

