Q_obj 
201 12 -41 -20 -56 -82 12 7 -82 -11 51 -4 29 -78 -34 6 -65
12 181 -32 82 -33 18 -88 -43 -38 -4 -23 -7 43 -38 -18 42 12
-41 -32 156 -11 -2 19 -17 39 14 -67 -66 -5 -63 -11 -19 -101 34
-20 82 -11 191 -55 8 -53 0 -34 62 -16 45 48 -64 2 6 7
-56 -33 -2 -55 204 39 4 -18 -60 -86 -70 1 -89 69 59 7 11
-82 18 19 8 39 226 -20 -44 45 1 5 -37 -70 1 -25 -59 43
12 -88 -17 -53 4 -20 190 -62 43 68 -17 -36 16 8 -7 -45 -28
7 -43 39 0 -18 -44 -62 176 -10 -31 -28 0 -33 -5 0 -8 4
-82 -38 14 -34 -60 45 43 -10 150 31 31 -21 39 20 -25 -17 28
-11 -4 -67 62 -86 1 68 -31 31 157 27 -3 75 -39 -6 31 -42
51 -23 -66 -16 -70 5 -17 -28 31 27 151 5 42 -8 -34 5 26
-4 -7 -5 45 1 -37 -36 0 -21 -3 5 152 -3 -70 -30 35 -29
29 43 -63 48 -89 -70 16 -33 39 75 42 -3 149 -50 1 33 -72
-78 -38 -11 -64 69 1 8 -5 20 -39 -8 -70 -50 216 94 63 45
-34 -18 -19 2 59 -25 -7 0 -25 -6 -34 -30 1 94 116 52 -6
6 42 -101 6 7 -59 -45 -8 -17 31 5 35 33 63 52 183 -51
-65 12 34 7 11 43 -28 4 28 -42 26 -29 -72 45 -6 -51 186

Q_cnstr 
86 -11 17 7 26 -21 39 -27 -13 25 38 12 12 -3 -35 53 27
-11 40 -11 8 -15 24 -22 -3 -3 18 -10 -19 0 13 4 -9 25
17 -11 89 36 1 12 48 -6 31 5 10 -15 16 -3 5 2 9
7 8 36 75 -25 7 -1 0 8 12 36 -7 -4 -14 -1 6 25
26 -15 1 -25 55 3 28 1 -10 -6 -18 -2 2 -25 -21 -7 -29
-21 24 12 7 3 70 6 -5 10 21 -20 -43 9 -11 -15 -21 25
39 -22 48 -1 28 6 74 2 2 10 11 -5 19 2 -35 25 3
-27 -3 -6 0 1 -5 2 50 7 -16 -9 -10 -3 12 7 5 -17
-13 -3 31 8 -10 10 2 7 58 -3 -13 -27 23 50 17 -26 1
25 18 5 12 -6 21 10 -16 -3 47 18 -10 2 11 -17 31 24
38 -10 10 36 -18 -20 11 -9 -13 18 58 17 -3 -4 -13 58 21
12 -19 -15 -7 -2 -43 -5 -10 -27 -10 17 168 -48 -44 -11 14 4
12 0 16 -4 2 9 19 -3 23 2 -3 -48 34 32 -14 -5 3
-3 13 -3 -14 -25 -11 2 12 50 11 -4 -44 32 139 35 -3 7
-35 4 5 -1 -21 -15 -35 7 17 -17 -13 -11 -14 35 78 -18 -14
53 -9 2 6 -7 -21 25 5 -26 31 58 14 -5 -3 -18 126 41
27 25 9 25 -29 25 3 -17 1 24 21 4 3 7 -14 41 110

