Q_obj 
1080 298 -38 31 291 -87 181 -48 -85 275 -68 -264 -70 -245 -40 219 -46 116 -86 -40 394 41 -250 -89 259 78
298 1384 -113 -143 58 -213 110 -7 -224 -20 -92 -165 -248 -48 -269 -207 -222 128 -237 281 238 215 192 -342 -429 198
-38 -113 1048 -106 141 129 -434 71 57 -111 216 445 346 300 217 32 83 -254 159 167 152 -96 99 -193 403 183
31 -143 -106 1297 410 150 30 89 -189 -197 -125 193 49 48 -84 56 384 -235 105 -93 -250 -407 -225 -240 75 318
291 58 141 410 1179 -231 73 -356 177 -137 270 171 80 -40 66 51 385 -122 174 435 -2 -280 12 153 -260 222
-87 -213 129 150 -231 1144 -50 284 48 -25 -68 27 42 201 197 140 152 17 243 -257 -136 -153 -107 -306 -175 -413
181 110 -434 30 73 -50 1115 -154 -371 322 210 -336 -122 -470 113 366 19 -140 143 -125 250 190 -86 -323 177 -37
-48 -7 71 89 -356 284 -154 1021 -128 216 -236 130 118 357 -234 -624 -89 167 -85 -292 -12 -237 124 -10 421 -150
-85 -224 57 -189 177 48 -371 -128 795 78 222 -59 204 235 -274 194 73 19 26 435 -298 -55 12 264 -284 -79
275 -20 -111 -197 -137 -25 322 216 78 997 248 -255 69 -63 -467 200 86 76 -21 12 70 189 -262 -45 458 -122
-68 -92 216 -125 270 -68 210 -236 222 248 1195 115 257 -85 -114 227 293 -304 68 205 328 169 227 38 -153 159
-264 -165 445 193 171 27 -336 130 -59 -255 115 1086 120 457 527 -105 218 -165 323 -158 68 -316 51 23 199 165
-70 -248 346 49 80 42 -122 118 204 69 257 120 818 178 36 5 -44 -119 -66 480 302 -278 34 10 331 125
-245 -48 300 48 -40 201 -470 357 235 -63 -85 457 178 1063 -162 -73 -39 82 320 26 -295 -137 -180 -57 -74 -124
-40 -269 217 -84 66 197 113 -234 -274 -467 -114 527 36 -162 1341 -36 -83 50 204 -393 350 -413 39 -179 185 134
219 -207 32 56 51 140 366 -624 194 200 227 -105 5 -73 -36 1246 223 -477 617 131 -15 136 -361 -261 -181 -33
-46 -222 83 384 385 152 19 -89 73 86 293 218 -44 -39 -83 223 1062 -72 509 357 -317 -324 254 -41 -197 -66
116 128 -254 -235 -122 17 -140 167 19 76 -304 -165 -119 82 50 -477 -72 903 -205 -37 -477 1 161 -239 122 -468
-86 -237 159 105 174 243 143 -85 26 -21 68 323 -66 320 204 617 509 -205 1448 170 -560 -438 -321 -238 -442 104
-40 281 167 -93 435 -257 -125 -292 435 12 205 -158 480 26 -393 131 357 -37 170 1447 -46 -150 70 94 -235 158
394 238 152 -250 -2 -136 250 -12 -298 70 328 68 302 -295 350 -15 -317 -477 -560 -46 1466 71 101 277 368 222
41 215 -96 -407 -280 -153 190 -237 -55 189 169 -316 -278 -137 -413 136 -324 1 -438 -150 71 1207 -21 -35 -66 -81
-250 192 99 -225 12 -107 -86 124 12 -262 227 51 34 -180 39 -361 254 161 -321 70 101 -21 1199 -271 -127 -278
-89 -342 -193 -240 153 -306 -323 -10 264 -45 38 23 10 -57 -179 -261 -41 -239 -238 94 277 -35 -271 1241 -239 124
259 -429 403 75 -260 -175 177 421 -284 458 -153 199 331 -74 185 -181 -197 122 -442 -235 368 -66 -127 -239 1591 -85
78 198 183 318 222 -413 -37 -150 -79 -122 159 165 125 -124 134 -33 -66 -468 104 158 222 -81 -278 124 -85 1186

Q_cnstr 
99 -14 -20 25 -21 20 33 26 20 10 18 -4 -25 -27 0 47 -29 -61 16 8 -11 8 3 -3 -3 -29
-14 128 4 31 15 -34 7 -35 28 -7 18 34 -13 3 19 -14 -9 19 36 -6 -16 10 17 11 17 36
-20 4 102 -24 8 -1 -15 -8 19 -6 -14 -3 6 11 9 -37 24 -10 19 -5 -2 -37 -18 -7 -3 -13
25 31 -24 165 -35 -11 -21 11 -19 10 43 60 -28 11 -3 71 -28 -28 26 22 -27 12 36 33 34 17
-21 15 8 -35 104 -2 19 -44 5 -13 1 -16 -39 10 19 8 30 46 3 -3 9 27 -7 9 -4 23
20 -34 -1 -11 -2 140 3 16 14 -2 -29 49 24 -16 32 20 19 -19 19 15 -20 -33 -50 11 -6 -2
33 7 -15 -21 19 3 106 -9 -13 -18 14 -11 -54 -4 0 31 -18 42 3 -9 -8 12 4 42 23 12
26 -35 -8 11 -44 16 -9 104 -4 37 62 -15 16 -7 -3 37 -18 1 -1 42 -7 -16 -16 4 -10 7
20 28 19 -19 5 14 -13 -4 112 -1 3 -5 21 -28 0 13 23 -29 27 17 9 -7 -23 -21 6 -38
10 -7 -6 10 -13 -2 -18 37 -1 65 32 -5 12 -27 39 12 -1 -26 4 8 -7 10 -7 7 -28 11
18 18 -14 43 1 -29 14 62 3 32 130 -16 -3 9 -5 42 -35 31 20 45 9 6 13 17 2 37
-4 34 -3 60 -16 49 -11 -15 -5 -5 -16 123 -25 -16 23 20 -10 -18 18 -17 -31 19 -15 1 -7 35
-25 -13 6 -28 -39 24 -54 16 21 12 -3 -25 125 20 -11 -64 17 0 -13 16 9 -52 -2 -16 -9 -30
-27 3 11 11 10 -16 -4 -7 -28 -27 9 -16 20 113 -49 -26 18 56 -10 22 -20 -12 39 16 -6 -14
0 19 9 -3 19 32 0 -3 0 39 -5 23 -11 -49 105 5 27 -14 16 1 -12 -3 -23 33 -19 48
47 -14 -37 71 8 20 31 37 13 12 42 20 -64 -26 5 127 -11 9 25 24 -23 34 -9 52 26 6
-29 -9 24 -28 30 19 -18 -18 23 -1 -35 -10 17 18 27 -11 104 1 12 2 17 -9 -4 46 -9 -12
-61 19 -10 -28 46 -19 42 1 -29 -26 31 -18 0 56 -14 9 1 182 -25 40 6 5 10 70 20 35
16 36 19 26 3 19 3 -1 27 4 20 18 -13 -10 16 25 12 -25 65 3 3 -3 -6 28 -4 -1
8 -6 -5 22 -3 15 -9 42 17 8 45 -17 16 22 1 24 2 40 3 82 6 -8 10 16 -6 12
-11 -16 -2 -27 9 -20 -8 -7 9 -7 9 -31 9 -20 -12 -23 17 6 3 6 77 -7 8 9 -4 -18
8 10 -37 12 27 -33 12 -16 -7 10 6 19 -52 -12 -3 34 -9 5 -3 -8 -7 82 3 -23 -25 30
3 17 -18 36 -7 -50 4 -16 -23 -7 13 -15 -2 39 -23 -9 -4 10 -6 10 8 3 54 25 6 -11
-3 11 -7 33 9 11 42 4 -21 7 17 1 -16 16 33 52 46 70 28 16 9 -23 25 147 29 -3
-3 17 -3 34 -4 -6 23 -10 6 -28 2 -7 -9 -6 -19 26 -9 20 -4 -6 -4 -25 6 29 87 -1
-29 36 -13 17 23 -2 12 7 -38 11 37 35 -30 -14 48 6 -12 35 -1 12 -18 30 -11 -3 -1 105

