Q_obj 
99 -21 28 22 -77 24 -30 18 -6 -66 -14 -20 1 -19
-21 103 -20 -18 -11 6 52 -62 -51 -11 -28 17 -1 -1
28 -20 206 71 -20 37 4 25 -4 48 18 -131 -40 24
22 -18 71 147 21 -33 -9 53 -70 37 31 3 -21 -42
-77 -11 -20 21 164 5 -30 -39 0 33 23 0 -22 50
24 6 37 -33 5 122 -22 -42 -13 -38 -41 -45 -54 109
-30 52 4 -9 -30 -22 92 -9 -27 32 -6 3 6 -23
18 -62 25 53 -39 -42 -9 175 14 16 13 36 -5 -58
-6 -51 -4 -70 0 -13 -27 14 139 -52 32 -39 3 5
-66 -11 48 37 33 -38 32 16 -52 161 37 -17 18 -3
-14 -28 18 31 23 -41 -6 13 32 37 104 -18 1 -10
-20 17 -131 3 0 -45 3 36 -39 -17 -18 143 36 -30
1 -1 -40 -21 -22 -54 6 -5 3 18 1 36 130 -15
-19 -1 24 -42 50 109 -23 -58 5 -3 -10 -30 -15 158

Q_cnstr 
17 -10 -3 3 -2 0 6 -6 0 -16 2 2 12 -8
-10 15 -2 3 18 -2 3 1 0 11 -8 -4 -6 10
-3 -2 25 -3 -14 -2 -2 14 -4 3 5 -1 -12 -14
3 3 -3 23 3 -5 -6 1 -15 -1 2 -4 8 1
-2 18 -14 3 57 3 16 6 2 13 -11 -15 8 24
0 -2 -2 -5 3 8 8 8 3 5 4 -2 -2 0
6 3 -2 -6 16 8 33 14 4 9 1 -4 3 9
-6 1 14 1 6 8 14 43 -13 19 20 -12 0 2
0 0 -4 -15 2 3 4 -13 40 0 -5 8 -6 -10
-16 11 3 -1 13 5 9 19 0 47 4 -10 -2 10
2 -8 5 2 -11 4 1 20 -5 4 19 -3 7 -10
2 -4 -1 -4 -15 -2 -4 -12 8 -10 -3 11 -5 -9
12 -6 -12 8 8 -2 3 0 -6 -2 7 -5 29 8
-8 10 -14 1 24 0 9 2 -10 10 -10 -9 8 46

