Q_obj 
117 40 -18 24 -11 -6 -2 -10 20 41 -7 -25 -5
40 95 13 28 -27 -5 -4 -81 -14 29 47 2 -22
-18 13 178 4 -64 13 -27 -1 -35 52 -44 32 -27
24 28 4 116 66 -32 27 -5 36 31 19 -23 2
-11 -27 -64 66 129 -30 -3 50 27 -2 22 -22 4
-6 -5 13 -32 -30 75 -18 -13 -28 -20 -12 -21 -29
-2 -4 -27 27 -3 -18 127 -62 21 -9 -21 31 41
-10 -81 -1 -5 50 -13 -62 142 30 -4 -57 -49 31
20 -14 -35 36 27 -28 21 30 91 26 -19 -16 14
41 29 52 31 -2 -20 -9 -4 26 109 -35 31 5
-7 47 -44 19 22 -12 -21 -57 -19 -35 140 13 -58
-25 2 32 -23 -22 -21 31 -49 -16 31 13 90 -29
-5 -22 -27 2 4 -29 41 31 14 5 -58 -29 119

Q_cnstr 
13 8 4 5 0 7 -1 -1 2 6 -4 2 6
8 15 6 4 -2 2 -2 -5 5 -1 -3 5 7
4 6 15 7 2 -2 5 -2 6 8 3 6 5
5 4 7 21 0 -6 3 5 2 2 -1 3 4
0 -2 2 0 7 0 7 -2 -1 5 13 -3 -2
7 2 -2 -6 0 14 -4 -3 -2 3 -7 3 3
-1 -2 5 3 7 -4 14 -1 -1 10 16 -2 -1
-1 -5 -2 5 -2 -3 -1 10 -1 -1 -4 -2 -3
2 5 6 2 -1 -2 -1 -1 9 -1 0 5 -2
6 -1 8 2 5 3 10 -1 -1 18 8 -1 5
-4 -3 3 -1 13 -7 16 -4 0 8 32 -7 -5
2 5 6 3 -3 3 -2 -2 5 -1 -7 10 3
6 7 5 4 -2 3 -1 -3 -2 5 -5 3 17

