Q_obj 
153 50 8 18 -22 36 -8 18 -5 21 -31 -8 34 34 23
50 163 9 -41 -2 85 -67 -16 -9 15 -54 -54 2 29 -1
8 9 155 57 -11 31 5 -90 25 -10 -58 -54 41 -42 -7
18 -41 57 191 -55 -68 48 27 18 10 -46 -59 61 -35 1
-22 -2 -11 -55 169 26 9 58 -10 -57 18 -8 -6 -40 45
36 85 31 -68 26 143 -25 -4 32 -45 11 -48 21 36 35
-8 -67 5 48 9 -25 162 62 -11 27 7 -39 62 32 4
18 -16 -90 27 58 -4 62 201 0 12 73 -16 67 71 44
-5 -9 25 18 -10 32 -11 0 105 -4 25 50 59 -37 -6
21 15 -10 10 -57 -45 27 12 -4 132 13 54 27 29 11
-31 -54 -58 -46 18 11 7 73 25 13 204 79 -40 20 85
-8 -54 -54 -59 -8 -48 -39 -16 50 54 79 175 -15 -21 0
34 2 41 61 -6 21 62 67 59 27 -40 -15 154 46 -13
34 29 -42 -35 -40 36 32 71 -37 29 20 -21 46 148 -1
23 -1 -7 1 45 35 4 44 -6 11 85 0 -13 -1 129

Q_cnstr 
47 24 29 -6 5 9 -1 0 -20 -24 13 -6 -14 -8 -6
24 62 3 7 2 27 15 11 20 29 20 7 4 21 1
29 3 85 -40 -3 -10 -7 16 -38 -8 -7 3 7 -40 12
-6 7 -40 87 -20 14 11 -21 38 -1 30 -31 -24 54 6
5 2 -3 -20 41 -9 -12 5 7 -7 -18 10 -4 -13 6
9 27 -10 14 -9 36 4 -8 6 20 15 14 5 30 -8
-1 15 -7 11 -12 4 36 10 15 2 23 -7 -2 7 -5
0 11 16 -21 5 -8 10 34 3 13 -7 12 6 -16 -7
-20 20 -38 38 7 6 15 3 56 20 11 -5 1 32 23
-24 29 -8 -1 -7 20 2 13 20 70 -6 28 17 18 16
13 20 -7 30 -18 15 23 -7 11 -6 58 -3 -13 31 8
-6 7 3 -31 10 14 -7 12 -5 28 -3 59 -13 -9 -12
-14 4 7 -24 -4 5 -2 6 1 17 -13 -13 70 1 12
-8 21 -40 54 -13 30 7 -16 32 18 31 -9 1 67 -4
-6 1 12 6 6 -8 -5 -7 23 16 8 -12 12 -4 108

