Q_obj 
165 -61 8 92 -31 26 0 44 -16 44 13 13 -80 74 -17
-61 128 -8 -57 34 44 -37 -25 63 -30 -28 33 75 -55 53
8 -8 144 -3 12 7 23 3 8 -39 19 -48 -30 8 53
92 -57 -3 186 22 -52 42 65 -24 42 51 -21 -62 24 42
-31 34 12 22 124 -8 4 -19 29 -2 -43 1 13 23 69
26 44 7 -52 -8 136 5 -43 9 -10 24 49 25 -5 -37
0 -37 23 42 4 5 124 25 28 13 71 -36 19 6 17
44 -25 3 65 -19 -43 25 125 -19 22 6 -61 -18 -13 6
-16 63 8 -24 29 9 28 -19 149 39 -31 15 49 -16 100
44 -30 -39 42 -2 -10 13 22 39 201 -55 22 -54 -10 44
13 -28 19 51 -43 24 71 6 -31 -55 118 -12 20 -12 -21
13 33 -48 -21 1 49 -36 -61 15 22 -12 96 1 -21 -14
-80 75 -30 -62 13 25 19 -18 49 -54 20 1 149 -46 -5
74 -55 8 24 23 -5 6 -13 -16 -10 -12 -21 -46 145 7
-17 53 53 42 69 -37 17 6 100 44 -21 -14 -5 7 180

Q_cnstr 
98 34 -5 8 -7 6 28 5 -16 -2 -24 -8 6 -21 5
34 74 -19 21 29 -8 -5 2 12 8 10 -11 0 24 13
-5 -19 84 -16 5 20 -41 -1 -4 -39 16 13 -30 -26 11
8 21 -16 172 25 18 -24 84 0 -2 6 2 14 -39 -11
-7 29 5 25 76 -3 -2 10 27 16 13 -2 -17 27 -4
6 -8 20 18 -3 45 -7 28 -2 18 -6 14 7 9 26
28 -5 -41 -24 -2 -7 81 -10 -19 29 -12 -12 35 13 9
5 2 -1 84 10 28 -10 134 -33 39 -31 -1 2 26 6
-16 12 -4 0 27 -2 -19 -33 83 19 5 -7 -11 -10 -9
-2 8 -39 -2 16 18 29 39 19 89 -28 -1 12 70 -3
-24 10 16 6 13 -6 -12 -31 5 -28 45 7 -14 -16 7
-8 -11 13 2 -2 14 -12 -1 -7 -1 7 39 -4 38 -4
6 0 -30 14 -17 7 35 2 -11 12 -14 -4 90 2 35
-21 24 -26 -39 27 9 13 26 -10 70 -16 38 2 164 2
5 13 11 -11 -4 26 9 6 -9 -3 7 -4 35 2 57

