Q_obj 
242 9 45 49 -17 1 19 -26 -44 26 -56 -45 -87 -43 50 16 26 66 16 -27 22 90
9 116 34 -15 3 -31 -13 9 74 -37 43 10 36 -8 41 9 -34 -30 3 -30 12 21
45 34 337 -2 -114 86 -2 -65 76 54 -15 -4 32 -31 7 42 -45 26 -63 28 -69 -1
49 -15 -2 199 -5 12 -11 -2 -10 71 65 -15 -45 -32 -2 27 45 86 60 -31 58 19
-17 3 -114 -5 266 -51 67 22 42 -9 -5 60 -103 50 38 -41 9 -3 24 -37 105 -58
1 -31 86 12 -51 243 2 17 -25 13 -30 12 -22 0 -17 125 60 128 -21 54 -70 -33
19 -13 -2 -11 67 2 263 -11 32 -4 -84 -37 -42 19 -34 -37 39 3 1 -59 -24 40
-26 9 -65 -2 22 17 -11 206 4 -37 -54 -27 13 -77 -14 -3 -33 -27 28 69 8 -29
-44 74 76 -10 42 -25 32 4 181 -8 65 -9 44 23 34 12 -69 -70 10 -10 -19 -47
26 -37 54 71 -9 13 -4 -37 -8 254 -77 54 -57 51 -3 1 7 36 -103 -26 -20 -7
-56 43 -15 65 -5 -30 -84 -54 65 -77 218 0 12 6 -17 38 -5 -23 77 -2 16 -77
-45 10 -4 -15 60 12 -37 -27 -9 54 0 200 -4 86 29 -7 -3 52 -34 -8 74 -24
-87 36 32 -45 -103 -22 -42 13 44 -57 12 -4 209 -33 3 -20 -54 -22 -64 -5 -61 20
-43 -8 -31 -32 50 0 19 -77 23 51 6 86 -33 223 22 47 76 -15 18 -7 52 -4
50 41 7 -2 38 -17 -34 -14 34 -3 -17 29 3 22 246 6 -40 -8 38 -26 63 103
16 9 42 27 -41 125 -37 -3 12 1 38 -7 -20 47 6 214 122 30 40 95 -40 -50
26 -34 -45 45 9 60 39 -33 -69 7 -5 -3 -54 76 -40 122 215 97 -8 45 24 -36
66 -30 26 86 -3 128 3 -27 -70 36 -23 52 -22 -15 -8 30 97 210 -58 -23 30 -12
16 3 -63 60 24 -21 1 28 10 -103 77 -34 -64 18 38 40 -8 -58 253 13 83 55
-27 -30 28 -31 -37 54 -59 69 -10 -26 -2 -8 -5 -7 -26 95 45 -23 13 144 -45 -78
22 12 -69 58 105 -70 -24 8 -19 -20 16 74 -61 52 63 -40 24 30 83 -45 189 41
90 21 -1 19 -58 -33 40 -29 -47 -7 -77 -24 20 -4 103 -50 -36 -12 55 -78 41 221

Q_cnstr 
38 -8 -7 -15 5 1 -14 -2 7 12 14 11 -9 16 -2 6 10 -21 -17 -7 -13 3
-8 59 25 24 13 -5 -12 -1 22 -16 -13 18 -21 3 5 -8 -4 13 15 -14 7 -17
-7 25 104 20 -16 9 -32 22 21 -9 13 5 -9 -10 13 36 -4 -11 -2 26 28 -3
-15 24 20 97 -7 -16 2 -7 25 16 -33 -5 18 -8 9 -43 2 13 8 1 6 13
5 13 -16 -7 102 6 -21 -2 20 7 10 42 6 45 -22 5 -8 16 -12 22 -27 31
1 -5 9 -16 6 84 12 6 39 -23 29 12 -7 31 -20 25 -39 -6 7 51 0 0
-14 -12 -32 2 -21 12 161 -5 37 8 -23 9 -15 -13 -10 -17 -49 11 -7 28 16 -18
-2 -1 22 -7 -2 6 -5 57 -26 3 1 -5 2 7 23 6 -15 22 7 3 22 -3
7 22 21 25 20 39 37 -26 148 -4 24 46 -60 7 -61 26 0 -14 -36 48 -22 7
12 -16 -9 16 7 -23 8 3 -4 58 -8 -16 10 11 4 -19 6 -13 -31 25 2 10
14 -13 13 -33 10 29 -23 1 24 -8 119 4 11 25 -59 34 -21 2 -26 10 14 16
11 18 5 -5 42 12 9 -5 46 -16 4 88 -43 11 -17 17 -15 5 -10 -11 -21 -4
-9 -21 -9 18 6 -7 -15 2 -60 10 11 -43 88 6 0 -25 -2 20 11 6 17 13
16 3 -10 -8 45 31 -13 7 7 11 25 11 6 85 -10 2 -23 1 -9 36 -15 8
-2 5 13 9 -22 -20 -10 23 -61 4 -59 -17 0 -10 68 -22 5 -14 24 -14 12 -3
6 -8 36 -43 5 25 -17 6 26 -19 34 17 -25 2 -22 82 -9 -1 -18 7 -11 -15
10 -4 -4 2 -8 -39 -49 -15 0 6 -21 -15 -2 -23 5 -9 78 -17 -26 -18 -19 -3
-21 13 -11 13 16 -6 11 22 -14 -13 2 5 20 1 -14 -1 -17 89 17 -22 -6 -3
-17 15 -2 8 -12 7 -7 7 -36 -31 -26 -10 11 -9 24 -18 -26 17 77 -32 6 5
-7 -14 26 1 22 51 28 3 48 25 10 -11 6 36 -14 7 -18 -22 -32 110 7 15
-13 7 28 6 -27 0 16 22 -22 2 14 -21 17 -15 12 -11 -19 -6 6 7 45 -12
3 -17 -3 13 31 0 -18 -3 7 10 16 -4 13 8 -3 -15 -3 -3 5 15 -12 79

