Q_obj 
260 11 7 26 83 86 -2 -51 8 -46 -4 -24 9 19 -21 52 49 69 85 -21 11 10 -35 -15 22 64 73 -65 -5 67
11 308 -36 -29 -18 8 -11 0 -8 -31 -45 42 -99 6 -44 41 41 -52 18 -32 -53 -99 55 20 32 -6 -44 9 24 -1
7 -36 281 12 105 38 -51 -124 85 -43 12 -117 9 66 3 39 29 -10 60 5 -26 1 42 78 140 79 56 29 -39 61
26 -29 12 275 73 -53 92 -72 6 47 -75 39 28 24 -17 10 -99 -36 -12 -29 28 11 -76 77 -18 102 -38 -17 -44 152
83 -18 105 73 302 41 -70 18 -29 -44 9 -74 78 81 -44 80 6 70 36 62 -53 64 15 72 108 168 66 -14 -44 60
86 8 38 -53 41 305 -53 -11 -54 -44 -44 -64 10 115 13 71 88 59 -51 7 25 13 67 32 125 33 99 -13 29 15
-2 -11 -51 92 -70 -53 253 30 30 -50 -22 -14 -35 -65 13 -41 -14 -59 -14 -70 101 -63 12 -40 7 15 -146 -57 15 38
-51 0 -124 -72 18 -11 30 350 10 -44 44 62 7 -7 -25 -4 -21 93 -104 -22 -36 -31 48 9 -36 -7 -70 -73 -81 -31
8 -8 85 6 -29 -54 30 10 255 9 77 -120 -27 -28 -68 65 31 18 29 -56 75 -74 32 7 34 -15 61 -67 -71 5
-46 -31 -43 47 -44 -44 -50 -44 9 326 1 -2 67 -15 -66 25 -53 -12 -78 31 24 20 -81 16 -55 -42 34 49 -63 -26
-4 -45 12 -75 9 -44 -22 44 77 1 203 -40 39 -96 -35 38 38 -28 21 19 14 3 11 -84 -4 -70 25 -106 -2 -65
-24 42 -117 39 -74 -64 -14 62 -120 -2 -40 334 73 -19 48 -18 -133 -32 -46 8 -60 -5 -96 34 -164 -118 -107 -18 -8 95
9 -99 9 28 78 10 -35 7 -27 67 39 73 320 49 12 54 -8 21 26 93 43 61 -86 23 -13 -72 24 56 13 40
19 6 66 24 81 115 -65 -7 -28 -15 -96 -19 49 331 -82 -2 12 41 -72 -2 7 139 9 116 29 163 118 51 -2 76
-21 -44 3 -17 -44 13 13 -25 -68 -66 -35 48 12 -82 280 -36 -53 -21 66 116 5 -10 -98 -67 -19 -50 -140 -7 81 5
52 41 39 10 80 71 -41 -4 65 25 38 -18 54 -2 -36 348 2 -13 21 -13 -54 2 -48 47 27 25 106 -46 -1 60
49 41 29 -99 6 88 -14 -21 31 -53 38 -133 -8 12 -53 2 270 8 82 -68 56 -16 59 -37 139 34 86 -18 36 -98
69 -52 -10 -36 70 59 -59 93 18 -12 -28 -32 21 41 -21 -13 8 326 -52 52 108 73 -5 -1 -37 49 150 -41 -19 25
85 18 60 -12 36 -51 -14 -104 29 -78 21 -46 26 -72 66 21 82 -52 366 43 -63 -21 -119 -47 72 24 50 60 6 47
-21 -32 5 -29 62 7 -70 -22 -56 31 19 8 93 -2 116 -13 -68 52 43 250 -7 34 -96 -69 -48 -55 -45 62 32 -46
11 -53 -26 28 -53 25 101 -36 75 24 14 -60 43 7 5 -54 56 108 -63 -7 368 47 -89 -80 -39 -10 49 -61 81 39
10 -99 1 11 64 13 -63 -31 -74 20 3 -5 61 139 -10 2 -16 73 -21 34 47 279 -154 -32 -24 101 164 5 57 -25
-35 55 42 -76 15 67 12 48 32 -81 11 -96 -86 9 -98 -48 59 -5 -119 -96 -89 -154 342 96 108 -3 -34 -32 -18 -47
-15 20 78 77 72 32 -40 9 7 16 -84 34 23 116 -67 47 -37 -1 -47 -69 -80 -32 96 267 61 41 15 50 -61 97
22 32 140 -18 108 125 7 -36 34 -55 -4 -164 -13 29 -19 27 139 -37 72 -48 -39 -24 108 61 314 119 41 25 -9 -68
64 -6 79 102 168 33 15 -7 -15 -42 -70 -118 -72 163 -50 25 34 49 24 -55 -10 101 -3 41 119 393 114 -42 22 90
73 -44 56 -38 66 99 -146 -70 61 34 25 -107 24 118 -140 106 86 150 50 -45 49 164 -34 15 41 114 418 -16 20 15
-65 9 29 -17 -14 -13 -57 -73 -67 49 -106 -18 56 51 -7 -46 -18 -41 60 62 -61 5 -32 50 25 -42 -16 299 -52 -62
-5 24 -39 -44 -44 29 15 -81 -71 -63 -2 -8 13 -2 81 -1 36 -19 6 32 81 57 -18 -61 -9 22 20 -52 262 -11
67 -1 61 152 60 15 38 -31 5 -26 -65 95 40 76 5 60 -98 25 47 -46 39 -25 -47 97 -68 90 15 -62 -11 303

Q_cnstr 
111 9 -7 -5 37 -24 24 35 8 -40 -42 -14 -8 6 53 44 -2 -7 6 17 1 -36 -4 -9 -17 -18 -8 -18 13 7
9 84 -15 19 -11 2 15 3 6 -14 21 15 -8 -12 24 -11 34 -39 25 10 -40 -49 14 -9 13 -12 -4 0 7 -12
-7 -15 101 17 15 -16 11 16 4 -10 1 23 6 -9 9 -12 20 19 4 19 8 -13 14 0 -26 42 25 5 2 13
-5 19 17 184 -37 22 16 26 -13 17 25 -23 -16 4 53 -7 25 16 -13 50 -2 -19 9 0 -20 35 54 -8 -17 -3
37 -11 15 -37 104 -25 33 16 10 -56 -12 46 27 -15 6 6 16 -2 7 -4 4 -31 -16 0 -7 13 24 -4 -13 26
-24 2 -16 22 -25 132 -5 -15 -1 35 20 -41 -6 33 -21 -39 0 11 29 -19 -6 37 -17 1 -6 -7 19 17 -3 -2
24 15 11 16 33 -5 93 17 -16 -31 14 33 17 0 13 19 27 18 5 -3 20 -6 13 13 38 -23 29 -14 -13 12
35 3 16 26 16 -15 17 88 -5 -5 -3 -7 9 12 -2 18 10 12 -5 10 2 -40 -9 6 -29 3 7 18 4 21
8 6 4 -13 10 -1 -16 -5 112 2 -7 -2 -25 -11 -1 -12 29 23 -5 45 -27 -9 -10 -3 -14 -7 14 8 6 20
-40 -14 -10 17 -56 35 -31 -5 2 93 -34 -35 -30 4 -17 -3 -39 14 -14 -6 23 13 -12 20 -33 -12 -11 5 48 -12
-42 21 1 25 -12 20 14 -3 -7 -34 152 25 55 20 -11 -5 30 -21 16 1 -31 -25 40 8 36 23 13 19 -65 4
-14 15 23 -23 46 -41 33 -7 -2 -35 25 120 -2 -17 0 -1 28 -13 34 14 0 3 23 0 20 12 8 -30 20 29
-8 -8 6 -16 27 -6 17 9 -25 -30 55 -2 87 5 -4 6 22 -8 0 -32 -7 -38 -6 10 2 29 6 20 -40 1
6 -12 -9 4 -15 33 0 12 -11 4 20 -17 5 110 -5 -20 -21 18 1 -10 -7 35 -11 14 32 18 -38 21 -8 7
53 24 9 53 6 -21 13 -2 -1 -17 -11 0 -4 -5 126 4 5 0 2 34 -12 -60 -10 -22 -9 38 30 2 0 -13
44 -11 -12 -7 6 -39 19 18 -12 -3 -5 -1 6 -20 4 153 15 -21 -26 25 43 -17 -18 28 27 -16 -34 -22 -1 -17
-2 34 20 25 16 0 27 10 29 -39 30 28 22 -21 5 15 114 3 17 6 -25 -31 -5 9 14 9 32 -2 -7 3
-7 -39 19 16 -2 11 18 12 23 14 -21 -13 -8 18 0 -21 3 88 -15 -6 8 54 -20 12 15 8 36 14 1 20
6 25 4 -13 7 29 5 -5 -5 -14 16 34 0 1 2 -26 17 -15 77 -19 -8 12 14 -19 -12 -14 -25 -24 33 9
17 10 19 50 -4 -19 -3 10 45 -6 1 14 -32 -10 34 25 6 -6 -19 110 -7 -25 -10 -9 1 40 29 -2 12 17
1 -40 8 -2 4 -6 20 2 -27 23 -31 0 -7 -7 -12 43 -25 8 -8 -7 75 18 -15 9 -10 -15 -24 -25 17 4
-36 -49 -13 -19 -31 37 -6 -40 -9 13 -25 3 -38 35 -60 -17 -31 54 12 -25 18 230 -27 14 68 -27 10 -14 -18 4
-4 14 14 9 -16 -17 13 -9 -10 -12 40 23 -6 -11 -10 -18 -5 -20 14 -10 -15 -27 142 7 -14 -7 16 -5 -12 -14
-9 -9 0 0 0 1 13 6 -3 20 8 0 10 14 -22 28 9 12 -19 -9 9 14 7 77 17 32 3 6 5 5
-17 13 -26 -20 -7 -6 38 -29 -14 -33 36 20 2 32 -9 27 14 15 -12 1 -10 68 -14 17 127 -10 5 10 -53 -18
-18 -12 42 35 13 -7 -23 3 -7 -12 23 12 29 18 38 -16 9 8 -14 40 -15 -27 -7 32 -10 140 17 37 -13 11
-8 -4 25 54 24 19 29 7 14 -11 13 8 6 -38 30 -34 32 36 -25 29 -24 10 16 3 5 17 154 32 -41 -4
-18 0 5 -8 -4 17 -14 18 8 5 19 -30 20 21 2 -22 -2 14 -24 -2 -25 -14 -5 6 10 37 32 77 -41 -8
13 7 2 -17 -13 -3 -13 4 6 48 -65 20 -40 -8 0 -1 -7 1 33 12 17 -18 -12 5 -53 -13 -41 -41 130 19
7 -12 13 -3 26 -2 12 21 20 -12 4 29 1 7 -13 -17 3 20 9 17 4 4 -14 5 -18 11 -4 -8 19 62

