Q_obj 
257 49 -90 34 129 -83 121 59 49 66 -60 -74 19 -24 -60 12 22 -23 -44 -12
49 243 -47 22 2 -103 77 80 107 29 -35 83 22 -16 14 41 46 76 16 -51
-90 -47 237 37 -27 11 -92 -25 4 -20 -31 68 -1 -34 44 -69 -12 -19 11 5
34 22 37 204 6 53 30 42 1 59 -7 -24 4 -27 16 -60 -100 4 15 -23
129 2 -27 6 213 -1 62 52 -3 8 -90 -15 13 17 24 31 21 -55 51 16
-83 -103 11 53 -1 232 -33 -68 -87 -52 -20 -29 -15 87 57 -30 -67 -26 27 29
121 77 -92 30 62 -33 233 -4 2 -2 -56 -41 -46 -21 -9 22 101 -5 -50 91
59 80 -25 42 52 -68 -4 241 33 55 3 49 91 -44 33 19 -31 45 -42 -119
49 107 4 1 -3 -87 2 33 200 34 17 3 -30 10 -20 31 18 -69 1 8
66 29 -20 59 8 -52 -2 55 34 123 22 -25 -49 -14 -46 26 -30 -24 5 -32
-60 -35 -31 -7 -90 -20 -56 3 17 22 149 -51 -3 -29 -49 14 17 -2 8 -1
-74 83 68 -24 -15 -29 -41 49 3 -25 -51 188 36 42 68 -27 -25 28 -29 -48
19 22 -1 4 13 -15 -46 91 -30 -49 -3 36 212 -40 101 -1 5 124 50 -116
-24 -16 -34 -27 17 87 -21 -44 10 -14 -29 42 -40 223 47 19 -85 -84 -27 53
-60 14 44 16 24 57 -9 33 -20 -46 -49 68 101 47 211 31 7 24 83 -29
12 41 -69 -60 31 -30 22 19 31 26 14 -27 -1 19 31 146 31 17 58 -15
22 46 -12 -100 21 -67 101 -31 18 -30 17 -25 5 -85 7 31 275 8 61 66
-23 76 -19 4 -55 -26 -5 45 -69 -24 -2 28 124 -84 24 17 8 237 23 -126
-44 16 11 15 51 27 -50 -42 1 5 8 -29 50 -27 83 58 61 23 220 -26
-12 -51 5 -23 16 29 91 -119 8 -32 -1 -48 -116 53 -29 -15 66 -126 -26 206

Q_cnstr 
85 -7 -3 -2 -43 -24 -7 9 -21 -5 6 -31 -11 29 2 24 -26 -20 -9 0
-7 134 5 -21 22 43 8 35 30 22 -5 14 12 7 -5 12 -10 30 -4 21
-3 5 112 12 37 -1 27 39 22 6 22 -22 8 28 -28 -6 -4 36 -11 20
-2 -21 12 68 -1 35 -20 -17 -32 7 11 11 -9 11 -8 -14 -8 17 0 15
-43 22 37 -1 164 -15 -5 51 -3 22 -1 -16 2 -11 -12 45 54 43 -2 26
-24 43 -1 35 -15 111 -29 6 27 29 16 35 -29 -2 -35 -57 -22 9 10 -12
-7 8 27 -20 -5 -29 96 -1 4 7 -6 28 17 -5 17 -34 9 -3 28 14
9 35 39 -17 51 6 -1 174 50 48 27 -71 9 -13 -21 29 -11 -16 -23 -22
-21 30 22 -32 -3 27 4 50 113 12 39 2 30 -14 -16 3 25 45 -20 11
-5 22 6 7 22 29 7 48 12 106 0 28 -51 -5 -11 -40 -12 7 -49 -13
6 -5 22 11 -1 16 -6 27 39 0 54 -25 22 1 -25 13 7 26 -4 4
-31 14 -22 11 -16 35 28 -71 2 28 -25 107 -31 9 14 -63 0 11 6 11
-11 12 8 -9 2 -29 17 9 30 -51 22 -31 100 -8 2 42 37 49 26 44
29 7 28 11 -11 -2 -5 -13 -14 -5 1 9 -8 65 -1 -9 -27 7 -25 6
2 -5 -28 -8 -12 -35 17 -21 -16 -11 -25 14 2 -1 58 12 5 11 14 15
24 12 -6 -14 45 -57 -34 29 3 -40 13 -63 42 -9 12 115 30 35 0 26
-26 -10 -4 -8 54 -22 9 -11 25 -12 7 0 37 -27 5 30 103 64 -15 54
-20 30 36 17 43 9 -3 -16 45 7 26 11 49 7 11 35 64 155 -23 83
-9 -4 -11 0 -2 10 28 -23 -20 -49 -4 6 26 -25 14 0 -15 -23 165 -12
0 21 20 15 26 -12 14 -22 11 -13 4 11 44 6 15 26 54 83 -12 75

