Q_obj 
237 -46 -24 45 16 54 73 7 -77 -36 -4 24 -4 75 -80 29 30 -18 -4 44 17 31
-46 211 -17 12 1 12 34 -11 -13 3 7 32 58 -70 24 18 21 -45 20 66 87 6
-24 -17 187 -20 -65 -59 -88 -16 -51 -12 12 23 -122 60 -9 18 45 -23 33 -41 -43 -93
45 12 -20 279 24 31 94 -54 -84 97 -11 17 -17 10 -87 -16 -25 91 -31 38 -18 49
16 1 -65 24 234 -1 45 -27 97 -13 36 -73 -7 31 -23 -10 -7 92 0 -29 26 -51
54 12 -59 31 -1 225 121 -68 -8 20 -58 -23 63 7 2 11 65 -36 -31 85 71 -5
73 34 -88 94 45 121 273 33 8 82 -109 -78 24 -5 -48 3 76 0 -78 57 68 80
7 -11 -16 -54 -27 -68 33 176 33 17 -18 -16 26 -2 42 -19 -21 -2 -49 -14 41 25
-77 -13 -51 -84 97 -8 8 33 243 16 15 -82 21 -47 8 -101 25 1 41 -32 -18 -58
-36 3 -12 97 -13 20 82 17 16 146 0 -88 -9 -15 -30 1 12 -3 -75 3 26 46
-4 7 12 -11 36 -58 -109 -18 15 0 184 -14 8 -44 33 -1 -63 -34 83 -44 -11 -120
24 32 23 17 -73 -23 -78 -16 -82 -88 -14 382 65 -28 -11 16 9 12 74 -50 -43 -19
-4 58 -122 -17 -7 63 24 26 21 -9 8 65 209 -42 19 -32 -42 35 27 26 38 -8
75 -70 60 10 31 7 -5 -2 -47 -15 -44 -28 -42 243 -103 -48 64 67 -86 -42 -34 -4
-80 24 -9 -87 -23 2 -48 42 8 -30 33 -11 19 -103 232 22 -111 -5 15 53 29 -2
29 18 18 -16 -10 11 3 -19 -101 1 -1 16 -32 -48 22 176 26 -18 -42 27 88 21
30 21 45 -25 -7 65 76 -21 25 12 -63 9 -42 64 -111 26 227 -51 -27 19 48 -2
-18 -45 -23 91 92 -36 0 -2 1 -3 -34 12 35 67 -5 -18 -51 232 -53 18 -31 15
-4 20 33 -31 0 -31 -78 -49 41 -75 83 74 27 -86 15 -42 -27 -53 203 -47 -86 -132
44 66 -41 38 -29 85 57 -14 -32 3 -44 -50 26 -42 53 27 19 18 -47 272 68 97
17 87 -43 -18 26 71 68 41 -18 26 -11 -43 38 -34 29 88 48 -31 -86 68 206 17
31 6 -93 49 -51 -5 80 25 -58 46 -120 -19 -8 -4 -2 21 -2 15 -132 97 17 296

Q_cnstr 
204 -32 -58 -14 -40 -40 -24 14 58 22 20 -20 -9 4 10 27 20 -3 8 14 4 -15
-32 120 -49 -26 -8 43 35 -3 -47 -5 -36 35 9 22 -15 -15 -21 -3 -4 -39 -64 19
-58 -49 131 32 40 -18 -25 -39 -10 18 46 26 31 15 1 -48 -32 -12 -12 2 16 -32
-14 -26 32 87 44 -19 0 0 20 1 39 7 -5 -7 13 -14 -26 -15 2 7 13 -20
-40 -8 40 44 164 57 39 -31 -12 -35 -45 -27 2 15 19 -31 -6 9 27 15 58 38
-40 43 -18 -19 57 121 28 -35 -12 -35 -83 3 9 -26 -7 1 20 -6 -7 -13 -34 33
-24 35 -25 0 39 28 128 1 2 12 -30 0 -9 18 -19 -30 14 2 -13 35 0 35
14 -3 -39 0 -31 -35 1 136 54 -25 28 10 -34 69 21 34 -22 36 18 15 76 1
58 -47 -10 20 -12 -12 2 54 181 -5 44 14 -8 -27 -16 7 -17 14 11 19 -3 -25
22 -5 18 1 -35 -35 12 -25 -5 77 28 3 23 -5 -7 -41 5 -28 16 29 -40 -11
20 -36 46 39 -45 -83 -30 28 44 28 198 57 -22 -27 -15 -66 -37 5 8 -25 -13 -56
-20 35 26 7 -27 3 0 10 14 3 57 123 4 21 -3 -21 -46 -7 -9 -42 -42 -21
-9 9 31 -5 2 9 -9 -34 -8 23 -22 4 74 -7 17 -10 -2 -17 3 -10 -21 19
4 22 15 -7 15 -26 18 69 -27 -5 -27 21 -7 153 21 46 -24 22 2 20 80 -9
10 -15 1 13 19 -7 -19 21 -16 -7 -15 -3 17 21 53 8 -1 -4 25 8 59 5
27 -15 -48 -14 -31 1 -30 34 7 -41 -66 -21 -10 46 8 133 21 13 -26 -5 37 1
20 -21 -32 -26 -6 20 14 -22 -17 5 -37 -46 -2 -24 -1 21 92 -25 -13 35 -32 20
-3 -3 -12 -15 9 -6 2 36 14 -28 5 -7 -17 22 -4 13 -25 50 6 -19 54 12
8 -4 -12 2 27 -7 -13 18 11 16 8 -9 3 2 25 -26 -13 6 84 11 26 24
14 -39 2 7 15 -13 35 15 19 29 -25 -42 -10 20 8 -5 35 -19 11 113 66 7
4 -64 16 13 58 -34 0 76 -3 -40 -13 -42 -21 80 59 37 -32 54 26 66 240 12
-15 19 -32 -20 38 33 35 1 -25 -11 -56 -21 19 -9 5 1 20 12 24 7 12 86

