Q_obj 
134 -20 17 47 -7 -15 -10 -46 15 -76 5 12
-20 107 -40 48 -20 -3 -40 19 -34 66 -14 -39
17 -40 90 -32 -18 -11 63 24 42 -38 -13 -4
47 48 -32 119 -10 -15 -31 -14 -39 16 -41 -20
-7 -20 -18 -10 159 -62 39 -15 -37 -35 26 -49
-15 -3 -11 -15 -62 124 2 -25 47 -33 20 29
-10 -40 63 -31 39 2 107 36 46 -43 22 -34
-46 19 24 -14 -15 -25 36 104 35 22 40 -44
15 -34 42 -39 -37 47 46 35 100 -51 66 5
-76 66 -38 16 -35 -33 -43 22 -51 153 -55 -12
5 -14 -13 -41 26 20 22 40 66 -55 142 -1
12 -39 -4 -20 -49 29 -34 -44 5 -12 -1 112

Q_cnstr 
42 13 -24 3 -4 15 6 -6 14 10 1 -30
13 70 4 -17 -2 3 6 9 32 -8 -72 0
-24 4 62 15 6 -20 -7 19 3 -28 -13 9
3 -17 15 75 -15 14 -1 5 -19 -27 -7 -18
-4 -2 6 -15 24 -10 -11 8 -8 15 11 19
15 3 -20 14 -10 77 36 -18 22 -41 4 -27
6 6 -7 -1 -11 36 64 -16 13 1 -19 -18
-6 9 19 5 8 -18 -16 24 0 -8 -9 19
14 32 3 -19 -8 22 13 0 48 -24 -14 -12
10 -8 -28 -27 15 -41 1 -8 -24 93 3 18
1 -72 -13 -7 11 4 -19 -9 -14 3 139 -28
-30 0 9 -18 19 -27 -18 19 -12 18 -28 71

