Q_obj 
311 -99 -10 -88 21 53 -6 -67 -42 39 -27 -29 -102 -29 46 -15 -49 -48 65 -46 -6 59 4 -16 -50
-99 296 -8 79 41 -13 12 81 75 -125 66 22 43 109 95 -6 22 -49 -118 21 4 -6 -65 -50 -18
-10 -8 206 -1 -33 -18 -82 -13 -31 -3 -8 18 -46 4 -59 -88 47 22 -42 51 -2 20 -31 -35 -4
-88 79 -1 240 -35 -60 40 20 -7 28 -23 27 -95 74 -12 -41 -61 45 -13 -23 128 -69 -63 38 -36
21 41 -33 -35 234 42 66 85 23 1 90 -10 74 30 -26 43 -13 -73 -103 -82 -19 85 -19 -2 -4
53 -13 -18 -60 42 203 -18 -71 14 -46 -71 -68 27 22 -9 -13 6 -43 3 -27 -3 33 21 1 91
-6 12 -82 40 66 -18 253 16 -2 -72 -26 -52 -32 -44 -46 18 19 -31 -58 -39 61 49 -4 -110 -41
-67 81 -13 20 85 -71 16 238 11 -1 70 30 51 8 5 37 -50 29 -40 12 -17 14 -36 -11 -3
-42 75 -31 -7 23 14 -2 11 243 -17 15 -8 79 30 102 85 -9 -94 -14 -6 34 20 -64 -49 7
39 -125 -3 28 1 -46 -72 -1 -17 218 -30 68 -39 17 -29 37 -99 17 49 -12 19 -55 11 95 -86
-27 66 -8 -23 90 -71 -26 70 15 -30 266 -61 99 24 41 67 22 -38 -13 -119 -79 102 -23 61 12
-29 22 18 27 -10 -68 -52 30 -8 68 -61 274 34 15 -56 -19 -68 15 -49 103 62 -146 -54 62 -17
-102 43 -46 -95 74 27 -32 51 79 -39 99 34 273 20 -26 78 1 -14 -71 -3 -78 14 18 5 40
-29 109 4 74 30 22 -44 8 30 17 24 15 20 169 24 -3 -18 -42 11 -57 16 10 -86 20 -18
46 95 -59 -12 -26 -9 -46 5 102 -29 41 -56 -26 24 219 7 -43 -67 36 -45 -12 39 -10 -21 13
-15 -6 -88 -41 43 -13 18 37 85 37 67 -19 78 -3 7 221 18 -44 32 -8 10 -30 52 0 -32
-49 22 47 -61 -13 6 19 -50 -9 -99 22 -68 1 -18 -43 18 240 -60 10 34 -75 0 -14 -79 -10
-48 -49 22 45 -73 -43 -31 29 -94 17 -38 15 -14 -42 -67 -44 -60 237 12 72 -12 -89 57 -17 23
65 -118 -42 -13 -103 3 -58 -40 -14 49 -13 -49 -71 11 36 32 10 12 309 -59 20 -22 -97 47 44
-46 21 51 -23 -82 -27 -39 12 -6 -12 -119 103 -3 -57 -45 -8 34 72 -59 220 -3 -90 67 -31 -25
-6 4 -2 128 -19 -3 61 -17 34 19 -79 62 -78 16 -12 10 -75 -12 20 -3 217 -52 -53 -22 -22
59 -6 20 -69 85 33 49 14 20 -55 102 -146 14 10 39 -30 0 -89 -22 -90 -52 266 15 -3 21
4 -65 -31 -63 -19 21 -4 -36 -64 11 -23 -54 18 -86 -10 52 -14 57 -97 67 -53 15 255 8 -8
-16 -50 -35 38 -2 1 -110 -11 -49 95 61 62 5 20 -21 0 -79 -17 47 -31 -22 -3 8 270 46
-50 -18 -4 -36 -4 91 -41 -3 7 -86 12 -17 40 -18 13 -32 -10 23 44 -25 -22 21 -8 46 223

Q_cnstr 
101 30 1 -7 -32 -20 66 46 32 -11 1 19 -40 26 1 -51 8 -1 -18 5 -3 17 -23 -8 5
30 97 1 8 -29 26 47 8 -31 16 15 -11 -1 27 0 -24 -16 20 -4 5 0 15 9 -18 38
1 1 110 22 -11 23 -53 8 -18 61 1 17 14 -4 13 -25 15 -18 -40 -17 -47 -17 52 -1 19
-7 8 22 175 -13 -10 -7 -11 0 65 33 -50 12 50 2 -32 30 -14 22 46 -12 -6 -15 -29 30
-32 -29 -11 -13 79 18 -8 -51 3 -5 -12 7 15 8 -6 33 6 -32 6 8 -35 25 18 -3 -5
-20 26 23 -10 18 83 -18 -8 -48 -1 -5 4 23 9 27 0 -23 -19 7 -9 -25 6 14 -13 1
66 47 -53 -7 -8 -18 154 22 34 42 -23 19 -50 48 2 -23 -11 -8 21 22 21 84 -46 -20 9
46 8 8 -11 -51 -8 22 147 22 -41 -3 9 -50 6 31 -24 11 26 -3 0 65 -17 -28 -9 -45
32 -31 -18 0 3 -48 34 22 81 -16 -27 19 -38 27 5 -17 -9 14 24 9 19 -7 -3 -6 -14
-11 16 61 65 -5 -1 42 -41 -16 261 29 12 -10 9 -12 -28 11 -46 -30 15 -64 59 32 3 37
1 15 1 33 -12 -5 -23 -3 -27 29 170 -8 -7 -8 16 -11 50 1 -51 -28 -17 5 12 26 16
19 -11 17 -50 7 4 19 9 19 12 -8 117 -13 -19 29 -20 -35 -17 15 -18 5 15 49 46 -11
-40 -1 14 12 15 23 -50 -50 -38 -10 -7 -13 75 -23 -10 24 -1 -4 -1 -11 -17 -9 38 8 4
26 27 -4 50 8 9 48 6 27 9 -8 -19 -23 107 8 -34 -31 25 14 15 -13 21 -10 -45 6
1 0 13 2 -6 27 2 31 5 -12 16 29 -10 8 61 7 1 -3 20 -15 8 9 20 7 -5
-51 -24 -25 -32 33 0 -23 -24 -17 -28 -11 -20 24 -34 7 145 31 -12 22 -20 23 -1 18 7 21
8 -16 15 30 6 -23 -11 11 -9 11 50 -35 -1 -31 1 31 193 -19 -85 -13 -32 -12 -32 -3 23
-1 20 -18 -14 -32 -19 -8 26 14 -46 1 -17 -4 25 -3 -12 -19 78 14 -17 24 -41 0 -6 -7
-18 -4 -40 22 6 7 21 -3 24 -30 -51 15 -1 14 20 22 -85 14 117 23 43 -5 -1 -8 -2
5 5 -17 46 8 -9 22 0 9 15 -28 -18 -11 15 -15 -20 -13 -17 23 63 12 28 -21 -16 2
-3 0 -47 -12 -35 -25 21 65 19 -64 -17 5 -17 -13 8 23 -32 24 43 12 117 -15 -35 7 -42
17 15 -17 -6 25 6 84 -17 -7 59 5 15 -9 21 9 -1 -12 -41 -5 28 -15 120 7 -7 -7
-23 9 52 -15 18 14 -46 -28 -3 32 12 49 38 -10 20 18 -32 0 -1 -21 -35 7 129 25 6
-8 -18 -1 -29 -3 -13 -20 -9 -6 3 26 46 8 -45 7 7 -3 -6 -8 -16 7 -7 25 61 -9
5 38 19 30 -5 1 9 -45 -14 37 16 -11 4 6 -5 21 23 -7 -2 2 -42 -7 6 -9 107

