Q_obj 
187 23 21 -30 -47 -15 46 116 -48 5 4 -62 -12 24 28 30 44 -90 24 -8
23 243 -29 -28 72 -5 83 41 -5 -25 -40 -14 27 29 18 -8 -103 26 37 -1
21 -29 250 -21 -23 22 45 -17 -37 -5 -9 0 0 30 19 -1 -46 -81 50 2
-30 -28 -21 221 -33 85 -52 -39 51 -5 77 9 -89 -20 26 -81 -4 -12 -24 -68
-47 72 -23 -33 200 -22 35 2 39 -27 -74 -16 75 27 26 7 -4 67 -82 -7
-15 -5 22 85 -22 184 -52 -47 -16 -9 13 99 33 -4 87 -46 -15 14 -16 -32
46 83 45 -52 35 -52 263 94 -31 -38 -37 -43 43 32 -3 71 -63 -41 -28 16
116 41 -17 -39 2 -47 94 247 65 60 63 -89 57 29 7 50 22 -3 -47 -10
-48 -5 -37 51 39 -16 -31 65 202 8 24 -71 -32 -66 -14 -8 23 75 -44 -40
5 -25 -5 -5 -27 -9 -38 60 8 178 27 20 -69 -22 5 -42 3 2 -64 -33
4 -40 -9 77 -74 13 -37 63 24 27 185 24 -7 0 -51 20 -7 -32 74 24
-62 -14 0 9 -16 99 -43 -89 -71 20 24 205 57 14 -29 37 22 52 27 25
-12 27 0 -89 75 33 43 57 -32 -69 -7 57 250 68 -13 117 41 60 -34 41
24 29 30 -20 27 -4 32 29 -66 -22 0 14 68 122 -43 26 -52 -8 19 5
28 18 19 26 26 87 -3 7 -14 5 -51 -29 -13 -43 204 -101 -11 4 -93 -36
30 -8 -1 -81 7 -46 71 50 -8 -42 20 37 117 26 -101 213 70 8 70 25
44 -103 -46 -4 -4 -15 -63 22 23 3 -7 22 41 -52 -11 70 247 62 -34 -1
-90 26 -81 -12 67 14 -41 -3 75 2 -32 52 60 -8 4 8 62 182 -71 -15
24 37 50 -24 -82 -16 -28 -47 -44 -64 74 27 -34 19 -93 70 -34 -71 248 64
-8 -1 2 -68 -7 -32 16 -10 -40 -33 24 25 41 5 -36 25 -1 -15 64 103

Q_cnstr 
101 0 -6 44 -5 6 7 -3 -24 10 -10 -24 13 -35 -3 18 -5 -7 -13 -6
0 31 -5 10 -10 5 14 -2 -8 1 19 11 6 -15 4 -1 -5 -16 -1 -4
-6 -5 130 -15 13 -9 8 -6 27 -49 52 -44 -4 -65 29 13 40 -35 -7 -32
44 10 -15 68 -10 -1 16 4 -7 -8 -4 24 26 -19 5 -3 -7 -16 -11 -1
-5 -10 13 -10 53 19 -34 1 20 -16 0 -16 -8 -19 11 5 -2 18 10 24
6 5 -9 -1 19 117 -13 59 -24 -23 30 -11 -12 -60 31 8 9 4 12 12
7 14 8 16 -34 -13 167 -6 -87 16 -1 112 29 -36 1 -12 2 4 -49 -14
-3 -2 -6 4 1 59 -6 54 1 -29 14 -6 -12 -38 24 6 8 14 11 7
-24 -8 27 -7 20 -24 -87 1 131 -39 38 -50 -22 19 17 17 28 -3 19 -29
10 1 -49 -8 -16 -23 16 -29 -39 68 -38 31 2 49 -22 2 -28 -11 7 10
-10 19 52 -4 0 30 -1 14 38 -38 84 -19 -12 -29 44 12 31 -24 -8 -46
-24 11 -44 24 -16 -11 112 -6 -50 31 -19 172 39 8 -15 -23 -18 14 -37 28
13 6 -4 26 -8 -12 29 -12 -22 2 -12 39 69 -24 -3 3 -19 20 -19 8
-35 -15 -65 -19 -19 -60 -36 -38 19 49 -29 8 -24 159 -59 -14 -27 -5 9 -8
-3 4 29 5 11 31 1 24 17 -22 44 -15 -3 -59 91 9 18 -7 21 -31
18 -1 13 -3 5 8 -12 6 17 2 12 -23 3 -14 9 32 -3 2 5 -6
-5 -5 40 -7 -2 9 2 8 28 -28 31 -18 -19 -27 18 -3 84 -20 -11 -18
-7 -16 -35 -16 18 4 4 14 -3 -11 -24 14 20 -5 -7 2 -20 80 -22 28
-13 -1 -7 -11 10 12 -49 11 19 7 -8 -37 -19 9 21 5 -11 -22 60 3
-6 -4 -32 -1 24 12 -14 7 -29 10 -46 28 8 -8 -31 -6 -18 28 3 81

