Q_obj 
177 41 -63 20 -11 20 15 -7 31 -21 3 2 16 2 54 -4 -4 92 76 11 6 -52
41 251 11 33 -46 52 48 6 -36 -19 -81 18 98 -54 105 50 21 3 -4 24 92 -5
-63 11 217 0 -89 -7 -38 6 18 -56 -3 10 -1 -12 -120 51 9 -17 -5 9 -8 28
20 33 0 213 -17 -48 -53 -19 75 -49 31 -4 13 -73 -1 28 5 -34 -17 61 22 87
-11 -46 -89 -17 242 -25 106 -53 -107 60 12 -29 -9 3 42 -20 8 30 -45 -40 -43 51
20 52 -7 -48 -25 162 32 -17 -12 37 -21 -14 -8 -40 -5 -67 -49 -70 -1 -16 104 -76
15 48 -38 -53 106 32 218 -12 -58 -1 -111 42 -14 8 100 43 -31 52 -70 -40 -53 -39
-7 6 6 -19 -53 -17 -12 121 17 23 -20 50 49 25 68 1 26 1 -38 -11 -32 -24
31 -36 18 75 -107 -12 -58 17 208 26 17 11 -46 -24 -11 2 -48 -39 -10 21 -6 1
-21 -19 -56 -49 60 37 -1 23 26 270 30 20 -39 -14 12 -66 34 -56 -25 -58 29 -94
3 -81 -3 31 12 -21 -111 -20 17 30 184 -33 16 -53 -34 -15 -4 -44 80 41 5 43
2 18 10 -4 -29 -14 42 50 11 20 -33 239 -34 -33 16 89 6 -39 -12 46 -15 -28
16 98 -1 13 -9 -8 -14 49 -46 -39 16 -34 196 46 135 42 16 24 4 55 12 59
2 -54 -12 -73 3 -40 8 25 -24 -14 -53 -33 46 284 15 -48 -41 70 42 -52 -112 -65
54 105 -120 -1 42 -5 100 68 -11 12 -34 16 135 15 281 91 -18 38 -60 40 -29 0
-4 50 51 28 -20 -67 43 1 2 -66 -15 89 42 -48 91 245 -27 15 -65 82 -5 78
-4 21 9 5 8 -49 -31 26 -48 34 -4 6 16 -41 -18 -27 117 46 14 -2 -11 8
92 3 -17 -34 30 -70 52 1 -39 -56 -44 -39 24 70 38 15 46 187 52 -4 -97 -30
76 -4 -5 -17 -45 -1 -70 -38 -10 -25 80 -12 4 42 -60 -65 14 52 198 47 -46 -58
11 24 9 61 -40 -16 -40 -11 21 -58 41 46 55 -52 40 82 -2 -4 47 165 -18 42
6 92 -8 22 -43 104 -53 -32 -6 29 5 -15 12 -112 -29 -5 -11 -97 -46 -18 225 -4
-52 -5 28 87 51 -76 -39 -24 1 -94 43 -28 59 -65 0 78 8 -30 -58 42 -4 232

Q_cnstr 
98 -22 -11 18 1 45 5 -33 22 -11 2 32 14 14 31 -26 38 33 7 19 17 -11
-22 110 48 14 8 -33 32 24 -18 23 -27 -20 29 -2 -12 1 -32 -1 -20 -2 -9 -1
-11 48 140 29 -15 -37 22 -18 -12 23 -15 27 -7 12 -24 10 -6 -4 39 28 37 3
18 14 29 100 -21 -7 -17 0 25 1 18 0 25 6 -2 6 8 7 18 16 5 10
1 8 -15 -21 110 42 -1 -10 1 -25 -3 2 6 30 7 -40 6 -24 9 4 -22 15
45 -33 -37 -7 42 94 -8 -21 36 -13 2 5 -23 24 2 -8 27 9 19 15 -25 -1
5 32 22 -17 -1 -8 54 -8 -19 -2 -15 -12 -11 13 -4 -13 -5 36 -29 -20 -9 -10
-33 24 -18 0 -10 -21 -8 119 -8 -6 -28 -5 21 -7 19 -15 -32 -7 -57 1 9 -7
22 -18 -12 25 1 36 -19 -8 58 -7 14 -4 -10 7 1 11 -7 1 22 6 -17 -10
-11 23 23 1 -25 -13 -2 -6 -7 103 -38 -4 24 -24 -40 15 12 -12 36 9 0 -1
2 -27 -15 18 -3 2 -15 -28 14 -38 68 2 -9 -8 14 22 0 6 7 -11 -17 13
32 -20 27 0 2 5 -12 -5 -4 -4 2 69 -3 -7 14 -39 10 -5 2 22 18 -4
14 29 -7 25 6 -23 -11 21 -10 24 -9 -3 84 -16 28 -14 12 -6 -8 -5 5 0
14 -2 12 6 30 24 13 -7 7 -24 -8 -7 -16 110 24 -8 -1 -18 2 8 -7 -4
31 -12 -24 -2 7 2 -4 19 1 -40 14 14 28 24 72 -17 -6 6 -27 14 -7 5
-26 1 10 6 -40 -8 -13 -15 11 15 22 -39 -14 -8 -17 125 -15 18 36 9 5 16
38 -32 -6 8 6 27 -5 -32 -7 12 0 10 12 -1 -6 -15 67 6 21 0 17 -1
33 -1 -4 7 -24 9 36 -7 1 -12 6 -5 -6 -18 6 18 6 78 -24 -13 1 1
7 -20 39 18 9 19 -29 -57 22 36 7 2 -8 2 -27 36 21 -24 120 44 17 7
19 -2 28 16 4 15 -20 1 6 9 -11 22 -5 8 14 9 0 -13 44 72 14 20
17 -9 37 5 -22 -25 -9 9 -17 0 -17 18 5 -7 -7 5 17 1 17 14 78 12
-11 -1 3 10 15 -1 -10 -7 -10 -1 13 -4 0 -4 5 16 -1 1 7 20 12 61

