Q_obj 
953 -166 773 -105 34 -261 -45 -18 -110 -51 -117 -92 -176 403
-166 815 -185 35 -440 63 189 -47 267 0 127 41 -176 27
773 -185 1083 -47 -51 -9 -206 193 -136 -10 -388 -318 -360 383
-105 35 -47 875 110 133 -93 351 -409 326 -127 177 184 154
34 -440 -51 110 903 -132 -176 96 -265 87 -140 197 315 -25
-261 63 -9 133 -132 751 122 291 105 194 111 132 103 -104
-45 189 -206 -93 -176 122 768 131 21 65 138 281 90 386
-18 -47 193 351 96 291 131 576 -345 130 -222 170 67 241
-110 267 -136 -409 -265 105 21 -345 585 -52 251 -227 -344 -74
-51 0 -10 326 87 194 65 130 -52 471 -190 77 136 150
-117 127 -388 -127 -140 111 138 -222 251 -190 608 179 -157 -180
-92 41 -318 177 197 132 281 170 -227 77 179 793 215 -14
-176 -176 -360 184 315 103 90 67 -344 136 -157 215 1161 -349
403 27 383 154 -25 -104 386 241 -74 150 -180 -14 -349 782

Q_cnstr 
61 6 -16 -9 -8 -10 -4 7 -1 -29 -3 23 -21 -5
6 47 -10 -8 9 15 -4 -12 0 -5 -13 10 8 -3
-16 -10 59 -4 -14 -10 -21 15 -5 0 -9 -28 -12 9
-9 -8 -4 124 23 7 26 16 0 18 -7 1 29 38
-8 9 -14 23 54 1 -22 -16 -18 -6 -21 13 24 6
-10 15 -10 7 1 62 19 19 1 16 -33 11 23 -3
-4 -4 -21 26 -22 19 64 30 17 25 4 -3 10 -7
7 -12 15 16 -16 19 30 58 2 0 -11 -20 5 -11
-1 0 -5 0 -18 1 17 2 23 13 11 0 4 -17
-29 -5 0 18 -6 16 25 0 13 44 1 3 13 13
-3 -13 -9 -7 -21 -33 4 -11 11 1 77 -7 -18 -10
23 10 -28 1 13 11 -3 -20 0 3 -7 52 -15 2
-21 8 -12 29 24 23 10 5 4 13 -18 -15 53 -6
-5 -3 9 38 6 -3 -7 -11 -17 13 -10 2 -6 58

