Q_obj 
300 46 -35 -50 52 74 -29 -64 -7 11 71 -7 116 84 49 -16 -117 31 -51 116 -91 62
46 234 7 32 -18 -56 14 90 104 -47 -2 -14 22 76 -10 -55 9 84 -78 -11 -23 28
-35 7 167 -18 -50 22 27 28 -26 -17 -48 -7 -73 -66 -5 -23 8 -32 -50 16 25 -19
-50 32 -18 191 -10 39 -42 -18 33 -26 26 -43 34 14 -54 27 11 -29 -54 -78 69 -84
52 -18 -50 -10 208 -3 24 -39 -80 -9 53 -45 -22 -29 84 -6 -110 -52 -16 36 37 -17
74 -56 22 39 -3 217 -36 -126 -3 50 -24 -78 0 53 39 70 9 -132 -5 -16 44 -72
-29 14 27 -42 24 -36 204 -29 -27 -29 -28 27 49 -72 -23 -1 -2 -33 63 -39 2 -15
-64 90 28 -18 -39 -126 -29 235 42 -8 -6 10 -12 -2 -20 -77 21 111 -50 15 -3 51
-7 104 -26 33 -80 -3 -27 42 237 -18 67 77 38 160 -103 55 54 41 33 -67 6 -10
11 -47 -17 -26 -9 50 -29 -8 -18 196 4 -90 16 49 17 43 47 -13 5 8 63 -23
71 -2 -48 26 53 -24 -28 -6 67 4 230 27 116 18 -46 57 -33 -36 -30 -10 2 7
-7 -14 -7 -43 -45 -78 27 10 77 -90 27 224 29 38 -59 -54 6 21 108 -13 -101 37
116 22 -73 34 -22 0 49 -12 38 16 116 29 313 63 -64 40 25 17 -41 25 -51 -16
84 76 -66 14 -29 53 -72 -2 160 49 18 38 63 278 -38 38 77 100 -3 -17 33 -40
49 -10 -5 -54 84 39 -23 -20 -103 17 -46 -59 -64 -38 207 -101 -28 -48 -34 67 -12 52
-16 -55 -23 27 -6 70 -1 -77 55 43 57 -54 40 38 -101 213 -8 -32 7 -23 85 -69
-117 9 8 11 -110 9 -2 21 54 47 -33 6 25 77 -28 -8 256 4 28 -40 22 -26
31 84 -32 -29 -52 -132 -33 111 41 -13 -36 21 17 100 -48 -32 4 246 -52 40 -23 77
-51 -78 -50 -54 -16 -5 63 -50 33 5 -30 108 -41 -3 -34 7 28 -52 200 -72 -15 -22
116 -11 16 -78 36 -16 -39 15 -67 8 -10 -13 25 -17 67 -23 -40 40 -72 233 -113 119
-91 -23 25 69 37 44 2 -3 6 63 2 -101 -51 33 -12 85 22 -23 -15 -113 212 -160
62 28 -19 -84 -17 -72 -15 51 -10 -23 7 37 -16 -40 52 -69 -26 77 -22 119 -160 261

Q_cnstr 
71 2 -36 13 -26 -22 -16 -22 16 0 5 -4 0 17 -6 -4 -33 17 3 1 -1 -12
2 41 7 5 -15 -7 35 23 9 -7 -17 -22 -20 -3 12 9 6 23 7 -1 4 -10
-36 7 86 -5 15 -24 39 -4 15 14 -13 0 29 24 17 -7 18 -20 -8 33 6 -12
13 5 -5 56 22 -21 15 7 21 7 -10 12 -12 -3 17 -8 -17 24 3 9 -27 -2
-26 -15 15 22 99 8 -12 18 26 -3 24 19 0 7 18 20 -13 14 -8 6 -22 -14
-22 -7 -24 -21 8 100 -29 10 -17 3 15 17 -24 -53 -17 31 -4 20 8 -37 -21 -4
-16 35 39 15 -12 -29 158 40 -1 18 -3 -34 25 33 49 -22 33 -9 10 14 17 3
-22 23 -4 7 18 10 40 78 -5 -4 12 7 -25 -7 2 -11 31 22 20 -24 9 0
16 9 15 21 26 -17 -1 -5 81 -24 -31 7 3 24 3 6 0 -9 -17 15 -21 1
0 -7 14 7 -3 3 18 -4 -24 64 -23 -6 16 2 21 3 11 -11 17 10 20 -19
5 -17 -13 -10 24 15 -3 12 -31 -23 171 34 -5 -16 -14 -16 -17 9 -4 -28 -41 1
-4 -22 0 12 19 17 -34 7 7 -6 34 141 8 -5 -5 -19 4 -5 2 17 22 2
0 -20 29 -12 0 -24 25 -25 3 16 -5 8 73 42 8 -15 4 -38 -17 23 20 -12
17 -3 24 -3 7 -53 33 -7 24 2 -16 -5 42 71 13 -14 9 -35 1 30 39 13
-6 12 17 17 18 -17 49 2 3 21 -14 -5 8 13 65 -3 16 10 2 26 -18 -9
-4 9 -7 -8 20 31 -22 -11 6 3 -16 -19 -15 -14 -3 61 -9 31 -6 11 8 -22
-33 6 18 -17 -13 -4 33 31 0 11 -17 4 4 9 16 -9 121 -28 -11 11 33 -6
17 23 -20 24 14 20 -9 22 -9 -11 9 -5 -38 -35 10 31 -28 146 -7 3 -48 -19
3 7 -8 3 -8 8 10 20 -17 17 -4 2 -17 1 2 -6 -11 -7 38 -12 9 27
1 -1 33 9 6 -37 14 -24 15 10 -28 17 23 30 26 11 11 3 -12 59 21 -15
-1 4 6 -27 -22 -21 17 9 -21 20 -41 22 20 39 -18 8 33 -48 9 21 151 -12
-12 -10 -12 -2 -14 -4 3 0 1 -19 1 2 -12 13 -9 -22 -6 -19 27 -15 -12 118

