Q_obj 
262 108 2 15 23 66 42 -16 -101 66 -14 36 -23 -10 -44 -10 47 -17 102 126 -16 -11 17 27 72
108 225 -57 65 -65 23 -12 4 -89 92 -22 53 -90 -70 7 22 57 -27 65 79 37 -71 36 10 71
2 -57 233 -113 51 29 68 13 16 -104 -36 17 -43 -49 31 -48 -10 -18 50 21 43 109 -10 -1 52
15 65 -113 303 -39 9 -20 -35 -11 70 -65 -77 -4 20 22 22 -40 47 -20 34 -43 -46 -32 -46 -11
23 -65 51 -39 245 41 64 11 61 4 26 10 -7 90 -26 -30 -45 24 16 -43 -127 11 60 -15 -28
66 23 29 9 41 251 -28 45 -29 -55 -16 41 -55 -27 19 2 34 -49 104 44 -4 -60 31 -24 33
42 -12 68 -20 64 -28 275 -19 -65 -11 18 -10 -77 80 -6 4 -35 -64 -22 73 -54 -52 -24 41 3
-16 4 13 -35 11 45 -19 159 -47 5 2 60 -54 -41 27 -2 -15 71 10 -44 -29 -9 74 15 1
-101 -89 16 -11 61 -29 -65 -47 284 -17 127 13 101 51 5 -82 -28 -25 -5 -36 -6 54 52 -41 -113
66 92 -104 70 4 -55 -11 5 -17 218 -6 23 -81 63 -69 1 29 57 -54 -3 18 -26 50 10 15
-14 -22 -36 -65 26 -16 18 2 127 -6 252 51 80 51 -55 -110 -38 -50 47 -42 -8 -8 135 -8 -110
36 53 17 -77 10 41 -10 60 13 23 51 222 -40 28 18 11 70 37 54 -19 -37 13 73 -80 -31
-23 -90 -43 -4 -7 -55 -77 -54 101 -81 80 -40 322 -11 -46 1 -13 5 2 -13 11 60 -33 -57 -81
-10 -70 -49 20 90 -27 80 -41 51 63 51 28 -11 301 -70 63 7 -20 -35 -39 -124 -36 17 -30 -110
-44 7 31 22 -26 19 -6 27 5 -69 -55 18 -46 -70 172 58 16 -15 23 4 -21 -7 -30 -33 -38
-10 22 -48 22 -30 2 4 -2 -82 1 -110 11 1 63 58 206 135 23 -13 -28 -18 -75 -91 -40 -34
47 57 -10 -40 -45 34 -35 -15 -28 29 -38 70 -13 7 16 135 255 -10 59 -49 44 -31 -48 -66 -54
-17 -27 -18 47 24 -49 -64 71 -25 57 -50 37 5 -20 -15 23 -10 257 -22 -87 22 63 28 -42 -15
102 65 50 -20 16 104 -22 10 -5 -54 47 54 2 -35 23 -13 59 -22 201 15 21 2 41 -29 -15
126 79 21 34 -43 44 73 -44 -36 -3 -42 -19 -13 -39 4 -28 -49 -87 15 209 4 -48 -25 48 87
-16 37 43 -43 -127 -4 -54 -29 -6 18 -8 -37 11 -124 -21 -18 44 22 21 4 249 65 -48 22 50
-11 -71 109 -46 11 -60 -52 -9 54 -26 -8 13 60 -36 -7 -75 -31 63 2 -48 65 209 -40 -34 -4
17 36 -10 -32 60 31 -24 74 52 50 135 73 -33 17 -30 -91 -48 28 41 -25 -48 -40 218 -18 -23
27 10 -1 -46 -15 -24 41 15 -41 10 -8 -80 -57 -30 -33 -40 -66 -42 -29 48 22 -34 -18 248 77
72 71 52 -11 -28 33 3 1 -113 15 -110 -31 -81 -110 -38 -34 -54 -15 -15 87 50 -4 -23 77 215

Q_cnstr 
143 6 10 21 85 -21 5 -14 -45 8 14 -4 -14 -55 -7 15 44 -34 -12 20 2 -3 -41 36 22
6 139 -4 -29 19 -44 5 -12 -3 25 24 -15 -32 31 36 -18 19 -1 9 -8 -30 35 -1 -5 11
10 -4 95 58 24 57 -26 1 7 -8 -27 5 -23 8 -2 33 -12 0 1 3 52 22 10 -10 11
21 -29 58 171 -12 20 -41 -3 -17 17 -62 5 5 33 3 47 8 -13 20 -10 35 11 -10 -36 -7
85 19 24 -12 170 -7 1 4 -20 -5 28 17 -3 -16 21 0 66 -14 38 35 -32 0 -1 65 21
-21 -44 57 20 -7 186 -32 2 4 46 -34 2 -3 22 20 9 -23 -12 -17 22 36 -27 25 -6 26
5 5 -26 -41 1 -32 64 25 3 9 28 -15 16 -21 1 -12 -2 1 32 -3 -22 6 -1 9 2
-14 -12 1 -3 4 2 25 54 10 -1 -17 -16 21 -6 -4 6 -11 -6 48 3 -10 4 27 28 -21
-45 -3 7 -17 -20 4 3 10 85 -11 -1 19 -25 -15 -1 12 -8 -13 8 10 16 8 6 -10 -37
8 25 -8 17 -5 46 9 -1 -11 156 12 -44 2 -3 31 -22 -14 6 -13 -4 16 38 -7 14 33
14 24 -27 -62 28 -34 28 -17 -1 12 85 -6 -11 -13 16 -24 -6 14 5 -9 -15 0 26 0 25
-4 -15 5 5 17 2 -15 -16 19 -44 -6 79 0 13 16 2 -3 -6 -34 3 -23 -7 -34 -20 -13
-14 -32 -23 5 -3 -3 16 21 -25 2 -11 0 84 7 7 -46 -12 17 2 -6 -22 -6 21 10 -2
-55 31 8 33 -16 22 -21 -6 -15 -3 -13 13 7 99 19 -23 -10 12 6 -32 -37 10 8 -43 17
-7 36 -2 3 21 20 1 -4 -1 31 16 16 7 19 162 5 54 25 -9 -3 -24 -1 15 30 -12
15 -18 33 47 0 9 -12 6 12 -22 -24 2 -46 -23 5 111 37 -26 39 20 35 -14 11 18 -7
44 19 -12 8 66 -23 -2 -11 -8 -14 -6 -3 -12 -10 54 37 153 -26 58 27 -19 -18 -46 77 8
-34 -1 0 -13 -14 -12 1 -6 -13 6 14 -6 17 12 25 -26 -26 64 -16 -22 5 2 16 -19 4
-12 9 1 20 38 -17 32 48 8 -13 5 -34 2 6 -9 39 58 -16 185 9 -15 -14 49 30 -7
20 -8 3 -10 35 22 -3 3 10 -4 -9 3 -6 -32 -3 20 27 -22 9 54 8 -32 22 16 -29
2 -30 52 35 -32 36 -22 -10 16 16 -15 -23 -22 -37 -24 35 -19 5 -15 8 100 -13 -11 -6 3
-3 35 22 11 0 -27 6 4 8 38 0 -7 -6 10 -1 -14 -18 2 -14 -32 -13 98 -20 19 27
-41 -1 10 -10 -1 25 -1 27 6 -7 26 -34 21 8 15 11 -46 16 49 22 -11 -20 201 -24 -28
36 -5 -10 -36 65 -6 9 28 -10 14 0 -20 10 -43 30 18 77 -19 30 16 -6 19 -24 134 35
22 11 11 -7 21 26 2 -21 -37 33 25 -13 -2 17 -12 -7 8 4 -7 -29 3 27 -28 35 102

