Q_obj 
178 -14 -66 -16 -29 4 -19 -15 -31 70 -39 22 68 -10 -74
-14 152 6 14 -37 -4 37 -2 35 7 4 1 -27 -72 21
-66 6 201 64 97 -28 7 -41 11 -103 -4 10 -30 -24 53
-16 14 64 169 15 -31 40 44 3 -120 -2 35 -11 55 52
-29 -37 97 15 141 32 20 4 -2 -62 -25 17 -36 -6 27
4 -4 -28 -31 32 127 -4 14 21 8 -27 7 -62 -22 -22
-19 37 7 40 20 -4 182 20 -29 -53 -47 109 -9 -11 -17
-15 -2 -41 44 4 14 20 186 -2 -20 6 1 -41 99 -55
-31 35 11 3 -2 21 -29 -2 147 18 19 -34 38 19 30
70 7 -103 -120 -62 8 -53 -20 18 180 41 -33 60 -45 -37
-39 4 -4 -2 -25 -27 -47 6 19 41 121 -14 5 16 47
22 1 10 35 17 7 109 1 -34 -33 -14 184 16 -5 -28
68 -27 -30 -11 -36 -62 -9 -41 38 60 5 16 121 18 -5
-10 -72 -24 55 -6 -22 -11 99 19 -45 16 -5 18 156 -31
-74 21 53 52 27 -22 -17 -55 30 -37 47 -28 -5 -31 131

Q_cnstr 
33 0 -3 12 28 1 -3 -3 20 10 -9 1 -6 0 15
0 36 10 0 30 -4 16 15 -13 6 15 12 13 26 6
-3 10 32 -1 -3 17 7 19 26 9 26 -13 -8 5 11
12 0 -1 124 60 3 -6 -16 13 -12 12 -3 -46 -3 -5
28 30 -3 60 190 8 66 5 4 12 51 60 -39 54 12
1 -4 17 3 8 109 2 -2 3 41 11 -6 -103 4 35
-3 16 7 -6 66 2 116 31 -24 -21 -28 20 16 50 -20
-3 15 19 -16 5 -2 31 33 5 2 -13 -10 14 12 -4
20 -13 26 13 4 3 -24 5 110 26 35 -6 -15 -25 27
10 6 9 -12 12 41 -21 2 26 112 38 25 -39 -8 58
-9 15 26 12 51 11 -28 -13 35 38 137 36 2 -3 29
1 12 -13 -3 60 -6 20 -10 -6 25 36 79 9 2 -5
-6 13 -8 -46 -39 -103 16 14 -15 -39 2 9 180 15 -41
0 26 5 -3 54 4 50 12 -25 -8 -3 2 15 99 9
15 6 11 -5 12 35 -20 -4 27 58 29 -5 -41 9 51

