Q_obj 
221 -58 109 -23 -26 73 44 54 73 33 -64 55 10 -39 -28 -10 -25 37 47 -15 112 15 -53 -20 -9 -27 -18 -19 24 25 -74 60 83 9 62
-58 275 -51 0 -8 -42 -76 -63 -32 -73 88 59 38 44 -38 -120 81 16 31 112 50 -42 -25 29 46 102 2 41 -100 42 -17 24 -2 36 18
109 -51 323 -72 1 -9 -11 46 22 59 20 -34 3 30 32 38 -109 -35 -20 -16 43 -12 -68 -64 -79 -66 76 -38 69 1 -8 -56 63 85 17
-23 0 -72 295 -89 5 46 42 9 8 82 -110 -14 -13 18 -58 -147 33 -62 -5 -10 7 -12 -12 2 72 24 -2 -13 -13 -47 59 -67 45 27
-26 -8 1 -89 379 -22 36 -3 -8 68 -19 5 56 9 6 9 105 -51 -17 -28 -45 10 77 -17 14 -68 50 113 150 -77 84 -46 -42 -125 100
73 -42 -9 5 -22 314 0 77 -11 15 -125 -22 13 -79 -1 -76 -68 68 23 -6 74 -4 -42 22 -19 54 15 -49 -92 105 -48 -69 122 -1 3
44 -76 -11 46 36 0 382 8 -58 46 -6 2 -106 6 -63 -22 -46 -83 25 -30 -99 42 38 -110 -59 -64 -53 36 86 -50 -151 48 -10 -23 27
54 -63 46 42 -3 77 8 328 -31 106 -19 -155 56 85 28 -40 -6 -7 -33 43 70 -57 -69 19 -32 -36 -28 -30 86 -74 -2 -10 23 19 10
73 -32 22 9 -8 -11 -58 -31 313 25 56 -26 31 -40 -51 42 -16 82 -10 44 71 -31 -72 -22 0 2 79 -36 24 -56 67 46 68 110 53
33 -73 59 8 68 15 46 106 25 466 -42 -2 34 -47 34 27 -38 -25 -37 48 -10 -17 13 41 -67 -83 131 -135 174 -62 -57 -125 20 -16 105
-64 88 20 82 -19 -125 -6 -19 56 -42 451 -54 150 50 -87 122 83 45 -64 35 -43 19 -155 -43 97 4 17 13 54 -52 1 167 -34 -46 -63
55 59 -34 -110 5 -22 2 -155 -26 -2 -54 391 37 7 40 41 84 -77 116 -18 -9 70 42 64 51 10 80 15 36 76 -83 30 44 -43 26
10 38 3 -14 56 13 -106 56 31 34 150 37 326 -97 -41 -3 38 58 -5 71 32 -46 -68 2 38 -23 -33 -13 36 -61 52 57 96 -50 -16
-39 44 30 -13 9 -79 6 85 -40 -47 50 7 -97 384 93 37 102 -166 9 62 -17 107 -40 -48 86 -109 44 62 103 28 2 12 -38 0 -24
-28 -38 32 18 6 -1 -63 28 -51 34 -87 40 -41 93 352 37 -37 -209 24 14 -58 -54 57 6 -32 -25 77 38 142 6 56 -135 11 25 86
-10 -120 38 -58 9 -76 -22 -40 42 27 122 41 -3 37 37 393 93 -3 -40 -102 -17 85 -54 -37 -18 -79 35 -21 36 0 26 77 -1 -4 16
-25 81 -109 -147 105 -68 -46 -6 -16 -38 83 84 38 102 -37 93 392 -41 41 77 18 49 -71 -18 121 -15 -66 65 -24 -25 6 43 16 -130 -15
37 16 -35 33 -51 68 -83 -7 82 -25 45 -77 58 -166 -209 -3 -41 402 -60 -53 133 93 -83 91 -17 34 -56 -52 -140 37 30 83 35 34 -14
47 31 -20 -62 -17 23 25 -33 -10 -37 -64 116 -5 9 24 -40 41 -60 216 44 10 7 16 36 -38 42 -26 32 -13 20 -13 -4 92 -88 13
-15 112 -16 -5 -28 -6 -30 43 44 48 35 -18 71 62 14 -102 77 -53 44 264 23 -68 -65 -77 4 47 -4 -3 -1 -24 16 -61 20 38 45
112 50 43 -10 -45 74 -99 70 71 -10 -43 -9 32 -17 -58 -17 18 133 10 23 363 95 -31 -49 32 -15 27 -67 7 65 -24 71 74 113 29
15 -42 -12 7 10 -4 42 -57 -31 -17 19 70 -46 107 -54 85 49 93 7 -68 95 387 21 -141 92 -86 89 93 41 76 -36 23 7 -72 -1
-53 -25 -68 -12 77 -42 38 -69 -72 13 -155 42 -68 -40 57 -54 -71 -83 16 -65 -31 21 367 13 15 -44 -52 78 -15 5 61 -121 -104 -7 102
-20 29 -64 -12 -17 22 -110 19 -22 41 -43 64 2 -48 6 -37 -18 91 36 -77 -49 -141 13 395 -10 72 3 -109 -44 -31 63 28 12 -17 2
-9 46 -79 2 14 -19 -59 -32 0 -67 97 51 38 86 -32 -18 121 -17 -38 4 32 92 15 -10 298 -8 -27 65 -6 25 -89 101 7 -100 -29
-27 102 -66 72 -68 54 -64 -36 2 -83 4 10 -23 -109 -25 -79 -15 34 42 47 -15 -86 -44 72 -8 327 72 26 -98 9 -4 7 -10 19 67
-18 2 76 24 50 15 -53 -28 79 131 17 80 -33 44 77 35 -66 -56 -26 -4 27 89 -52 3 -27 72 400 28 130 -13 57 -69 13 27 81
-19 41 -38 -2 113 -49 36 -30 -36 -135 13 15 -13 62 38 -21 65 -52 32 -3 -67 93 78 -109 65 26 28 312 -31 19 85 5 1 -148 44
24 -100 69 -13 150 -92 86 86 24 174 54 36 36 103 142 36 -24 -140 -13 -1 7 41 -15 -44 -6 -98 130 -31 456 -106 -3 -4 -55 -4 111
25 42 1 -13 -77 105 -50 -74 -56 -62 -52 76 -61 28 6 0 -25 37 20 -24 65 76 5 -31 25 9 -13 19 -106 310 -14 8 6 -5 -78
-74 -17 -8 -47 84 -48 -151 -2 67 -57 1 -83 52 2 56 26 6 30 -13 16 -24 -36 61 63 -89 -4 57 85 -3 -14 378 -56 -19 -2 -39
60 24 -56 59 -46 -69 48 -10 46 -125 167 30 57 12 -135 77 43 83 -4 -61 71 23 -121 28 101 7 -69 5 -4 8 -56 349 9 -25 -67
83 -2 63 -67 -42 122 -10 23 68 20 -34 44 96 -38 11 -1 16 35 92 20 74 7 -104 12 7 -10 13 1 -55 6 -19 9 312 -15 -44
9 36 85 45 -125 -1 -23 19 110 -16 -46 -43 -50 0 25 -4 -130 34 -88 38 113 -72 -7 -17 -100 19 27 -148 -4 -5 -2 -25 -15 351 65
62 18 17 27 100 3 27 10 53 105 -63 26 -16 -24 86 16 -15 -14 13 45 29 -1 102 2 -29 67 81 44 111 -78 -39 -67 -44 65 356

Q_cnstr 
250 -17 26 25 -47 -71 4 -2 12 12 7 27 -25 -15 -7 20 -60 -48 -41 -14 -22 20 52 36 20 -49 -95 -20 0 7 51 -52 -36 40 35
-17 107 -13 8 6 1 30 -43 -12 15 -2 -12 9 8 6 16 -25 -45 -4 -22 -15 -10 22 14 -28 7 17 29 -9 1 -4 -10 4 -14 13
26 -13 220 18 13 -2 8 7 42 15 -35 -3 29 39 2 66 35 -16 -17 19 -27 -21 17 56 58 42 14 13 28 -9 28 -7 34 4 7
25 8 18 187 18 28 5 22 21 30 -7 12 6 10 -9 -16 8 -74 -11 41 36 14 21 43 33 18 -26 -21 45 11 -9 28 -2 -44 14
-47 6 13 18 104 9 26 36 12 5 14 -6 30 52 42 6 -6 27 13 2 26 -20 -35 21 3 9 10 19 -9 -7 1 2 -18 -40 -3
-71 1 -2 28 9 164 32 30 2 -8 -44 -17 -16 45 24 -8 2 -38 21 16 31 -22 -19 15 16 30 31 -3 2 2 13 44 5 11 -14
4 30 8 5 26 32 257 21 41 20 3 -43 -31 0 22 12 -31 39 41 0 9 -80 -53 18 27 60 -4 24 30 -12 48 16 13 38 13
-2 -43 7 22 36 30 21 196 1 0 -4 49 23 94 25 22 21 15 4 -18 24 9 -37 37 32 36 24 39 7 41 -8 30 -14 6 -24
12 -12 42 21 12 2 41 1 119 -7 -2 26 13 20 8 -2 -8 41 31 1 28 9 15 41 28 30 6 -2 -8 13 31 -12 -11 56 16
12 15 15 30 5 -8 20 0 -7 183 16 -11 -23 -35 -2 29 18 32 12 -23 -15 -7 -2 -29 6 -24 -42 -5 -40 8 -25 -25 15 -12 24
7 -2 -35 -7 14 -44 3 -4 -2 16 65 22 -3 -30 11 1 -28 40 -3 -15 7 -16 -16 -31 -22 -35 -20 -21 -18 -10 -10 -38 -26 -1 1
27 -12 -3 12 -6 -17 -43 49 26 -11 22 117 43 1 -8 -4 -14 -5 0 10 5 10 28 17 -20 47 -30 14 -5 13 -11 -30 -18 27 5
-25 9 29 6 30 -16 -31 23 13 -23 -3 43 98 23 28 8 9 -1 3 27 11 13 3 29 -7 42 39 33 -7 17 -2 -9 -19 11 -5
-15 8 39 10 52 45 0 94 20 -35 -30 1 23 138 44 19 0 -39 7 -17 27 15 -22 39 23 1 19 42 -18 11 19 26 -16 18 -11
-7 6 2 -9 42 24 22 25 8 -2 11 -8 28 44 104 17 -33 12 0 3 12 1 -22 -4 8 -28 26 11 -53 3 18 -14 -45 24 -9
20 16 66 -16 6 -8 12 22 -2 29 1 -4 8 19 17 106 -8 -2 -18 -25 -2 0 -27 40 -6 -31 42 9 -17 13 -20 -21 15 24 -25
-60 -25 35 8 -6 2 -31 21 -8 18 -28 -14 9 0 -33 -8 160 65 9 22 11 40 0 14 46 5 37 -1 6 35 32 49 65 5 4
-48 -45 -16 -74 27 -38 39 15 41 32 40 -5 -1 -39 12 -2 65 352 -19 33 38 -4 -87 5 32 -6 27 -67 -19 37 22 10 39 -26 -44
-41 -4 -17 -11 13 21 41 4 31 12 -3 0 3 7 0 -18 9 -19 117 2 -2 -13 5 -32 -22 11 42 39 -4 -16 12 14 -19 50 14
-14 -22 19 41 2 16 0 -18 1 -23 -15 10 27 -17 3 -25 22 33 2 128 7 14 4 27 1 46 13 5 31 -9 14 50 9 -10 -25
-22 -15 -27 36 26 31 9 24 28 -15 7 5 11 27 12 -2 11 38 -2 7 98 -5 -14 20 9 -10 -4 -41 -11 11 29 14 -21 22 -12
20 -10 -21 14 -20 -22 -80 9 9 -7 -16 10 13 15 1 0 40 -4 -13 14 -5 114 17 19 -2 -10 16 23 -14 36 -1 12 22 18 -10
52 22 17 21 -35 -19 -53 -37 15 -2 -16 28 3 -22 -22 -27 0 -87 5 4 -14 17 174 -23 -14 47 -3 0 26 -3 45 7 -37 25 67
36 14 56 43 21 15 18 37 41 -29 -31 17 29 39 -4 40 14 5 -32 27 20 19 -23 152 47 18 5 8 44 40 -4 11 30 -3 -19
20 -28 58 33 3 16 27 32 28 6 -22 -20 -7 23 8 -6 46 32 -22 1 9 -2 -14 47 105 -4 -9 -26 40 14 7 9 29 -2 12
-49 7 42 18 9 30 60 36 30 -24 -35 47 42 1 -28 -31 5 -6 11 46 -10 -10 47 18 -4 230 21 74 49 19 16 55 29 -7 27
-95 17 14 -26 10 31 -4 24 6 -42 -20 -30 39 19 26 42 37 27 42 13 -4 16 -3 5 -9 21 241 29 4 43 -5 11 -19 24 -33
-20 29 13 -21 19 -3 24 39 -2 -5 -21 14 33 42 11 9 -1 -67 39 5 -41 23 0 8 -26 74 29 118 -7 2 -4 14 22 19 5
0 -9 28 45 -9 2 30 7 -8 -40 -18 -5 -7 -18 -53 -17 6 -19 -4 31 -11 -14 26 44 40 49 4 -7 156 -12 -19 18 33 -33 8
7 1 -9 11 -7 2 -12 41 13 8 -10 13 17 11 3 13 35 37 -16 -9 11 36 -3 40 14 19 43 2 -12 89 7 3 -5 28 -4
51 -4 28 -9 1 13 48 -8 31 -25 -10 -11 -2 19 18 -20 32 22 12 14 29 -1 45 -4 7 16 -5 -4 -19 7 134 15 -25 53 38
-52 -10 -7 28 2 44 16 30 -12 -25 -38 -30 -9 26 -14 -21 49 10 14 50 14 12 7 11 9 55 11 14 18 3 15 114 22 -15 -12
-36 4 34 -2 -18 5 13 -14 -11 15 -26 -18 -19 -16 -45 15 65 39 -19 9 -21 22 -37 30 29 29 -19 22 33 -5 -25 22 133 -29 -22
40 -14 4 -44 -40 11 38 6 56 -12 -1 27 11 18 24 24 5 -26 50 -10 22 18 25 -3 -2 -7 24 19 -33 28 53 -15 -29 167 16
35 13 7 14 -3 -14 13 -24 16 24 1 5 -5 -11 -9 -25 4 -44 14 -25 -12 -10 67 -19 12 27 -33 5 8 -4 38 -12 -22 16 72

