Q_obj 
441 28 37 -51 37 -17 40 -32 42 -50 -4 69 -54 -46 -37 123 -57 -29 -16 -128 12 -112 -54 17 -101 -35 -14 -34 -17 -12 -25 -15 -76 57 62 27 20 85 166 70
28 452 90 104 11 9 11 3 40 -82 0 40 9 23 140 4 -63 36 -43 75 112 -51 95 -58 23 6 -52 59 -22 14 -131 -154 -2 -17 9 4 -30 -167 -98 34
37 90 373 26 22 -33 44 -65 -68 -12 -12 -48 139 -52 -24 15 -10 19 -19 -2 68 -21 48 58 18 15 6 53 -29 52 58 -137 -53 66 64 -17 75 28 -80 5
-51 104 26 453 -29 -20 30 75 57 -82 54 29 70 -116 64 2 -43 60 -111 33 -33 -12 -18 -22 79 93 180 -45 14 143 -13 -115 -15 80 -16 14 17 -23 -125 47
37 11 22 -29 401 -12 23 -110 90 -62 7 127 62 -141 3 11 -79 -7 69 -10 91 -13 3 -19 -3 -101 30 -15 45 -3 64 -29 67 -37 -96 58 104 40 -64 31
-17 9 -33 -20 -12 416 -34 114 43 -51 -65 -16 -73 -51 22 37 65 15 -11 11 -34 -31 -137 -20 64 -17 -111 144 -29 81 151 -45 0 -97 -101 17 118 9 -4 26
40 11 44 30 23 -34 282 0 -4 37 16 3 34 -59 0 -111 0 26 -57 -27 6 11 50 -35 75 22 58 -8 140 -53 57 -66 43 75 46 4 131 45 -16 -3
-32 3 -65 75 -110 114 0 298 67 36 -96 -53 -167 0 -40 5 86 -73 -125 13 17 -28 14 12 31 42 -32 -15 19 62 -1 31 -6 -68 -2 22 40 32 -41 -64
42 40 -68 57 90 43 -4 67 421 -106 -72 38 -61 -15 -86 7 -75 -25 -46 10 -44 8 -53 -37 98 5 -9 -51 61 119 -16 -56 132 -117 -6 -36 8 70 17 6
-50 -82 -12 -82 -62 -51 37 36 -106 509 37 11 37 -16 -3 -70 -59 -40 -15 -23 15 52 102 118 5 52 0 139 10 -128 -21 111 49 -80 50 13 -72 -72 -63 -3
-4 0 -12 54 7 -65 16 -96 -72 37 313 4 59 -10 121 3 -90 28 82 -32 -6 -36 73 -14 0 83 19 101 71 -51 -62 23 -3 15 74 -43 -65 -7 -22 71
69 40 -48 29 127 -16 3 -53 38 11 4 411 4 -88 -31 -18 -186 23 -78 -24 -35 -21 -21 55 -28 54 76 1 -20 52 -41 -15 62 116 114 71 63 14 -22 71
-54 9 139 70 62 -73 34 -167 -61 37 59 4 391 27 -18 -46 -111 144 71 74 10 61 -93 18 17 -45 47 26 0 -50 36 -60 1 66 2 15 27 -29 -77 -9
-46 23 -52 -116 -141 -51 -59 0 -15 -16 -10 -88 27 422 94 21 -12 20 8 73 -39 -10 44 29 -1 17 12 76 -23 -9 -81 53 -26 -15 50 -54 -144 -18 62 -29
-37 140 -24 64 3 22 0 -40 -86 -3 121 -31 -18 94 412 -19 -17 -10 27 39 -10 -24 99 -43 -28 80 28 111 -27 2 48 11 50 -32 -42 -50 -127 -82 -68 25
123 4 15 2 11 37 -111 5 7 -70 3 -18 -46 21 -19 417 -3 44 -74 -30 14 -35 -59 15 -101 -20 4 50 27 54 -63 -1 -97 36 -7 11 -28 59 36 15
-57 -63 -10 -43 -79 65 0 86 -75 -59 -90 -186 -111 -12 -17 -3 335 -37 80 21 -31 -2 54 -43 51 -92 13 -66 -21 23 91 0 -73 -71 19 -36 -37 29 7 -53
-29 36 19 60 -7 15 26 -73 -25 -40 28 23 144 20 -10 44 -37 384 -2 26 -126 133 -45 -2 5 -86 12 -8 62 -62 0 -102 -14 9 58 109 0 -66 19 6
-16 -43 -19 -111 69 -11 -57 -125 -46 -15 82 -78 71 8 27 -74 80 -2 461 39 -3 55 11 -89 74 -133 -41 11 -47 -134 66 49 -37 -61 -35 -21 -81 -27 -16 -17
-128 75 -2 33 -10 11 -27 13 10 -23 -32 -24 74 73 39 -30 21 26 39 341 67 -18 129 -13 -5 30 77 -61 -77 -22 -45 -36 -76 51 -63 62 -37 -79 -158 -42
12 112 68 -33 91 -34 6 17 -44 15 -6 -35 10 -39 -10 14 -31 -126 -3 67 385 -96 63 -56 4 -48 -1 -22 -11 30 13 109 -104 -2 -96 -15 94 -17 -68 -5
-112 -51 -21 -12 -13 -31 11 -28 8 52 -36 -21 61 -10 -24 -35 -2 133 55 -18 -96 407 -59 25 54 -46 56 -42 13 -69 52 -14 207 -4 -72 -46 21 -62 -34 30
-54 95 48 -18 3 -137 50 14 -53 102 73 -21 -93 44 99 -59 54 -45 11 129 63 -59 461 46 -47 96 44 -63 60 -52 -68 -10 12 12 109 -5 -76 -55 -130 58
17 -58 58 -22 -19 -20 -35 12 -37 118 -14 55 18 29 -43 15 -43 -2 -89 -13 -56 25 46 332 -68 44 66 56 60 13 -133 -41 31 5 96 -8 65 27 -29 -21
-101 23 18 79 -3 64 75 31 98 5 0 -28 17 -1 -28 -101 51 5 74 -5 4 54 -47 -68 373 -23 81 68 58 70 92 -8 44 -38 -11 -110 86 62 -144 22
-35 6 15 93 -101 -17 22 42 5 52 83 54 -45 17 80 -20 -92 -86 -133 30 -48 -46 96 44 -23 336 70 45 -12 60 -74 41 34 83 11 4 24 42 -87 94
-14 -52 6 180 30 -111 58 -32 -9 0 19 76 47 12 28 4 13 12 -41 77 -1 56 44 66 81 70 434 -57 32 90 3 -42 36 50 -21 -23 2 32 -114 1
-34 59 53 -45 -15 144 -8 -15 -51 139 101 1 26 76 111 50 -66 -8 11 -61 -22 -42 -63 56 68 45 -57 352 11 9 -11 -32 -20 -77 48 -87 -36 12 38 38
-17 -22 -29 14 45 -29 140 19 61 10 71 -20 0 -23 -27 27 -21 62 -47 -77 -11 13 60 60 58 -12 32 11 457 -43 -20 -12 86 -66 146 60 79 32 -132 -13
-12 14 52 143 -3 81 -53 62 119 -128 -51 52 -50 -9 2 54 23 -62 -134 -22 30 -69 -52 13 70 60 90 9 -43 446 140 -87 -26 -19 -35 -120 2 102 54 41
-25 -131 58 -13 64 151 57 -1 -16 -21 -62 -41 36 -81 48 -63 91 0 66 -45 13 52 -68 -133 92 -74 3 -11 -20 140 428 11 19 24 -69 -40 44 64 -22 -44
-15 -154 -137 -115 -29 -45 -66 31 -56 111 23 -15 -60 53 11 -1 0 -102 49 -36 109 -14 -10 -41 -8 41 -42 -32 -12 -87 11 388 62 16 1 -6 -26 56 2 56
-76 -2 -53 -15 67 0 43 -6 132 49 -3 62 1 -26 50 -97 -73 -14 -37 -76 -104 207 12 31 44 34 36 -20 86 -26 19 62 413 -58 -43 -97 35 -12 -33 70
57 -17 66 80 -37 -97 75 -68 -117 -80 15 116 66 -15 -32 36 -71 9 -61 51 -2 -4 12 5 -38 83 50 -77 -66 -19 24 16 -58 426 35 -8 100 49 -25 68
62 9 64 -16 -96 -101 46 -2 -6 50 74 114 2 50 -42 -7 19 58 -35 -63 -96 -72 109 96 -11 11 -21 48 146 -35 -69 1 -43 35 449 23 -118 79 -26 -2
27 4 -17 14 58 17 4 22 -36 13 -43 71 15 -54 -50 11 -36 109 -21 62 -15 -46 -5 -8 -110 4 -23 -87 60 -120 -40 -6 -97 -8 23 361 17 -86 -62 -54
20 -30 75 17 104 118 131 40 8 -72 -65 63 27 -144 -127 -28 -37 0 -81 -37 94 21 -76 65 86 24 2 -36 79 2 44 -26 35 100 -118 17 397 72 -48 6
85 -167 28 -23 40 9 45 32 70 -72 -7 14 -29 -18 -82 59 29 -66 -27 -79 -17 -62 -55 27 62 42 32 12 32 102 64 56 -12 49 79 -86 72 286 33 43
166 -98 -80 -125 -64 -4 -16 -41 17 -63 -22 -22 -77 62 -68 36 7 19 -16 -158 -68 -34 -130 -29 -144 -87 -114 38 -132 54 -22 2 -33 -25 -26 -62 -48 33 499 21
70 34 5 47 31 26 -3 -64 6 -3 71 71 -9 -29 25 15 -53 6 -17 -42 -5 30 58 -21 22 94 1 38 -13 41 -44 56 70 68 -2 -54 6 43 21 294

Q_cnstr 
46 6 -14 -10 32 -9 6 14 3 17 9 -13 -9 16 -2 -10 18 8 9 -18 -13 15 -2 -3 -6 19 8 -11 26 -22 12 -1 15 -8 -10 -19 -7 -2 15 6
6 150 23 34 -38 -30 -13 -31 -10 -23 11 51 37 40 -11 19 3 9 -7 -19 -27 18 -32 -14 -14 3 26 8 1 -7 1 -43 3 -25 -9 -4 28 0 -18 -21
-14 23 64 43 -1 -9 0 -13 13 -10 14 6 18 36 -10 -10 -12 13 -27 -9 -5 -19 10 18 17 -4 -26 17 -9 19 5 -21 -14 -6 8 8 13 -10 -16 0
-10 34 43 172 -74 -11 32 9 10 -29 -19 14 36 50 -38 9 16 7 -52 -7 -6 5 -20 0 -5 -8 -2 11 -5 -22 -18 -18 26 13 -17 -18 45 -29 -2 -5
32 -38 -1 -74 214 18 21 -10 23 34 -1 -23 1 16 31 -29 -2 19 -9 14 12 -9 46 6 26 1 -16 39 25 23 23 11 18 -7 0 24 -40 9 -8 20
-9 -30 -9 -11 18 102 -12 -30 -28 9 -20 -21 -26 -9 7 11 32 22 3 8 23 -15 -1 16 -2 -11 -6 -13 -8 -10 15 21 -28 3 -19 -29 -24 7 -14 -9
6 -13 0 32 21 -12 110 4 12 -1 7 -8 26 -19 -7 8 -34 3 33 10 5 9 16 4 -7 13 14 32 -2 11 11 24 10 -7 3 -4 15 7 -5 -5
14 -31 -13 9 -10 -30 4 100 -5 -15 -7 -17 5 5 -2 -13 32 -11 6 -10 5 8 10 18 13 11 -4 -19 19 -23 -12 -23 19 7 17 -14 -13 2 23 1
3 -10 13 10 23 -28 12 -5 84 5 25 -19 -8 -3 -41 -24 -26 -12 -27 10 -11 -6 -2 -7 18 6 -26 14 15 7 6 -19 11 -20 2 -8 7 -22 -9 27
17 -23 -10 -29 34 9 -1 -15 5 143 -16 -20 -36 -16 -4 -52 -21 -26 19 -7 -23 -4 -14 35 0 -8 4 23 -2 11 5 -1 5 -20 -22 -13 4 -18 -3 3
9 11 14 -19 -1 -20 7 -7 25 -16 106 -8 -16 1 -4 9 -21 33 26 -18 -13 13 8 -19 10 14 -30 3 -18 25 1 3 -14 16 -2 2 5 -5 -8 12
-13 51 6 14 -23 -21 -8 -17 -19 -20 -8 170 53 -2 -2 45 36 8 25 -15 24 6 1 -9 5 1 -10 -2 9 -4 5 -15 -11 1 0 2 51 16 -11 -6
-9 37 18 36 1 -26 26 5 -8 -36 -16 53 129 7 4 19 23 18 -19 -8 20 7 32 -16 19 -6 17 19 0 -2 0 7 5 10 11 23 34 23 -23 3
16 40 36 50 16 -9 -19 5 -3 -16 1 -2 7 147 -14 -2 10 24 -86 27 -16 -5 12 21 -13 2 -22 17 13 16 -2 -26 -10 10 24 -2 -1 -10 8 13
-2 -11 -10 -38 31 7 -7 -2 -41 -4 -4 -2 4 -14 118 -21 -1 -3 14 -11 -12 14 11 -44 10 -10 12 28 -11 17 -12 34 28 13 0 17 -13 21 6 -18
-10 19 -10 9 -29 11 8 -13 -24 -52 9 45 19 -2 -21 132 17 25 17 8 33 11 -2 -15 -4 -5 3 -23 1 -33 -25 -2 -31 7 19 13 21 34 28 10
18 3 -12 16 -2 32 -34 32 -26 -21 -21 36 23 10 -1 17 151 28 -25 -41 52 1 -12 -25 7 1 8 -46 20 -60 4 -27 8 30 -40 -4 10 14 -14 2
8 9 13 7 19 22 3 -11 -12 -26 33 8 18 24 -3 25 28 86 -19 -26 -4 0 20 21 -7 13 -13 -7 -17 -19 15 4 -18 14 1 -4 0 -1 0 15
9 -7 -27 -52 -9 3 33 6 -27 19 26 25 -19 -86 14 17 -25 -19 173 -1 39 18 -14 4 10 17 -18 19 8 7 1 8 -16 -3 -13 4 6 22 -27 -24
-18 -19 -9 -7 14 8 10 -10 10 -7 -18 -15 -8 27 -11 8 -41 -26 -1 120 27 -1 0 20 -10 -11 -12 50 7 11 4 14 -35 13 5 9 -15 9 -22 -1
-13 -27 -5 -6 12 23 5 5 -11 -23 -13 24 20 -16 -12 33 52 -4 39 27 151 -15 -2 -30 10 -11 -13 3 10 -8 25 -15 -20 11 -12 45 7 50 -2 -10
15 18 -19 5 -9 -15 9 8 -6 -4 13 6 7 -5 14 11 1 0 18 -1 -15 70 -25 -13 -21 -6 12 -8 21 -8 -29 2 28 6 7 -22 -9 -10 13 -13
-2 -32 10 -20 46 -1 16 10 -2 -14 8 1 32 12 11 -2 -12 20 -14 0 -2 -25 100 10 18 7 -5 -6 -7 25 12 16 1 -5 47 11 -20 0 6 9
-3 -14 18 0 6 16 4 18 -7 35 -19 -9 -16 21 -44 -15 -25 21 4 20 -30 -13 10 150 -9 13 -17 -2 -18 13 12 -12 -27 -16 32 -29 -15 -15 7 25
-6 -14 17 -5 26 -2 -7 13 18 0 10 5 19 -13 10 -4 7 -7 10 -10 10 -21 18 -9 58 5 -23 15 4 10 3 -10 -4 0 -12 15 14 7 -10 11
19 3 -4 -8 1 -11 13 11 6 -8 14 1 -6 2 -10 -5 1 13 17 -11 -11 -6 7 13 5 95 -34 5 16 -24 4 29 15 -15 -23 0 2 15 -9 26
8 26 -26 -2 -16 -6 14 -4 -26 4 -30 -10 17 -22 12 3 8 -13 -18 -12 -13 12 -5 -17 -23 -34 110 -40 -23 -18 16 11 7 -20 12 9 2 3 34 -15
-11 8 17 11 39 -13 32 -19 14 23 3 -2 19 17 28 -23 -46 -7 19 50 3 -8 -6 -2 15 5 -40 109 8 27 1 4 12 15 -22 27 20 2 -44 -4
26 1 -9 -5 25 -8 -2 19 15 -2 -18 9 0 13 -11 1 20 -17 8 7 10 21 -7 -18 4 16 -23 8 75 -16 -5 -24 29 3 -9 -23 -5 -6 2 -4
-22 -7 19 -22 23 -10 11 -23 7 11 25 -4 -2 16 17 -33 -60 -19 7 11 -8 -8 25 13 10 -24 -18 27 -16 147 -3 -17 4 -11 41 6 11 -17 7 -16
12 1 5 -18 23 15 11 -12 6 5 1 5 0 -2 -12 -25 4 15 1 4 25 -29 12 12 3 4 16 1 -5 -3 75 2 -29 -20 -9 -11 -1 6 5 -8
-1 -43 -21 -18 11 21 24 -23 -19 -1 3 -15 7 -26 34 -2 -27 4 8 14 -15 2 16 -12 -10 29 11 4 -24 -17 2 110 6 17 -27 1 -9 20 5 25
15 3 -14 26 18 -28 10 19 11 5 -14 -11 5 -10 28 -31 8 -18 -16 -35 -20 28 1 -27 -4 15 7 12 29 4 -29 6 161 -12 -19 9 0 -17 22 1
-8 -25 -6 13 -7 3 -7 7 -20 -20 16 1 10 10 13 7 30 14 -3 13 11 6 -5 -16 0 -15 -20 15 3 -11 -20 17 -12 97 -38 12 16 7 -28 6
-10 -9 8 -17 0 -19 3 17 2 -22 -2 0 11 24 0 19 -40 1 -13 5 -12 7 47 32 -12 -23 12 -22 -9 41 -9 -27 -19 -38 117 -2 -25 7 20 0
-19 -4 8 -18 24 -29 -4 -14 -8 -13 2 2 23 -2 17 13 -4 -4 4 9 45 -22 11 -29 15 0 9 27 -23 6 -11 1 9 12 -2 111 9 24 -25 3
-7 28 13 45 -40 -24 15 -13 7 4 5 51 34 -1 -13 21 10 0 6 -15 7 -9 -20 -15 14 2 2 20 -5 11 -1 -9 0 16 -25 9 93 -3 -22 -3
-2 0 -10 -29 9 7 7 2 -22 -18 -5 16 23 -10 21 34 14 -1 22 9 50 -10 0 -15 7 15 3 2 -6 -17 6 20 -17 7 7 24 -3 83 -3 13
15 -18 -16 -2 -8 -14 -5 23 -9 -3 -8 -11 -23 8 6 28 -14 0 -27 -22 -2 13 6 7 -10 -9 34 -44 2 7 5 5 22 -28 20 -25 -22 -3 139 17
6 -21 0 -5 20 -9 -5 1 27 3 12 -6 3 13 -18 10 2 15 -24 -1 -10 -13 9 25 11 26 -15 -4 -4 -16 -8 25 1 6 0 3 -3 13 17 69

