Q_obj 
698 26 30 -58 201 288 109 216 132 -1 70 102 -184 -212 -69 -220 29 178 97 62 -117 -22 172 68 238
26 444 -18 43 83 -14 37 49 -126 106 214 -55 35 -40 -135 -57 62 -71 -125 -69 -5 215 52 -3 156
30 -18 430 116 -3 61 130 101 139 -62 -22 84 -130 -37 117 -28 133 105 118 50 53 41 -122 -70 -60
-58 43 116 557 -94 88 13 -83 87 -16 64 -72 5 225 40 141 -178 9 78 118 -68 0 -57 -6 -129
201 83 -3 -94 382 133 68 356 -85 -123 25 195 43 89 52 38 213 93 -57 106 17 -16 -20 6 89
288 -14 61 88 133 620 -23 130 183 227 21 195 -200 18 173 -90 -99 -84 259 157 -15 91 168 23 -44
109 37 130 13 68 -23 475 257 68 4 76 -8 19 48 -71 -122 94 210 28 -57 92 -94 4 -6 224
216 49 101 -83 356 130 257 852 143 -24 33 297 55 191 -24 -30 174 265 0 13 181 -28 5 130 217
132 -126 139 87 -85 183 68 143 584 124 -116 44 -226 8 96 -104 -74 70 147 -154 231 52 163 -7 -150
-1 106 -62 -16 -123 227 4 -24 124 777 210 159 -175 209 102 -447 -193 78 71 -32 203 -19 87 11 113
70 214 -22 64 25 21 76 33 -116 210 646 37 5 124 -225 -125 1 17 -81 239 -188 -10 58 201 59
102 -55 84 -72 195 195 -8 297 44 159 37 645 56 259 0 -112 11 50 30 171 3 -251 -130 21 -32
-184 35 -130 5 43 -200 19 55 -226 -175 5 56 684 253 -14 44 -31 -168 -85 50 -207 -257 -96 -73 186
-212 -40 -37 225 89 18 48 191 8 209 124 259 253 770 147 28 -94 148 -151 252 67 -399 -286 112 -76
-69 -135 117 40 52 173 -71 -24 96 102 -225 0 -14 147 716 -7 -69 -183 18 -53 210 78 -13 -19 -105
-220 -57 -28 141 38 -90 -122 -30 -104 -447 -125 -112 44 28 -7 673 102 -145 -20 80 -188 86 -187 21 -254
29 62 133 -178 213 -99 94 174 -74 -193 1 11 -31 -94 -69 102 579 115 122 145 30 42 -104 -137 2
178 -71 105 9 93 -84 210 265 70 78 17 50 -168 148 -183 -145 115 601 -7 11 144 -219 -178 -41 128
97 -125 118 78 -57 259 28 0 147 71 -81 30 -85 -151 18 -20 122 -7 454 86 -15 -9 59 -219 -14
62 -69 50 118 106 157 -57 13 -154 -32 239 171 50 252 -53 80 145 11 86 586 -277 -168 -161 25 -134
-117 -5 53 -68 17 -15 92 181 231 203 -188 3 -207 67 210 -188 30 144 -15 -277 588 3 115 34 -41
-22 215 41 0 -16 91 -94 -28 52 -19 -10 -251 -257 -399 78 86 42 -219 -9 -168 3 725 215 -36 -143
172 52 -122 -57 -20 168 4 5 163 87 58 -130 -96 -286 -13 -187 -104 -178 59 -161 115 215 551 173 129
68 -3 -70 -6 6 23 -6 130 -7 11 201 21 -73 112 -19 21 -137 -41 -219 25 34 -36 173 596 26
238 156 -60 -129 89 -44 224 217 -150 113 59 -32 186 -76 -105 -254 2 128 -14 -134 -41 -143 129 26 683

Q_cnstr 
26 11 4 11 5 -5 -9 3 7 3 -2 6 17 3 3 -1 4 12 -2 0 9 4 0 14 -15
11 51 -7 7 5 3 -2 18 1 -3 1 -1 -14 5 5 -11 4 -11 -12 -19 16 14 2 -2 -5
4 -7 88 4 25 7 15 27 -1 0 -3 -15 10 1 8 4 17 -19 23 -5 -18 -11 -3 8 4
11 7 4 60 16 -11 4 -12 10 -6 22 5 27 15 17 3 3 4 3 13 12 9 -1 6 2
5 5 25 16 54 -3 17 8 8 -5 10 -14 30 -15 -11 16 2 -6 4 -4 -5 -25 14 0 12
-5 3 7 -11 -3 88 -16 17 14 14 -8 10 -28 25 1 3 6 13 -2 -22 -3 -5 0 5 5
-9 -2 15 4 17 -16 58 -9 -9 0 11 -14 -2 -1 -10 -6 -3 -29 14 11 -9 -19 -9 -10 5
3 18 27 -12 8 17 -9 71 5 2 -20 6 -8 1 3 17 -4 -11 8 -22 6 -8 12 -5 -6
7 1 -1 10 8 14 -9 5 65 -1 -1 -2 27 25 3 3 -3 22 5 1 -4 -2 12 6 6
3 -3 0 -6 -5 14 0 2 -1 45 2 21 7 6 -11 -17 2 1 -12 -23 6 4 -9 3 -10
-2 1 -3 22 10 -8 11 -20 -1 2 32 1 5 10 -4 -6 -6 -3 -2 8 9 -15 -8 -6 1
6 -1 -15 5 -14 10 -14 6 -2 21 1 39 3 5 2 4 2 12 -5 -17 10 8 2 5 -9
17 -14 10 27 30 -28 -2 -8 27 7 5 3 88 3 5 15 -7 25 -7 2 0 18 22 26 4
3 5 1 15 -15 25 -1 1 25 6 10 5 3 68 14 -5 -9 10 -7 6 7 14 -31 5 -8
3 5 8 17 -11 1 -10 3 3 -11 -4 2 5 14 38 9 6 8 -1 6 11 19 -6 -3 -1
-1 -11 4 3 16 3 -6 17 3 -17 -6 4 15 -5 9 53 3 12 13 2 -8 -6 12 5 -2
4 4 17 3 2 6 -3 -4 -3 2 -6 2 -7 -9 6 3 61 -3 -7 -8 -7 1 2 21 -7
12 -11 -19 4 -6 13 -29 -11 22 1 -3 12 25 10 8 12 -3 58 -8 -2 -5 13 3 10 3
-2 -12 23 3 4 -2 14 8 5 -12 -2 -5 -7 -7 -1 13 -7 -8 43 11 -8 -1 1 -5 -7
0 -19 -5 13 -4 -22 11 -22 1 -23 8 -17 2 6 6 2 -8 -2 11 62 13 -8 -5 -7 -4
9 16 -18 12 -5 -3 -9 6 -4 6 9 10 0 7 11 -8 -7 -5 -8 13 49 12 -3 -11 -11
4 14 -11 9 -25 -5 -19 -8 -2 4 -15 8 18 14 19 -6 1 13 -1 -8 12 92 2 16 -10
0 2 -3 -1 14 0 -9 12 12 -9 -8 2 22 -31 -6 12 2 3 1 -5 -3 2 60 17 7
14 -2 8 6 0 5 -10 -5 6 3 -6 5 26 5 -3 5 21 10 -5 -7 -11 16 17 41 -10
-15 -5 4 2 12 5 5 -6 6 -10 1 -9 4 -8 -1 -2 -7 3 -7 -4 -11 -10 7 -10 44

