Q_obj 
1414 -443 69 -616 -214 -476 172 -40 209 -339 -175 109 -291 87
-443 820 365 314 229 21 129 -171 -50 162 267 47 267 -56
69 365 1020 375 293 -94 306 227 -64 -63 -17 121 -179 319
-616 314 375 1274 494 153 276 48 -374 -49 91 254 37 -212
-214 229 293 494 1089 478 -1 -185 -95 15 334 595 -13 48
-476 21 -94 153 478 824 -387 -62 315 107 185 102 68 378
172 129 306 276 -1 -387 883 -45 0 -291 -70 -223 -278 -159
-40 -171 227 48 -185 -62 -45 797 0 -295 -509 44 -169 181
209 -50 -64 -374 -95 315 0 0 1145 -169 8 -39 -97 106
-339 162 -63 -49 15 107 -291 -295 -169 652 556 0 321 -67
-175 267 -17 91 334 185 -70 -509 8 556 1211 300 38 8
109 47 121 254 595 102 -223 44 -39 0 300 852 198 -177
-291 267 -179 37 -13 68 -278 -169 -97 321 38 198 792 -278
87 -56 319 -212 48 378 -159 181 106 -67 8 -177 -278 789

Q_cnstr 
87 -20 -28 4 -15 11 -20 11 -46 -5 37 -12 -12 22
-20 71 0 6 -6 7 31 7 9 -6 23 7 8 19
-28 0 61 8 17 17 -2 9 24 -9 -33 18 32 5
4 6 8 8 -7 7 -10 3 4 2 0 5 4 5
-15 -6 17 -7 35 9 22 4 8 -7 4 0 11 4
11 7 17 7 9 80 -37 27 27 -24 -30 25 43 20
-20 31 -2 -10 22 -37 104 9 -15 -11 19 -18 -9 -4
11 7 9 3 4 27 9 51 8 -48 -12 -6 10 -2
-46 9 24 4 8 27 -15 8 53 -7 -40 25 19 -19
-5 -6 -9 2 -7 -24 -11 -48 -7 58 8 5 -12 4
37 23 -33 0 4 -30 19 -12 -40 8 124 -24 -31 34
-12 7 18 5 0 25 -18 -6 25 5 -24 39 14 9
-12 8 32 4 11 43 -9 10 19 -12 -31 14 42 10
22 19 5 5 4 20 -4 -2 -19 4 34 9 10 46

