Q_obj 
124 -8 11 36 17 -33 -11 6 5 -33 24 -43 -46 23 54
-8 115 -5 26 5 -21 5 32 7 17 -39 20 44 40 -55
11 -5 152 63 -4 33 -24 -9 -30 8 -22 -78 14 -88 23
36 26 63 91 -5 -21 -10 -2 13 -21 -34 -59 -3 -39 30
17 5 -4 -5 165 80 26 65 -15 -11 52 -49 -5 13 -11
-33 -21 33 -21 80 146 31 50 2 10 14 -44 -24 -55 4
-11 5 -24 -10 26 31 136 34 11 43 6 -6 4 16 12
6 32 -9 -2 65 50 34 159 -57 23 -12 2 24 59 28
5 7 -30 13 -15 2 11 -57 129 -32 -49 6 -40 -10 -23
-33 17 8 -21 -11 10 43 23 -32 221 -33 -32 89 -14 35
24 -39 -22 -34 52 14 6 -12 -49 -33 148 14 -72 34 -14
-43 20 -78 -59 -49 -44 -6 2 6 -32 14 147 44 69 -27
-46 44 14 -3 -5 -24 4 24 -40 89 -72 44 177 -19 34
23 40 -88 -39 13 -55 16 59 -10 -14 34 69 -19 148 -40
54 -55 23 30 -11 4 12 28 -23 35 -14 -27 34 -40 136

Q_cnstr 
138 23 14 60 20 -3 44 59 24 90 9 37 -12 60 -7
23 83 -12 10 17 -2 28 -20 20 27 -20 40 29 43 28
14 -12 24 4 -1 24 0 19 10 0 29 7 -13 11 -4
60 10 4 50 11 11 20 26 22 45 3 42 18 18 9
20 17 -1 11 43 6 33 13 26 -2 12 6 5 20 19
-3 -2 24 11 6 89 0 -7 37 15 42 33 12 7 11
44 28 0 20 33 0 49 15 3 26 -10 25 5 28 11
59 -20 19 26 13 -7 15 87 19 16 17 -27 5 47 15
24 20 10 22 26 37 3 19 92 19 38 12 45 31 37
90 27 0 45 -2 15 26 16 19 114 -20 59 3 23 -14
9 -20 29 3 12 42 -10 17 38 -20 97 10 1 -2 10
37 40 7 42 6 33 25 -27 12 59 10 113 19 -9 10
-12 29 -13 18 5 12 5 5 45 3 1 19 126 21 71
60 43 11 18 20 7 28 47 31 23 -2 -9 21 113 12
-7 28 -4 9 19 11 11 15 37 -14 10 10 71 12 73

