Q_obj 
257 -4 82 62 -59 -76 -58 12 -21 -6 -40 32 -71 -44 -42 75 92 19 2 -17
-4 146 -44 -12 -18 18 -36 -11 31 59 10 0 -18 7 -11 -37 43 9 16 -72
82 -44 158 5 -48 57 -50 -20 -67 7 60 -10 -20 22 -5 28 23 25 -32 0
62 -12 5 199 61 3 26 66 28 -29 13 -4 -70 -36 36 46 -21 -58 -53 -48
-59 -18 -48 61 210 -27 2 8 33 -19 3 -87 15 -46 24 12 -39 -32 -44 -12
-76 18 57 3 -27 256 39 -36 -22 -1 76 16 8 -5 58 -49 -63 36 -50 -8
-58 -36 -50 26 2 39 220 48 27 -64 38 46 1 60 54 -68 -111 -23 -58 -5
12 -11 -20 66 8 -36 48 185 32 -43 -4 -30 31 -82 50 18 51 -122 37 -34
-21 31 -67 28 33 -22 27 32 196 -22 -61 -11 0 -19 14 -6 11 0 52 -11
-6 59 7 -29 -19 -1 -64 -43 -22 196 61 4 72 39 -99 -33 0 -5 -40 -16
-40 10 60 13 3 76 38 -4 -61 61 231 38 17 88 -83 33 -24 -30 -137 -73
32 0 -10 -4 -87 16 46 -30 -11 4 38 217 -46 -4 -9 2 11 21 -16 -25
-71 -18 -20 -70 15 8 1 31 0 72 17 -46 203 12 -8 13 40 -105 35 52
-44 7 22 -36 -46 -5 60 -82 -19 39 88 -4 12 229 -24 -6 -72 1 -80 -34
-42 -11 -5 36 24 58 54 50 14 -99 -83 -9 -8 -24 236 -39 43 -23 78 -4
75 -37 28 46 12 -49 -68 18 -6 -33 33 2 13 -6 -39 219 108 -84 -2 -65
92 43 23 -21 -39 -63 -111 51 11 0 -24 11 40 -72 43 108 239 -51 117 -45
19 9 25 -58 -32 36 -23 -122 0 -5 -30 21 -105 1 -23 -84 -51 208 2 57
2 16 -32 -53 -44 -50 -58 37 52 -40 -137 -16 35 -80 78 -2 117 2 162 40
-17 -72 0 -48 -12 -8 -5 -34 -11 -16 -73 -25 52 -34 -4 -65 -45 57 40 161

Q_cnstr 
157 22 25 -37 -32 36 -6 -27 -23 -65 24 0 -5 26 -32 -27 21 11 10 16
22 82 5 -27 7 5 6 8 14 -7 11 -46 2 30 5 -8 32 12 13 25
25 5 65 9 5 10 -7 1 -2 -22 13 7 -9 4 -5 5 16 13 3 27
-37 -27 9 138 -12 3 10 7 -13 -4 32 23 8 -35 22 26 9 -1 -15 19
-32 7 5 -12 42 -21 -12 18 19 -9 10 -15 17 32 11 -1 -8 -3 0 -17
36 5 10 3 -21 132 52 -38 12 -40 -4 -20 -4 14 1 51 36 -20 -19 -11
-6 6 -7 10 -12 52 101 -8 25 11 -5 -20 -6 30 -6 9 -4 23 -8 -17
-27 8 1 7 18 -38 -8 70 0 19 5 -8 3 5 9 -17 -2 20 1 16
-23 14 -2 -13 19 12 25 0 87 -14 -13 -41 2 34 -11 5 -2 38 -34 -33
-65 -7 -22 -4 -9 -40 11 19 -14 77 -32 12 -12 -31 -8 -2 -8 1 11 13
24 11 13 32 10 -4 -5 5 -13 -32 68 -2 15 2 1 -8 18 -5 7 6
0 -46 7 23 -15 -20 -20 -8 -41 12 -2 59 0 -53 -26 -1 -12 -19 16 11
-5 2 -9 8 17 -4 -6 3 2 -12 15 0 46 12 -7 21 6 -14 4 15
26 30 4 -35 32 14 30 5 34 -31 2 -53 12 148 59 7 -1 14 -21 -54
-32 5 -5 22 11 1 -6 9 -11 -8 1 -26 -7 59 127 -1 6 -4 -20 -8
-27 -8 5 26 -1 51 9 -17 5 -2 -8 -1 21 7 -1 73 10 -22 -13 -3
21 32 16 9 -8 36 -4 -2 -2 -8 18 -12 6 -1 6 10 66 -10 1 35
11 12 13 -1 -3 -20 23 20 38 1 -5 -19 -14 14 -4 -22 -10 62 -22 12
10 13 3 -15 0 -19 -8 1 -34 11 7 16 4 -21 -20 -13 1 -22 44 12
16 25 27 19 -17 -11 -17 16 -33 13 6 11 15 -54 -8 -3 35 12 12 111

