Q_obj 
169 -15 5 -26 49 8 -69 -65 -102 -23 35 58 23 2 -34
-15 147 -3 -50 24 -2 4 45 -15 21 9 -14 10 65 15
5 -3 141 30 27 52 15 31 17 -16 -16 47 -73 -58 0
-26 -50 30 178 -77 -9 34 19 4 -42 -65 -18 17 -54 61
49 24 27 -77 203 -15 3 -7 3 7 -16 45 -28 53 -1
8 -2 52 -9 -15 106 -7 -13 -23 -10 9 -46 -34 -21 49
-69 4 15 34 3 -7 117 73 46 5 -44 -6 -3 28 48
-65 45 31 19 -7 -13 73 192 58 34 33 -25 9 26 29
-102 -15 17 4 3 -23 46 58 139 16 -6 -64 -42 -7 -13
-23 21 -16 -42 7 -10 5 34 16 133 41 8 -6 16 26
35 9 -16 -65 -16 9 -44 33 -6 41 142 -13 -20 -13 -45
58 -14 47 -18 45 -46 -6 -25 -64 8 -13 185 -40 -35 -62
23 10 -73 17 -28 -34 -3 9 -42 -6 -20 -40 186 118 50
2 65 -58 -54 53 -21 28 26 -7 16 -13 -35 118 157 52
-34 15 0 61 -1 49 48 29 -13 26 -45 -62 50 52 159

Q_cnstr 
210 -28 22 60 7 -23 -11 -12 -20 8 48 17 -35 60 -60
-28 79 -2 -23 13 26 36 28 -30 -29 16 15 -9 -1 -26
22 -2 49 25 3 5 -7 9 -1 16 14 -9 -3 35 -14
60 -23 25 87 7 -1 -39 3 -8 -6 -2 -9 -25 48 -12
7 13 3 7 50 6 10 14 -3 -3 -1 -12 1 -5 -17
-23 26 5 -1 6 70 11 16 -26 7 -16 -17 6 34 -6
-11 36 -7 -39 10 11 41 5 -13 -10 3 10 -5 -12 -12
-12 28 9 3 14 16 5 77 -9 8 -2 14 1 -1 -20
-20 -30 -1 -8 -3 -26 -13 -9 50 17 3 -3 5 -15 20
8 -29 16 -6 -3 7 -10 8 17 65 -6 -16 1 22 9
48 16 14 -2 -1 -16 3 -2 3 -6 62 14 0 7 -18
17 15 -9 -9 -12 -17 10 14 -3 -16 14 35 -5 -5 -6
-35 -9 -3 -25 1 6 -5 1 5 1 0 -5 58 -51 16
60 -1 35 48 -5 34 -12 -1 -15 22 7 -5 -51 127 -25
-60 -26 -14 -12 -17 -6 -12 -20 20 9 -18 -6 16 -25 56

