Q_obj 
931 -385 99 -133 249 -394 106 108 -213 -40 155 119 -112 -228
-385 573 174 22 -55 134 46 -8 253 57 -67 -164 -131 -103
99 174 708 113 -26 -106 -22 -189 227 51 130 -71 142 88
-133 22 113 962 -156 125 -209 -395 -71 -173 3 35 288 -52
249 -55 -26 -156 729 -122 -220 193 -35 -106 10 114 -29 -62
-394 134 -106 125 -122 829 59 39 -441 -111 110 -65 -74 -12
106 46 -22 -209 -220 59 779 41 136 -261 -201 -351 163 -132
108 -8 -189 -395 193 39 41 937 -28 -36 618 -387 -97 -123
-213 253 227 -71 -35 -441 136 -28 998 152 183 -219 309 129
-40 57 51 -173 -106 -111 -261 -36 152 658 191 66 -345 -11
155 -67 130 3 10 110 -201 618 183 191 1421 -187 -57 -389
119 -164 -71 35 114 -65 -351 -387 -219 66 -187 789 -211 258
-112 -131 142 288 -29 -74 163 -97 309 -345 -57 -211 594 252
-228 -103 88 -52 -62 -12 -132 -123 129 -11 -389 258 252 1159

Q_cnstr 
81 4 -1 2 23 21 11 -18 2 1 -11 45 -13 17
4 60 6 9 -26 -18 18 -23 30 2 28 32 -15 20
-1 6 21 11 -6 -18 6 10 -10 -11 -2 -12 -2 12
2 9 11 97 14 34 25 -1 24 10 -15 39 -7 13
23 -26 -6 14 45 22 2 2 -9 -7 -14 7 3 -7
21 -18 -18 34 22 109 21 3 19 11 -26 50 -26 8
11 18 6 25 2 21 34 -4 12 -2 7 33 -28 34
-18 -23 10 -1 2 3 -4 48 -30 -15 -14 -21 7 -17
2 30 -10 24 -9 19 12 -30 63 8 26 38 -15 -6
1 2 -11 10 -7 11 -2 -15 8 36 19 6 -4 -3
-11 28 -2 -15 -14 -26 7 -14 26 19 103 -4 -21 -22
45 32 -12 39 7 50 33 -21 38 6 -4 89 -31 32
-13 -15 -2 -7 3 -26 -28 7 -15 -4 -21 -31 35 -32
17 20 12 13 -7 8 34 -17 -6 -3 -22 32 -32 84

