Q_obj 
133 -44 -34 25 70 68 -13 -6 6 21 5 -42
-44 115 68 -29 -27 -26 -14 -34 -16 -14 12 61
-34 68 129 -65 -44 -30 3 -30 5 39 -23 39
25 -29 -65 134 38 80 -24 40 -59 15 12 -32
70 -27 -44 38 121 -27 23 -19 27 35 14 -31
68 -26 -30 80 -27 160 -65 13 -86 13 -7 -33
-13 -14 3 -24 23 -65 101 -26 61 -31 -49 22
-6 -34 -30 40 -19 13 -26 155 10 -18 -5 8
6 -16 5 -59 27 -86 61 10 135 -21 -10 73
21 -14 39 15 35 13 -31 -18 -21 152 -44 14
5 12 -23 12 14 -7 -49 -5 -10 -44 130 -67
-42 61 39 -32 -31 -33 22 8 73 14 -67 161

Q_cnstr 
56 -44 27 4 4 -20 -10 -11 -18 -4 -13 -3
-44 88 -20 -1 -6 20 0 4 7 32 7 2
27 -20 78 0 -4 -18 -7 -5 -28 1 31 1
4 -1 0 46 24 10 -1 -21 26 -20 15 -1
4 -6 -4 24 22 3 -10 -5 17 -14 12 8
-20 20 -18 10 3 73 -11 4 7 7 39 -3
-10 0 -7 -1 -10 -11 39 12 4 24 -8 -21
-11 4 -5 -21 -5 4 12 58 -8 30 15 4
-18 7 -28 26 17 7 4 -8 37 -5 -7 0
-4 32 1 -20 -14 7 24 30 -5 118 -1 -21
-13 7 31 15 12 39 -8 15 -7 -1 74 8
-3 2 1 -1 8 -3 -21 4 0 -21 8 20

