Q_obj 
287 -120 -40 125 -29 7 58 -16 -31 -21 -29 106 -75 19 57 4 14 54 7 48 59 25 19 -27 -19 63 106 42 62 -67
-120 249 5 21 16 -50 -82 44 8 -31 14 -25 117 13 -86 -41 -50 -28 -26 -63 -26 49 -87 83 73 65 30 8 -78 36
-40 5 210 -92 -83 -2 -44 0 15 0 -20 43 45 -102 -32 13 57 18 -1 -21 56 -2 1 -100 -49 6 41 -88 -2 -24
125 21 -92 330 16 28 46 35 -38 -98 -27 71 -6 58 -1 18 3 -47 37 -52 103 132 -43 86 -25 51 68 44 -17 42
-29 16 -83 16 269 -27 -21 -4 14 45 -21 0 -7 2 36 -26 39 33 -12 -19 1 -21 -23 4 -1 -87 -39 30 -71 41
7 -50 -2 28 -27 258 -57 24 -14 71 6 42 81 -34 17 90 3 11 -61 34 40 45 14 -16 41 -56 -28 42 64 116
58 -82 -44 46 -21 -57 351 73 64 -68 72 -2 -70 9 33 12 -59 -64 54 63 46 47 -17 46 4 47 -21 -54 18 -80
-16 44 0 35 -4 24 73 264 -3 -41 -28 34 37 -7 10 6 -14 -34 -14 30 -16 112 -86 34 76 49 -102 -34 44 -16
-31 8 15 -38 14 -14 64 -3 253 -30 29 4 68 43 -27 -9 11 54 6 9 4 68 39 -62 -13 14 59 -60 -70 46
-21 -31 0 -98 45 71 -68 -41 -30 280 -29 11 -72 -86 40 9 -17 80 39 -22 5 -102 -16 41 45 -14 -109 81 85 28
-29 14 -20 -27 -21 6 72 -28 29 -29 339 -15 77 23 -87 43 -4 -25 -32 96 73 -29 2 44 88 48 63 -101 -40 62
106 -25 43 71 0 42 -2 34 4 11 -15 330 42 -65 -105 49 -56 -35 -69 3 88 93 -18 -105 -13 -57 37 17 54 3
-75 117 45 -6 -7 81 -70 37 68 -72 77 42 344 -45 -70 -29 -15 -62 -67 97 -13 106 -55 -31 38 -53 53 -60 -33 94
19 13 -102 58 2 -34 9 -7 43 -86 23 -65 -45 282 38 87 27 -3 -29 -1 -45 2 30 0 15 -3 9 -31 -80 -30
57 -86 -32 -1 36 17 33 10 -27 40 -87 -105 -70 38 326 -19 -78 114 -3 33 -74 -14 58 38 6 -48 -106 -7 22 -22
4 -41 13 18 -26 90 12 6 -9 9 43 49 -29 87 -19 312 91 32 -42 -74 60 33 -52 -64 -37 7 -16 26 -14 -54
14 -50 57 3 39 3 -59 -14 11 -17 -4 -56 -15 27 -78 91 306 22 79 -58 63 -73 14 -59 -49 50 81 -30 -31 -3
54 -28 18 -47 33 11 -64 -34 54 80 -25 -35 -62 -3 114 32 22 293 -21 -99 -9 -34 17 14 17 69 -30 25 -51 -67
7 -26 -1 37 -12 -61 54 -14 6 39 -32 -69 -67 -29 -3 -42 79 -21 211 -48 21 -64 20 64 -34 90 14 24 -6 -23
48 -63 -21 -52 -19 34 63 30 9 -22 96 3 97 -1 33 -74 -58 -99 -48 307 -21 44 71 -14 72 -55 61 -73 48 74
59 -26 56 103 1 40 46 -16 4 5 73 88 -13 -45 -74 60 63 -9 21 -21 277 53 -1 -29 -16 99 84 22 -21 78
25 49 -2 132 -21 45 47 112 68 -102 -29 93 106 2 -14 33 -73 -34 -64 44 53 303 -39 -14 -42 2 63 -11 3 36
19 -87 1 -43 -23 14 -17 -86 39 -16 2 -18 -55 30 58 -52 14 17 20 71 -1 -39 265 -45 24 -24 90 -62 -68 6
-27 83 -100 86 4 -16 46 34 -62 41 44 -105 -31 0 38 -64 -59 14 64 -14 -29 -14 -45 224 72 96 -55 53 4 32
-19 73 -49 -25 -1 41 4 76 -13 45 88 -13 38 15 6 -37 -49 17 -34 72 -16 -42 24 72 304 43 -41 -28 -32 -18
63 65 6 51 -87 -56 47 49 14 -14 48 -57 -53 -3 -48 7 50 69 90 -55 99 2 -24 96 43 251 78 55 -43 -37
106 30 41 68 -39 -28 -21 -102 59 -109 63 37 53 9 -106 -16 81 -30 14 61 84 63 90 -55 -41 78 342 -67 -116 46
42 8 -88 44 30 42 -54 -34 -60 81 -101 17 -60 -31 -7 26 -30 25 24 -73 22 -11 -62 53 -28 55 -67 276 30 3
62 -78 -2 -17 -71 64 18 44 -70 85 -40 54 -33 -80 22 -14 -31 -51 -6 48 -21 3 -68 4 -32 -43 -116 30 274 38
-67 36 -24 42 41 116 -80 -16 46 28 62 3 94 -30 -22 -54 -3 -67 -23 74 78 36 6 32 -18 -37 46 3 38 329

Q_cnstr 
191 9 10 14 79 -2 39 16 -41 29 38 42 32 30 7 2 54 -33 -20 -26 37 -24 32 9 84 48 13 35 -25 -21
9 148 -19 11 16 -29 -19 -21 10 21 -7 61 40 -41 0 -26 -10 -9 16 19 29 20 -2 -35 -17 -44 2 32 -18 -21
10 -19 75 0 -2 18 -44 27 -31 11 36 14 25 3 -12 2 28 7 15 -39 -29 -3 13 -24 12 -4 28 -3 -7 20
14 11 0 101 16 26 2 -19 6 -24 7 27 -29 5 -31 17 -4 7 24 -24 -33 -2 24 23 39 27 24 0 14 2
79 16 -2 16 149 8 17 34 -10 -32 16 44 10 56 -7 25 40 6 52 -4 27 27 -6 44 73 58 -3 68 4 -36
-2 -29 18 26 8 66 7 18 -8 -5 27 15 -7 28 -7 33 13 13 6 -3 -51 13 24 19 6 24 34 15 17 -1
39 -19 -44 2 17 7 178 48 0 -11 -7 14 -17 31 4 120 32 -16 11 15 9 59 39 2 42 26 20 34 42 19
16 -21 27 -19 34 18 48 133 -18 -7 52 23 44 10 -4 76 32 11 36 -3 -41 22 64 -23 -18 56 27 19 39 4
-41 10 -31 6 -10 -8 0 -18 171 -9 -36 -7 5 2 59 -34 13 -37 14 29 -56 44 15 11 28 -23 -16 -1 -32 -27
29 21 11 -24 -32 -5 -11 -7 -9 76 23 -2 35 -17 23 -20 20 -21 -37 14 2 -23 -17 -8 9 -40 4 -27 -40 -12
38 -7 36 7 16 27 -7 52 -36 23 120 50 54 10 -22 10 49 -9 27 -11 -38 -16 12 -23 11 73 33 8 1 11
42 61 14 27 44 15 14 23 -7 -2 50 126 16 12 -1 27 39 6 27 -20 24 29 39 -18 36 32 5 50 -4 -1
32 40 25 -29 10 -7 -17 44 5 35 54 16 214 -7 -44 1 70 -43 -8 4 -44 -20 -31 -19 0 -33 43 1 -19 -22
30 -41 3 5 56 28 31 10 2 -17 10 12 -7 98 -1 16 62 -11 31 -17 -3 11 -45 48 51 17 -15 20 1 -20
7 0 -12 -31 -7 -7 4 -4 59 23 -22 -1 -44 -1 155 -40 -7 2 -14 49 50 48 26 -15 18 6 -29 -35 -39 34
2 -26 2 17 25 33 120 76 -34 -20 10 27 1 16 -40 216 -8 -4 7 -50 11 50 51 7 8 41 43 74 33 16
54 -10 28 -4 40 13 32 32 13 20 49 39 70 62 -7 -8 176 12 52 2 -50 15 -2 25 69 1 33 -2 -29 -3
-33 -9 7 7 6 13 -16 11 -37 -21 -9 6 -43 -11 2 -4 12 96 -5 6 -5 9 21 21 -34 33 7 7 17 40
-20 16 15 24 52 6 11 36 14 -37 27 27 -8 31 -14 7 52 -5 138 -18 -28 55 -2 -13 13 3 -1 -6 23 -3
-26 19 -39 -24 -4 -3 15 -3 29 14 -11 -20 4 -17 49 -50 2 6 -18 133 10 16 10 0 16 7 4 -51 -5 -15
37 29 -29 -33 27 -51 9 -41 -56 2 -38 24 -44 -3 50 11 -50 -5 -28 10 229 0 -32 -3 5 -14 -98 2 -32 11
-24 20 -3 -2 27 13 59 22 44 -23 -16 29 -20 11 48 50 15 9 55 16 0 184 36 -28 49 6 9 35 10 31
32 -2 13 24 -6 24 39 64 15 -17 12 39 -31 -45 26 51 -2 21 -2 10 -32 36 222 6 7 76 26 39 12 58
9 -35 -24 23 44 19 2 -23 11 -8 -23 -18 -19 48 -15 7 25 21 -13 0 -3 -28 6 125 24 30 -47 17 -7 -22
84 -17 12 39 73 6 42 -18 28 9 11 36 0 51 18 8 69 -34 13 16 5 49 7 24 236 5 18 10 -52 19
48 -44 -4 27 58 24 26 56 -23 -40 73 32 -33 17 6 41 1 33 3 7 -14 6 76 30 5 203 8 48 38 23
13 2 28 24 -3 34 20 27 -16 4 33 5 43 -15 -29 43 33 7 -1 4 -98 9 26 -47 18 8 144 12 -16 32
35 32 -3 0 68 15 34 19 -1 -27 8 50 1 20 -35 74 -2 7 -6 -51 2 35 39 17 10 48 12 164 8 5
-25 -18 -7 14 4 17 42 39 -32 -40 1 -4 -19 1 -39 33 -29 17 23 -5 -32 10 12 -7 -52 38 -16 8 113 -32
-21 -21 20 2 -36 -1 19 4 -27 -12 11 -1 -22 -20 34 16 -3 40 -3 -15 11 31 58 -22 19 23 32 5 -32 148

