Q_obj 
232 3 28 -18 -21 61 -59 69 97 14 46 -87 -8 17 24
3 99 7 32 24 -50 13 -40 -37 25 -12 42 6 -41 -5
28 7 116 -21 -58 -21 -1 69 28 10 -74 25 -12 63 -29
-18 32 -21 120 -31 -35 7 -55 -39 73 8 67 29 -43 33
-21 24 -58 -31 190 11 -31 -16 41 21 24 -2 -55 -18 -38
61 -50 -21 -35 11 216 22 14 88 41 31 -73 -20 9 -26
-59 13 -1 7 -31 22 208 -14 -71 9 -29 15 -4 23 -82
69 -40 69 -55 -16 14 -14 202 57 11 -51 12 -69 129 -64
97 -37 28 -39 41 88 -71 57 193 30 8 -66 -78 52 -17
14 25 10 73 21 41 9 11 30 121 -12 62 -23 -7 -9
46 -12 -74 8 24 31 -29 -51 8 -12 155 -62 27 -50 70
-87 42 25 67 -2 -73 15 12 -66 62 -62 146 -33 -13 -13
-8 6 -12 29 -55 -20 -4 -69 -78 -23 27 -33 107 -33 39
17 -41 63 -43 -18 9 23 129 52 -7 -50 -13 -33 155 -95
24 -5 -29 33 -38 -26 -82 -64 -17 -9 70 -13 39 -95 170

Q_cnstr 
79 0 -33 -63 0 -10 -5 30 22 12 -3 -12 13 8 -29
0 92 1 17 -49 -50 12 16 5 27 0 -13 28 0 0
-33 1 77 43 21 38 9 -11 8 15 15 43 -2 4 8
-63 17 43 135 -2 -48 13 -19 -27 -23 33 31 4 -50 52
0 -49 21 -2 106 39 14 -10 39 2 -14 32 -3 -16 -3
-10 -50 38 -48 39 217 4 -17 41 -18 -16 19 -61 54 -3
-5 12 9 13 14 4 53 9 27 -2 6 19 18 -6 12
30 16 -11 -19 -10 -17 9 68 2 37 5 -14 31 -1 -4
22 5 8 -27 39 41 27 2 56 17 -8 7 -3 8 -16
12 27 15 -23 2 -18 -2 37 17 130 -4 18 55 -1 -1
-3 0 15 33 -14 -16 6 5 -8 -4 34 15 -2 -1 8
-12 -13 43 31 32 19 19 -14 7 18 15 66 8 -4 23
13 28 -2 4 -3 -61 18 31 -3 55 -2 8 94 -19 9
8 0 4 -50 -16 54 -6 -1 8 -1 -1 -4 -19 50 -19
-29 0 8 52 -3 -3 12 -4 -16 -1 8 23 9 -19 59

