Q_obj 
202 -24 -19 45 -24 52 62 54 -5 -36 20 -52 -15 -16 -28 -3 17
-24 169 5 -40 -8 -29 6 11 4 65 75 86 90 9 -63 -64 25
-19 5 143 101 -44 -24 -22 35 -9 23 -9 57 5 -101 4 -50 32
45 -40 101 204 -55 -25 -37 111 30 -7 -43 -34 -11 -49 -17 -93 35
-24 -8 -44 -55 179 3 -27 4 17 -49 -34 -9 -4 34 32 48 -35
52 -29 -24 -25 3 118 32 -5 -25 -58 47 -17 -49 30 43 31 -71
62 6 -22 -37 -27 32 129 -67 2 -75 9 -24 -40 -34 -29 65 -50
54 11 35 111 4 -5 -67 224 15 16 28 -78 9 20 19 -83 9
-5 4 -9 30 17 -25 2 15 120 -27 -43 18 -2 -20 -28 -34 -34
-36 65 23 -7 -49 -58 -75 16 -27 177 34 98 109 -29 5 -122 113
20 75 -9 -43 -34 47 9 28 -43 34 210 41 81 -35 -21 9 40
-52 86 57 -34 -9 -17 -24 -78 18 98 41 228 92 -94 -23 -75 76
-15 90 5 -11 -4 -49 -40 9 -2 109 81 92 231 -31 -129 -53 90
-16 9 -101 -49 34 30 -34 20 -20 -29 -35 -94 -31 231 25 42 -88
-28 -63 4 -17 32 43 -29 19 -28 5 -21 -23 -129 25 177 -4 -37
-3 -64 -50 -93 48 31 65 -83 -34 -122 9 -75 -53 42 -4 244 -45
17 25 32 35 -35 -71 -50 9 -34 113 40 76 90 -88 -37 -45 186

Q_cnstr 
44 -6 11 -3 -14 -3 0 5 31 8 8 4 -30 -7 9 12 -8
-6 52 12 -5 20 -8 9 13 -6 -11 -2 -12 7 -3 3 -3 7
11 12 52 0 12 -7 -5 22 7 -11 -3 -2 -8 16 6 4 1
-3 -5 0 21 -7 0 -4 8 14 2 -4 6 4 1 11 -1 2
-14 20 12 -7 33 -12 -5 15 -2 -10 0 -5 18 -9 -10 -7 7
-3 -8 -7 0 -12 22 0 1 -10 6 8 -1 -8 2 1 15 2
0 9 -5 -4 -5 0 19 -8 -15 -1 -5 -1 3 9 1 2 -1
5 13 22 8 15 1 -8 63 33 -5 6 -1 5 -15 7 27 12
31 -6 7 14 -2 -10 -15 33 73 14 1 12 -13 -31 8 10 3
8 -11 -11 2 -10 6 -1 -5 14 51 7 12 -3 -21 -6 26 3
8 -2 -3 -4 0 8 -5 6 1 7 24 -4 -14 -8 2 17 -1
4 -12 -2 6 -5 -1 -1 -1 12 12 -4 10 2 2 0 3 2
-30 7 -8 4 18 -8 3 5 -13 -3 -14 2 64 3 -7 -5 -2
-7 -3 16 1 -9 2 9 -15 -31 -21 -8 2 3 58 11 -6 -2
9 3 6 11 -10 1 1 7 8 -6 2 0 -7 11 18 2 -4
12 -3 4 -1 -7 15 2 27 10 26 17 3 -5 -6 2 50 6
-8 7 1 2 7 2 -1 12 3 3 -1 2 -2 -2 -4 6 17

