Q_obj 
244 27 -14 -30 22 -7 27 33 9 42 -68 -69 -7 104 -21 83 52 74 88 -4 12 -57
27 336 -61 34 89 63 38 -60 -143 -22 25 55 -48 3 14 3 24 26 25 18 -101 -54
-14 -61 138 -69 51 38 -10 31 -1 -7 -66 18 47 -12 0 91 51 8 -6 15 -32 8
-30 34 -69 230 -25 -34 69 -5 -23 -36 1 37 -21 48 7 52 43 -29 10 13 68 -30
22 89 51 -25 268 5 -17 -31 -59 75 6 39 -31 9 -56 70 21 37 100 29 -69 -66
-7 63 38 -34 5 232 -19 47 6 -30 67 22 118 -42 37 47 36 56 40 15 25 -64
27 38 -10 69 -17 -19 194 -3 40 -1 -62 -23 51 14 61 -2 50 0 -34 11 8 17
33 -60 31 -5 -31 47 -3 301 15 12 47 -54 -7 56 23 37 2 -12 35 23 50 -15
9 -143 -1 -23 -59 6 40 15 203 60 15 -53 39 -53 -24 -16 -9 -42 -27 -3 23 54
42 -22 -7 -36 75 -30 -1 12 60 208 37 -4 -56 5 -97 -53 8 -31 -14 -3 -38 -4
-68 25 -66 1 6 67 -62 47 15 37 245 71 -14 -32 32 -127 -80 -39 85 1 29 10
-69 55 18 37 39 22 -23 -54 -53 -4 71 170 -33 -40 -7 -14 -13 2 38 20 4 3
-7 -48 47 -21 -31 118 51 -7 39 -56 -14 -33 190 7 65 33 63 64 -13 -2 44 -73
104 3 -12 48 9 -42 14 56 -53 5 -32 -40 7 178 25 54 31 12 23 19 27 -92
-21 14 0 7 -56 37 61 23 -24 -97 32 -7 65 25 173 -1 -19 9 44 36 8 20
83 3 91 52 70 47 -2 37 -16 -53 -127 -14 33 54 -1 270 130 47 43 25 -46 -75
52 24 51 43 21 36 50 2 -9 8 -80 -13 63 31 -19 130 219 57 -29 -91 -7 -117
74 26 8 -29 37 56 0 -12 -42 -31 -39 2 64 12 9 47 57 145 46 -17 52 -98
88 25 -6 10 100 40 -34 35 -27 -14 85 38 -13 23 44 43 -29 46 257 47 26 -7
-4 18 15 13 29 15 11 23 -3 -3 1 20 -2 19 36 25 -91 -17 47 169 -47 69
12 -101 -32 68 -69 25 8 50 23 -38 29 4 44 27 8 -46 -7 52 26 -47 200 -61
-57 -54 8 -30 -66 -64 17 -15 54 -4 10 3 -73 -92 20 -75 -117 -98 -7 69 -61 230

Q_cnstr 
37 8 -6 12 23 14 -7 -37 10 -6 22 0 -2 12 11 -5 -3 -3 11 17 -20 5
8 120 32 38 32 -2 37 -17 17 3 -11 0 40 -8 -27 14 -12 12 12 3 -22 35
-6 32 96 -3 11 6 40 -27 2 20 25 -3 -2 6 21 -13 50 -8 50 2 -15 53
12 38 -3 129 -10 30 -13 -12 -10 -4 47 -20 9 -24 22 9 -6 29 -19 32 31 -4
23 32 11 -10 91 18 4 0 12 -4 -16 13 13 11 -22 5 45 9 25 -1 -5 9
14 -2 6 30 18 93 -17 -17 -21 -47 11 -10 -14 -31 43 10 12 -5 24 13 -9 35
-7 37 40 -13 4 -17 163 11 -1 57 3 17 56 15 -22 -7 51 26 35 13 -31 13
-37 -17 -27 -12 0 -17 11 146 -64 7 -70 19 1 0 -52 12 42 37 2 -24 -30 39
10 17 2 -10 12 -21 -1 -64 59 -5 26 -1 19 10 -1 -3 -33 -12 -9 2 33 -57
-6 3 20 -4 -4 -47 57 7 -5 113 -12 -6 2 -4 -4 -7 43 9 -10 18 -18 6
22 -11 25 47 -16 11 3 -70 26 -12 125 18 14 27 44 -6 2 0 35 28 27 -11
0 0 -3 -20 13 -10 17 19 -1 -6 18 45 4 22 -10 6 21 -6 21 -5 -21 0
-2 40 -2 9 13 -14 56 1 19 2 14 4 87 4 -43 -4 -4 15 0 -9 7 -17
12 -8 6 -24 11 -31 15 0 10 -4 27 22 4 74 -5 -7 37 9 19 -1 10 -11
11 -27 21 22 -22 43 -22 -52 -1 -4 44 -10 -43 -5 114 0 26 -19 28 4 9 12
-5 14 -13 9 5 10 -7 12 -3 -7 -6 6 -4 -7 0 30 -10 10 -8 -1 5 7
-3 -12 50 -6 45 12 51 42 -33 43 2 21 -4 37 26 -10 154 11 16 4 -20 24
-3 12 -8 29 9 -5 26 37 -12 9 0 -6 15 9 -19 10 11 76 9 -13 8 -17
11 12 50 -19 25 24 35 2 -9 -10 35 21 0 19 28 -8 16 9 162 2 -18 61
17 3 2 32 -1 13 13 -24 2 18 28 -5 -9 -1 4 -1 4 -13 2 55 0 13
-20 -22 -15 31 -5 -9 -31 -30 33 -18 27 -21 7 10 9 5 -20 8 -18 0 137 -84
5 35 53 -4 9 35 13 39 -57 6 -11 0 -17 -11 12 7 24 -17 61 13 -84 207

