Q_obj 
253 -35 33 -13 10 -17 -74 -26 -53 -57 38 82 104 -8 27 -34 56 -48 -38 22 3 36 94 -86 -65 5 -58 -58 1 -38
-35 314 -13 -74 15 -51 -35 -8 23 57 -86 -134 -56 38 5 7 25 -44 74 -12 13 -21 -41 1 -24 -28 48 22 8 -10
33 -13 309 -32 -71 9 31 16 56 16 54 -45 134 14 -29 -50 -45 -73 77 -16 -36 -34 58 54 -4 83 44 2 -40 71
-13 -74 -32 171 9 -3 -14 -41 -63 85 -3 -15 -15 -8 -34 -23 42 77 -11 68 -30 -29 17 24 -15 -6 -45 -40 -49 52
10 15 -71 9 313 -16 -71 53 81 117 -5 -65 -3 -24 -33 101 -12 -9 23 -31 -52 -59 -2 19 -64 -17 -44 14 -22 -75
-17 -51 9 -3 -16 370 17 37 30 5 -19 -31 6 -58 4 2 -26 10 62 -77 28 101 -23 -30 -33 -62 -3 38 67 24
-74 -35 31 -14 -71 17 315 67 30 -68 6 -43 -47 82 25 54 -63 -31 18 -20 20 -15 28 81 96 28 86 -101 9 9
-26 -8 16 -41 53 37 67 235 1 -50 18 -88 -9 2 41 27 -94 -29 44 -49 27 21 -86 12 42 -3 -14 -13 24 -10
-53 23 56 -63 81 30 30 1 271 43 -28 6 3 65 -28 77 -57 -35 50 -43 -46 -20 22 26 29 40 65 99 -8 -50
-57 57 16 85 117 5 -68 -50 43 313 -49 -69 -23 -5 -39 30 73 142 -25 -77 -128 -57 40 -16 -57 -52 51 15 18 -31
38 -86 54 -3 -5 -19 6 18 -28 -49 205 7 56 32 41 -32 21 -44 -12 29 45 -23 -39 34 -34 -8 -24 -49 4 15
82 -134 -45 -15 -65 -31 -43 -88 6 -69 7 350 15 12 113 -61 10 46 -112 75 -25 86 94 -35 43 40 -22 50 59 -76
104 -56 134 -15 -3 6 -47 -9 3 -23 56 15 285 -63 -60 -75 5 -15 51 -48 -72 -32 21 15 65 33 -9 2 -58 -3
-8 38 14 -8 -24 -58 82 2 65 -5 32 12 -63 260 -29 12 -39 -43 -82 57 29 12 21 44 -39 46 -24 -51 36 -2
27 5 -29 -34 -33 4 25 41 -28 -39 41 113 -60 -29 304 -18 31 -1 -25 75 -20 98 15 -43 17 29 -57 39 48 -35
-34 7 -50 -23 101 2 54 27 77 30 -32 -61 -75 12 -18 210 -67 -51 26 -32 31 -61 -30 -13 18 -1 35 -31 39 -54
56 25 -45 42 -12 -26 -63 -94 -57 73 21 10 5 -39 31 -67 211 36 -120 24 -5 -32 25 -26 -85 -43 10 -71 -6 -40
-48 -44 -73 77 -9 10 -31 -29 -35 142 -44 46 -15 -43 -1 -51 36 313 -3 -57 -67 41 -25 -10 23 -40 1 45 -3 69
-38 74 77 -11 23 62 18 44 50 -25 -12 -112 51 -82 -25 26 -120 -3 337 -8 -35 -14 -65 -6 27 48 30 91 -15 119
22 -12 -16 68 -31 -77 -20 -49 -43 -77 29 75 -48 57 75 -32 24 -57 -8 235 30 -17 20 30 -54 73 -102 -20 -41 84
3 13 -36 -30 -52 28 20 27 -46 -128 45 -25 -72 29 -20 31 -5 -67 -35 30 252 55 -29 2 6 -16 -37 -24 -39 -48
36 -21 -34 -29 -59 101 -15 21 -20 -57 -23 86 -32 12 98 -61 -32 41 -14 -17 55 284 51 -94 70 18 -40 55 36 -11
94 -41 58 17 -2 -23 28 -86 22 40 -39 94 21 21 15 -30 25 -25 -65 20 -29 51 378 -42 -20 -47 -7 -66 -6 -69
-86 1 54 24 19 -30 81 12 26 -16 34 -35 15 44 -43 -13 -26 -10 -6 30 2 -94 -42 251 89 -1 -22 -23 1 33
-65 -24 -4 -15 -64 -33 96 42 29 -57 -34 43 65 -39 17 18 -85 23 27 -54 6 70 -20 89 317 -9 -2 44 -14 -73
5 -28 83 -6 -17 -62 28 -3 40 -52 -8 40 33 46 29 -1 -43 -40 48 73 -16 18 -47 -1 -9 208 38 45 -63 49
-58 48 44 -45 -44 -3 86 -14 65 51 -24 -22 -9 -24 -57 35 10 1 30 -102 -37 -40 -7 -22 -2 38 300 -20 19 -20
-58 22 2 -40 14 38 -101 -13 99 15 -49 50 2 -51 39 -31 -71 45 91 -20 -24 55 -66 -23 44 45 -20 340 -68 -63
1 8 -40 -49 -22 67 9 24 -8 18 4 59 -58 36 48 39 -6 -3 -15 -41 -39 36 -6 1 -14 -63 19 -68 230 -4
-38 -10 71 52 -75 24 9 -10 -50 -31 15 -76 -3 -2 -35 -54 -40 69 119 84 -48 -11 -69 33 -73 49 -20 -63 -4 295

Q_cnstr 
230 28 -1 -21 -74 5 7 -29 45 15 21 -10 -64 70 -5 2 18 -20 6 -41 41 14 45 13 29 4 34 5 -24 -45
28 69 27 4 -41 -2 -17 6 32 17 6 -31 9 46 4 4 -12 1 18 -1 22 26 29 18 -1 14 -5 16 13 1
-1 27 121 27 31 -23 -7 -20 7 9 12 18 -26 12 -25 59 29 21 17 3 -25 16 77 0 -31 -18 -4 -15 52 13
-21 4 27 114 15 -32 8 -21 9 34 18 10 8 -43 -21 22 9 -15 -21 27 -25 -12 25 16 13 -13 19 6 23 28
-74 -41 31 15 198 -2 4 26 -48 0 0 13 23 -4 -56 34 5 -38 17 2 -31 18 -17 -80 -32 12 43 -17 54 2
5 -2 -23 -32 -2 191 -5 7 10 7 6 -23 37 2 -7 -22 45 0 34 -7 -43 -6 -3 -13 11 13 36 40 -29 62
7 -17 -7 8 4 -5 134 15 -5 -4 26 59 30 31 23 -14 16 -17 -5 13 -4 48 -9 8 51 -55 25 7 25 33
-29 6 -20 -21 26 7 15 235 -64 32 -13 23 177 82 50 56 21 43 51 -9 -6 30 -85 -8 52 28 -1 47 8 49
45 32 7 9 -48 10 -5 -64 179 -15 -30 -25 -40 4 -23 17 -4 12 8 -14 35 -26 45 27 12 9 -32 8 20 -21
15 17 9 34 0 7 -4 32 -15 86 29 1 56 21 19 7 14 -16 1 29 -26 -34 9 1 -4 7 10 36 5 34
21 6 12 18 0 6 26 -13 -30 29 147 45 12 3 90 29 -8 -22 4 36 -41 22 30 59 24 -6 44 -22 20 18
-10 -31 18 10 13 -23 59 23 -25 1 45 114 -17 13 26 30 12 0 -19 4 -51 -11 -8 12 2 -51 -11 -8 35 22
-64 9 -26 8 23 37 30 177 -40 56 12 -17 304 -14 81 -8 8 17 83 31 -12 44 -28 46 53 38 44 46 3 34
70 46 12 -43 -4 2 31 82 4 21 3 13 -14 239 8 14 21 -27 47 8 46 89 -45 -16 4 -7 19 62 26 38
-5 4 -25 -21 -56 -7 23 50 -23 19 90 26 81 8 253 12 -4 46 6 19 -36 13 -6 34 67 -30 -11 -53 -30 23
2 4 59 22 34 -22 -14 56 17 7 29 30 -8 14 12 141 24 37 1 -1 -5 -21 -1 -3 30 -13 1 12 8 31
18 -12 29 9 5 45 16 21 -4 14 -8 12 8 21 -4 24 93 15 32 20 -19 21 16 -4 10 -15 -6 39 0 56
-20 1 21 -15 -38 0 -17 43 12 -16 -22 0 17 -27 46 37 15 115 10 -29 -7 -61 19 -4 37 2 -69 -29 -15 5
6 18 17 -21 17 34 -5 51 8 1 4 -19 83 47 6 1 32 10 158 9 15 46 61 26 -35 42 16 42 19 11
-41 -1 3 27 2 -7 13 -9 -14 29 36 4 31 8 19 -1 20 -29 9 130 7 31 0 10 -1 20 28 19 -1 42
41 22 -25 -25 -31 -43 -4 -6 35 -26 -41 -51 -12 46 -36 -5 -19 -7 15 7 163 61 -30 -16 38 28 6 51 -25 -12
14 26 16 -12 18 -6 48 30 -26 -34 22 -11 44 89 13 -21 21 -61 46 31 61 205 -15 37 20 -5 83 11 24 12
45 29 77 25 -17 -3 -9 -85 45 9 30 -8 -28 -45 -6 -1 16 19 61 0 -30 -15 167 35 -52 -2 -12 -26 37 -1
13 18 0 16 -80 -13 8 -8 27 1 59 12 46 -16 34 -3 -4 -4 26 10 -16 37 35 181 34 10 6 16 26 -4
29 -1 -31 13 -32 11 51 52 12 -4 24 2 53 4 67 30 10 37 -35 -1 38 20 -52 34 183 13 3 23 -32 26
4 14 -18 -13 12 13 -55 28 9 7 -6 -51 38 -7 -30 -13 -15 2 42 20 28 -5 -2 10 13 157 12 10 18 -37
34 -5 -4 19 43 36 25 -1 -32 10 44 -11 44 19 -11 1 -6 -69 16 28 6 83 -12 6 3 12 141 23 -28 0
5 16 -15 6 -17 40 7 47 8 36 -22 -8 46 62 -53 12 39 -29 42 19 51 11 -26 16 23 10 23 205 -20 79
-24 13 52 23 54 -29 25 8 20 5 20 35 3 26 -30 8 0 -15 19 -1 -25 24 37 26 -32 18 -28 -20 123 3
-45 1 13 28 2 62 33 49 -21 34 18 22 34 38 23 31 56 5 11 42 -12 12 -1 -4 26 -37 0 79 3 149

