Q_obj 
768 272 230 -134 71 -343 -239 -429 -17 171 -80 -124 234 -46
272 920 234 145 554 -246 -50 -302 420 215 257 151 -34 -242
230 234 769 30 -88 -82 -35 -310 -52 -13 -261 675 190 390
-134 145 30 858 -107 -60 75 94 128 249 184 11 -36 -12
71 554 -88 -107 1058 -24 -65 -33 540 279 -110 184 -551 -352
-343 -246 -82 -60 -24 622 -88 -247 -229 141 -466 30 75 34
-239 -50 -35 75 -65 -88 537 193 28 103 232 43 -53 -84
-429 -302 -310 94 -33 -247 193 1032 110 -634 456 145 -284 -86
-17 420 -52 128 540 -229 28 110 1226 20 211 99 -735 -93
171 215 -13 249 279 141 103 -634 20 1190 -270 -231 -282 -142
-80 257 -261 184 -110 -466 232 456 211 -270 901 -214 -71 -239
-124 151 675 11 184 30 43 145 99 -231 -214 1174 -154 239
234 -34 190 -36 -551 75 -53 -284 -735 -282 -71 -154 1478 -98
-46 -242 390 -12 -352 34 -84 -86 -93 -142 -239 239 -98 825

Q_cnstr 
151 21 45 14 20 -3 -33 -35 9 -37 12 14 -18 31
21 69 -15 12 -15 -1 -1 -1 6 -8 -36 -8 -5 10
45 -15 48 7 11 6 -20 -3 2 -8 13 13 -7 24
14 12 7 53 -1 10 11 -21 -4 -28 -14 14 -10 20
20 -15 11 -1 42 6 -14 -31 -5 -8 -4 -10 4 8
-3 -1 6 10 6 31 -6 -11 -6 -13 1 -24 10 9
-33 -1 -20 11 -14 -6 45 -10 -14 -5 6 0 8 -18
-35 -1 -3 -21 -31 -11 -10 80 -4 -4 5 10 -4 16
9 6 2 -4 -5 -6 -14 -4 40 6 5 22 -6 1
-37 -8 -8 -28 -8 -13 -5 -4 6 80 -18 -13 -1 -42
12 -36 13 -14 -4 1 6 5 5 -18 76 10 12 -6
14 -8 13 14 -10 -24 0 10 22 -13 10 74 -31 6
-18 -5 -7 -10 4 10 8 -4 -6 -1 12 -31 32 4
31 10 24 20 8 9 -18 16 1 -42 -6 6 4 59

