Q_obj 
476 48 -94 66 -17 -95 -72 149 -81 -103 -37 -45 -82 -148 32 -72 47 -54 169 62 23 -24 56 -63 64 60 5 3 19 -35 27 68 22 45 -3 84 46 76 32 -12 8 -25 -30 -74 -12
48 447 -106 40 -17 -32 -93 -17 157 -23 -41 -53 91 -103 56 -124 -4 135 14 25 -134 92 -73 111 -125 71 -85 -61 -38 70 -36 58 68 -22 40 60 23 63 68 65 30 -8 -9 -6 10
-94 -106 464 22 14 45 15 -28 52 18 55 193 120 139 -43 18 -104 52 61 -107 24 -51 -177 31 10 135 29 -26 -88 16 -101 -96 -74 -51 -2 -109 -132 -23 37 -24 6 63 81 15 -136
66 40 22 511 -71 -48 5 48 -26 -157 3 -34 59 31 -119 4 56 -27 84 -15 -24 -129 -39 -119 -67 -26 -71 20 -9 21 45 -63 -74 -82 61 -89 183 67 -133 -1 56 -32 -60 13 4
-17 -17 14 -71 449 46 51 -46 -69 -14 69 50 7 -3 37 -13 -35 105 -44 111 143 -14 75 -120 24 -9 -72 -70 -42 -83 106 -51 36 -134 -93 -50 -62 -57 27 -139 -37 129 63 -21 -34
-95 -32 45 -48 46 437 82 -107 -50 100 -22 21 -58 21 -125 2 -5 -11 -45 -24 44 -127 -150 15 -23 -78 -2 71 50 67 65 7 -118 -4 -62 -79 -90 -3 -139 85 -33 20 106 -15 -3
-72 -93 15 5 51 82 481 14 -50 64 37 29 20 -53 -73 -22 -17 -123 -35 24 47 -102 119 19 -58 -86 59 -133 21 -9 -16 -128 -3 26 -26 -11 24 -84 -90 -35 -95 -68 -62 -33 -137
149 -17 -28 48 -46 -107 14 399 10 -97 90 16 -30 -183 72 -52 -34 -60 47 55 49 73 -26 -66 11 137 9 41 96 -105 76 1 92 107 -34 39 15 8 34 -9 44 -76 -121 -14 -57
-81 157 52 -26 -69 -50 -50 10 389 -66 28 126 132 -12 -50 -113 -53 57 13 -10 21 112 -77 44 -11 209 38 -68 -15 124 -14 -47 23 0 85 -51 10 -113 33 0 -5 -9 125 59 -74
-103 -23 18 -157 -14 100 64 -97 -66 424 -143 -14 79 65 -40 -65 -63 15 -85 1 -80 -40 29 131 43 -35 23 -76 -66 65 -41 9 17 -16 -17 12 -21 173 -61 28 -57 138 24 42 44
-37 -41 55 3 69 -22 37 90 28 -143 479 35 11 15 111 188 -87 5 -72 48 66 124 70 30 -8 49 40 61 -65 -77 51 -75 160 25 -58 -11 -45 -85 89 -43 102 -89 59 117 -122
-45 -53 193 -34 50 21 29 16 126 -14 35 437 75 12 -73 -71 -35 74 -30 24 36 -28 -90 29 13 186 -30 -26 -57 -104 102 -96 61 -13 3 -112 -78 -50 35 -69 -59 20 106 -30 -134
-82 91 120 59 7 -58 20 -30 132 79 11 75 467 97 -20 -129 -4 -1 -147 28 -67 -7 -110 43 54 110 -31 -49 -85 39 -85 -149 12 -47 11 -1 -83 -80 -25 153 3 -55 109 88 -51
-148 -103 139 31 -3 21 -53 -183 -12 65 15 12 97 440 -47 -27 39 -79 -42 -3 66 -105 -26 70 10 -51 41 6 -119 101 23 68 -8 -210 8 -85 -23 -9 -18 23 -29 33 14 104 72
32 56 -43 -119 37 -125 -73 72 -50 -40 111 -73 -20 -47 500 19 8 -43 27 39 -64 63 57 50 73 55 -38 31 -152 -103 -64 -31 125 0 -11 8 -122 4 60 42 40 85 -132 -74 -40
-72 -124 18 4 -13 2 -22 -52 -113 -65 188 -71 -129 -27 19 464 10 50 46 -97 -71 97 180 -4 -33 -4 11 38 86 -101 55 -30 6 51 19 23 -49 33 104 -18 144 -75 6 23 21
47 -4 -104 56 -35 -5 -17 -34 -53 -63 -87 -35 -4 39 8 10 450 -17 -73 -81 -86 -211 73 4 1 -41 -101 -44 -71 -32 96 10 -20 73 19 -44 101 -24 4 49 -105 -69 -88 -13 12
-54 135 52 -27 105 -11 -123 -60 57 15 5 74 -1 -79 -43 50 -17 469 -65 -90 -71 116 8 71 -80 40 -24 -18 -80 -34 79 36 14 -57 12 -25 78 3 41 -14 29 38 87 48 -63
169 14 61 84 -44 -45 -35 47 13 -85 -72 -30 -147 -42 27 46 -73 -65 436 93 49 37 -38 -37 -29 8 -14 -112 43 13 -4 61 -72 -31 48 -16 -55 71 87 -63 53 20 -34 -151 -24
62 25 -107 -15 111 -24 24 55 -10 1 48 24 28 -3 39 -97 -81 -90 93 414 8 35 -14 -15 44 -69 -149 -3 -32 -46 62 -80 5 -94 -27 43 -68 -81 103 -45 11 75 44 -30 -9
23 -134 24 -24 143 44 47 49 21 -80 66 36 -67 66 -64 -71 -86 -71 49 8 484 26 -80 -105 81 -44 145 -53 56 11 122 47 44 -97 -7 23 15 -78 -26 -67 45 -107 42 -25 62
-24 92 -51 -129 -14 -127 -102 73 112 -40 124 -28 -7 -105 63 97 -211 116 37 35 26 421 -37 -25 -41 99 2 33 26 -59 -21 106 93 74 85 154 19 -24 126 -57 171 -54 69 -69 10
56 -73 -177 -39 75 -150 119 -26 -77 29 70 -90 -110 -26 57 180 73 8 -38 -14 -80 -37 645 52 -78 -27 53 -128 95 -97 102 -33 27 10 7 23 88 46 5 -19 -74 -25 -99 58 -33
-63 111 31 -119 -120 15 19 -66 44 131 30 29 43 70 50 -4 4 71 -37 -15 -105 -25 52 447 -54 -8 20 -63 -96 12 -1 -47 49 -45 17 65 -99 49 31 154 -5 -55 40 122 -57
64 -125 10 -67 24 -23 -58 11 -11 43 -8 13 54 10 73 -33 1 -80 -29 44 81 -41 -78 -54 386 -49 28 52 -17 -11 67 29 -45 12 -28 -31 -43 -54 -8 28 7 100 127 52 10
60 71 135 -26 -9 -78 -86 137 209 -35 49 186 110 -51 55 -4 -41 40 8 -69 -44 99 -27 -8 -49 514 -21 -8 -67 -24 -20 -80 213 -18 46 -56 -27 -55 34 -101 -6 30 -30 31 -183
5 -85 29 -71 -72 -2 59 9 38 23 40 -30 -31 41 -38 11 -101 -24 -14 -149 145 2 53 20 28 -21 564 48 30 114 -94 139 -71 7 87 -3 55 -10 -121 93 -28 32 -36 235 -9
3 -61 -26 20 -70 71 -133 41 -68 -76 61 -26 -49 6 31 38 -44 -18 -112 -3 -53 33 -128 -63 52 -8 48 393 -5 -4 3 28 -44 18 69 -8 -29 -37 -44 -9 43 57 1 57 -34
19 -38 -88 -9 -42 50 21 96 -15 -66 -65 -57 -85 -119 -152 86 -71 -80 43 -32 56 26 95 -96 -17 -67 30 -5 499 7 59 -6 -86 94 -122 -5 -64 9 -101 94 21 -145 36 7 132
-35 70 16 21 -83 67 -9 -105 124 65 -77 -104 39 101 -103 -101 -32 -34 13 -46 11 -59 -97 12 -11 -24 114 -4 7 298 -118 37 -82 -15 37 -6 38 -44 -61 38 -37 14 54 125 54
27 -36 -101 45 106 65 -16 76 -14 -41 51 102 -85 23 -64 55 96 79 -4 62 122 -21 102 -1 67 -20 -94 3 59 -118 521 37 57 -56 -80 -100 74 -4 81 -63 1 -32 8 6 23
68 58 -96 -63 -51 7 -128 1 -47 9 -75 -96 -149 68 -31 -30 10 36 61 -80 47 106 -33 -47 29 -80 139 28 -6 37 37 565 -73 87 64 84 88 62 39 -13 4 -36 20 -9 47
22 68 -74 -74 36 -118 -3 92 23 17 160 61 12 -8 125 6 -20 14 -72 5 44 93 27 49 -45 213 -71 -44 -86 -82 57 -73 449 -60 -98 -6 17 71 41 -130 1 -58 -149 76 35
45 -22 -51 -82 -134 -4 26 107 0 -16 25 -13 -47 -210 0 51 73 -57 -31 -94 -97 74 10 -45 12 -18 7 18 94 -15 -56 87 -60 442 -8 135 20 75 55 -7 16 -128 15 -57 -6
-3 40 -2 61 -93 -62 -26 -34 85 -17 -58 3 11 8 -11 19 19 12 48 -27 -7 85 7 17 -28 46 87 69 -122 37 -80 64 -98 -8 327 74 54 -45 29 51 77 8 63 -56 -79
84 60 -109 -89 -50 -79 -11 39 -51 12 -11 -112 -1 -85 8 23 -44 -25 -16 43 23 154 23 65 -31 -56 -3 -8 -5 -6 -100 84 -6 135 74 382 -27 34 104 5 93 -130 19 -48 112
46 23 -132 183 -62 -90 24 15 10 -21 -45 -78 -83 -23 -122 -49 101 78 -55 -68 15 19 88 -99 -43 -27 55 -29 -64 38 74 88 17 20 54 -27 422 5 -80 -83 -20 18 -138 67 2
76 63 -23 67 -57 -3 -84 8 -113 173 -85 -50 -80 -9 4 33 -24 3 71 -81 -78 -24 46 49 -54 -55 -10 -37 9 -44 -4 62 71 75 -45 34 5 488 -14 -65 3 104 -109 -94 228
32 68 37 -133 27 -139 -90 34 33 -61 89 35 -25 -18 60 104 4 41 87 103 -26 126 5 31 -8 34 -121 -44 -101 -61 81 39 41 55 29 104 -80 -14 390 -76 66 -23 1 -126 13
-12 65 -24 -1 -139 85 -35 -9 0 28 -43 -69 153 23 42 -18 49 -14 -63 -45 -67 -57 -19 154 28 -101 93 -9 94 38 -63 -13 -130 -7 51 5 -83 -65 -76 539 84 -120 41 35 101
8 30 6 56 -37 -33 -95 44 -5 -57 102 -59 3 -29 40 144 -105 29 53 11 45 171 -74 -5 7 -6 -28 43 21 -37 1 4 1 16 77 93 -20 3 66 84 272 -101 74 -27 55
-25 -8 63 -32 129 20 -68 -76 -9 138 -89 20 -55 33 85 -75 -69 38 20 75 -107 -54 -25 -55 100 30 32 57 -145 14 -32 -36 -58 -128 8 -130 18 104 -23 -120 -101 445 -11 1 -21
-30 -9 81 -60 63 106 -62 -121 125 24 59 106 109 14 -132 6 -88 87 -34 44 42 69 -99 40 127 -30 -36 1 36 54 8 20 -149 15 63 19 -138 -109 1 41 74 -11 447 10 -70
-74 -6 15 13 -21 -15 -33 -14 59 42 117 -30 88 104 -74 23 -13 48 -151 -30 -25 -69 58 122 52 31 235 57 7 125 6 -9 76 -57 -56 -48 67 -94 -126 35 -27 1 10 556 -57
-12 10 -136 4 -34 -3 -137 -57 -74 44 -122 -134 -51 72 -40 21 12 -63 -24 -9 62 10 -33 -57 10 -183 -9 -34 132 54 23 47 35 -6 -79 112 2 228 13 101 55 -21 -70 -57 515

Q_cnstr 
134 16 6 10 7 17 -22 5 15 25 30 -12 0 -9 -3 4 13 -67 -16 -1 35 12 -15 4 44 -3 -9 -11 -32 -26 7 14 -17 -9 3 -25 13 4 -14 39 9 12 29 16 5
16 77 -8 -2 -6 2 15 -15 6 -4 37 24 -6 -4 -15 -10 -5 -18 -17 -18 4 18 -18 9 12 24 6 4 1 9 1 -3 14 4 21 -6 -4 8 14 11 -16 17 0 -2 -10
6 -8 102 -2 12 -10 18 -5 -28 7 25 -2 14 10 5 -10 -18 -10 6 -18 24 -13 0 -30 41 -44 21 -21 -12 -2 -3 0 -34 15 6 -2 19 -9 -5 -6 9 -7 -13 12 -4
10 -2 -2 181 -25 -1 -22 28 -20 40 64 9 16 -20 11 -2 34 8 6 16 9 0 20 26 26 34 9 9 -21 -38 -9 21 3 25 -20 28 72 53 -18 -41 -9 24 -19 6 12
7 -6 12 -25 79 -9 11 13 7 -4 -1 0 -13 8 20 -2 -25 -11 20 16 19 -6 -28 -19 -23 -21 15 -28 -12 14 -4 3 -7 3 -18 2 -6 -41 5 -7 0 6 1 -13 3
17 2 -10 -1 -9 64 5 8 -9 10 9 -12 16 4 2 17 -17 -18 -5 3 -5 26 24 -1 0 20 -20 21 -16 -4 -5 0 12 6 -9 -5 11 2 0 3 3 -1 8 4 7
-22 15 18 -22 11 5 99 16 4 -18 -6 36 -2 -3 -29 -3 -26 6 -2 -28 19 -1 20 -9 4 12 18 1 -10 14 -1 -36 10 2 8 -9 -23 -30 22 -13 -9 -15 6 -20 -33
5 -15 -5 28 13 8 16 157 -1 0 18 -22 1 3 11 -30 -38 28 2 -6 -6 -31 55 19 -48 17 11 -5 -14 -26 0 6 5 16 -22 27 15 26 -8 -12 45 4 -20 -12 23
15 6 -28 -20 7 -9 4 -1 173 -26 -55 34 -28 10 4 -28 47 0 -10 -5 18 0 -5 56 22 8 -10 16 26 19 -46 -7 -23 13 0 -26 10 -20 -22 45 17 2 16 -50 21
25 -4 7 40 -4 10 -18 0 -26 143 13 14 -13 2 24 27 8 -38 10 -5 24 -2 27 -39 -24 -5 0 -65 -7 21 10 -9 -19 33 -43 22 8 18 -13 -11 -4 -23 8 19 4
30 37 25 64 -1 9 -6 18 -55 13 207 5 55 -12 4 -16 31 16 -9 2 -18 22 -14 -35 0 -27 5 -23 -37 -38 -6 -9 28 -6 5 -1 23 33 6 7 -3 19 -5 29 7
-12 24 -2 9 0 -12 36 -22 34 14 5 106 -35 3 -20 -1 18 12 8 -7 14 -11 11 -13 3 19 6 0 15 0 12 -36 5 5 4 8 -25 4 20 19 -5 -30 -4 -17 -34
0 -6 14 16 -13 16 -2 1 -28 -13 55 -35 148 20 -1 14 5 2 -28 -9 -27 -8 27 -5 -28 -6 9 -9 13 18 -13 37 5 -5 -1 -8 47 29 -12 -9 13 4 4 35 18
-9 -4 10 -20 8 4 -3 3 10 2 -12 3 20 51 -3 10 -1 3 -11 -3 -23 -1 13 -1 -25 -27 1 -6 18 26 -11 17 -4 9 -17 11 -7 -21 -7 27 -6 -7 5 9 -12
-3 -15 5 11 20 2 -29 11 4 24 4 -20 -1 -3 96 -4 8 -10 21 24 14 8 3 -26 -43 -12 -4 -19 -20 -3 9 -7 -35 24 -27 -2 50 42 -22 -11 -2 -5 5 -21 19
4 -10 -10 -2 -2 17 -3 -30 -28 27 -16 -1 14 10 -4 100 -10 -37 9 17 -41 12 -1 9 1 -17 -12 11 -16 33 8 -7 34 5 -26 38 14 -17 -12 -19 19 1 10 31 -13
13 -5 -18 34 -25 -17 -26 -38 47 8 31 18 5 -1 8 -10 178 23 -18 22 -9 -4 -14 49 40 34 3 2 2 -19 -6 -35 7 27 11 -54 5 -21 -21 30 -39 -6 -9 5 -29
-67 -18 -10 8 -11 -18 6 28 0 -38 16 12 2 3 -10 -37 23 150 1 27 -16 -36 19 29 1 10 -10 13 50 -32 9 -12 17 25 -10 -15 -18 -4 18 13 0 -3 -20 -20 -24
-16 -17 6 6 20 -5 -2 2 -10 10 -9 8 -28 -11 21 9 -18 1 75 9 18 4 -9 -22 2 -19 -4 4 -26 -8 19 -4 -24 -3 -16 18 -31 -5 9 -12 30 -4 -9 3 -27
-1 -18 -18 16 16 3 -28 -6 -5 -5 2 -7 -9 -3 24 17 22 27 9 90 -27 -6 2 19 5 -20 5 -1 -27 -25 -6 -1 25 10 -2 -4 17 11 0 -4 22 8 -12 -8 11
35 4 24 9 19 -5 19 -6 18 24 -18 14 -27 -23 14 -41 -9 -16 18 -27 114 -14 -4 -9 32 21 0 -23 8 -22 25 12 -60 20 5 -37 -5 2 8 4 -13 5 13 -5 -13
12 18 -13 0 -6 26 -1 -31 0 -2 22 -11 -8 -1 8 12 -4 -36 4 -6 -14 93 -29 -21 16 -28 -15 12 -32 7 -1 2 23 -5 -3 -12 21 8 -2 -3 -5 -2 10 -8 -26
-15 -18 0 20 -28 24 20 55 -5 27 -14 11 27 13 3 -1 -14 19 -9 2 -4 -29 116 -2 -8 28 9 -15 12 9 5 -6 -22 24 -4 18 16 29 -3 -11 -4 -22 6 11 11
4 9 -30 26 -19 -1 -9 19 56 -39 -35 -13 -5 -1 -26 9 49 29 -22 19 -9 -21 -2 162 51 36 5 45 2 -26 -27 35 9 43 19 -30 9 -13 9 26 -10 38 -1 6 -5
44 12 41 26 -23 0 4 -48 22 -24 0 3 -28 -25 -43 1 40 1 2 5 32 16 -8 51 218 -9 -9 37 -6 -13 -2 -17 -2 14 42 -17 -8 -14 -9 17 -4 9 6 -3 16
-3 24 -44 34 -21 20 12 17 8 -5 -27 19 -6 -27 -12 -17 34 10 -19 -20 21 -28 28 36 -9 178 29 37 30 -24 18 -14 -1 13 36 -11 26 4 -4 -34 -42 10 -6 7 12
-9 6 21 9 15 -20 18 11 -10 0 5 6 9 1 -4 -12 3 -10 -4 5 0 -15 9 5 -9 29 117 -12 -19 -3 -9 -12 -17 -6 13 -16 -9 6 17 -2 -9 1 -8 5 25
-11 4 -21 9 -28 21 1 -5 16 -65 -23 0 -9 -6 -19 11 2 13 4 -1 -23 12 -15 45 37 37 -12 116 4 -8 -15 -1 39 -23 10 -15 -15 -20 0 -18 19 10 -20 -10 -6
-32 1 -12 -21 -12 -16 -10 -14 26 -7 -37 15 13 18 -20 -16 2 50 -26 -27 8 -32 12 2 -6 30 -19 4 125 27 15 0 -8 2 8 1 5 -15 -1 23 -34 2 -3 8 -5
-26 9 -2 -38 14 -4 14 -26 19 21 -38 0 18 26 -3 33 -19 -32 -8 -25 -22 7 9 -26 -13 -24 -3 -8 27 152 -39 11 -22 13 -48 14 -13 -53 -29 -29 -7 -15 4 -46 28
7 1 -3 -9 -4 -5 -1 0 -46 10 -6 12 -13 -11 9 8 -6 9 19 -6 25 -1 5 -27 -2 18 -9 -15 15 -39 117 -22 -1 22 11 38 -2 21 15 -3 -22 -12 -2 20 -32
14 -3 0 21 3 0 -36 6 -7 -9 -9 -36 37 17 -7 -7 -35 -12 -4 -1 12 2 -6 35 -17 -14 -12 -1 0 11 -22 132 -28 -6 -1 -14 35 -17 11 -4 19 51 4 32 4
-17 14 -34 3 -7 12 10 5 -23 -19 28 5 5 -4 -35 34 7 17 -24 25 -60 23 -22 9 -2 -1 -17 39 -8 -22 -1 -28 130 -23 7 3 -6 -2 9 -28 14 7 -16 4 -21
-9 4 15 25 3 6 2 16 13 33 -6 5 -5 9 24 5 27 25 -3 10 20 -5 24 43 14 13 -6 -23 2 13 22 -6 -23 109 -24 6 58 5 -11 -20 -21 -4 -12 -18 -2
3 21 6 -20 -18 -9 8 -22 0 -43 5 4 -1 -17 -27 -26 11 -10 -16 -2 5 -3 -4 19 42 36 13 10 8 -48 11 -1 7 -24 88 -14 1 10 20 18 -22 10 -6 20 0
-25 -6 -2 28 2 -5 -9 27 -26 22 -1 8 -8 11 -2 38 -54 -15 18 -4 -37 -12 18 -30 -17 -11 -16 -15 1 14 38 -14 3 6 -14 135 7 27 -19 -18 22 -12 -9 -3 28
13 -4 19 72 -6 11 -23 15 10 8 23 -25 47 -7 50 14 5 -18 -31 17 -5 21 16 9 -8 26 -9 -15 5 -13 -2 35 -6 58 1 7 243 50 -39 -44 12 22 9 20 44
4 8 -9 53 -41 2 -30 26 -20 18 33 4 29 -21 42 -17 -21 -4 -5 11 2 8 29 -13 -14 4 6 -20 -15 -53 21 -17 -2 5 10 27 50 155 -13 0 18 -19 10 -7 41
-14 14 -5 -18 5 0 22 -8 -22 -13 6 20 -12 -7 -22 -12 -21 18 9 0 8 -2 -3 9 -9 -4 17 0 -1 -29 15 11 9 -11 20 -19 -39 -13 66 19 -8 17 -5 22 -32
39 11 -6 -41 -7 3 -13 -12 45 -11 7 19 -9 27 -11 -19 30 13 -12 -4 4 -3 -11 26 17 -34 -2 -18 23 -29 -3 -4 -28 -20 18 -18 -44 0 19 150 -8 -6 22 -1 -41
9 -16 9 -9 0 3 -9 45 17 -4 -3 -5 13 -6 -2 19 -39 0 30 22 -13 -5 -4 -10 -4 -42 -9 19 -34 -7 -22 19 14 -21 -22 22 12 18 -8 -8 136 1 -23 6 12
12 17 -7 24 6 -1 -15 4 2 -23 19 -30 4 -7 -5 1 -6 -3 -4 8 5 -2 -22 38 9 10 1 10 2 -15 -12 51 7 -4 10 -12 22 -19 17 -6 1 67 2 35 4
29 0 -13 -19 1 8 6 -20 16 8 -5 -4 4 5 5 10 -9 -20 -9 -12 13 10 6 -1 6 -6 -8 -20 -3 4 -2 4 -16 -12 -6 -9 9 10 -5 22 -23 2 64 10 11
16 -2 12 6 -13 4 -20 -12 -50 19 29 -17 35 9 -21 31 5 -20 3 -8 -5 -8 11 6 -3 7 5 -10 8 -46 20 32 4 -18 20 -3 20 -7 22 -1 6 35 10 131 -30
5 -10 -4 12 3 7 -33 23 21 4 7 -34 18 -12 19 -13 -29 -24 -27 11 -13 -26 11 -5 16 12 25 -6 -5 28 -32 4 -21 -2 0 28 44 41 -32 -41 12 4 11 -30 178

