Q_obj 
257 -42 0 -36 14 -48 10 -38 -26 24 -66 -77 -4 -70 4 47 -6 4 -42 -65
-42 164 -5 73 46 -16 21 28 -33 8 -4 -31 7 3 3 -34 29 49 36 50
0 -5 247 77 2 24 9 -44 -77 -6 -72 24 -44 -32 -16 4 20 54 -19 -57
-36 73 77 246 59 -2 -43 52 -88 43 13 81 -18 46 11 -108 28 12 -55 16
14 46 2 59 134 -5 65 4 2 12 60 20 5 -20 17 -30 9 43 -12 26
-48 -16 24 -2 -5 205 27 -52 -11 31 -54 -5 3 -14 46 -22 10 -26 -26 7
10 21 9 -43 65 27 151 -66 27 26 40 -13 24 -33 35 20 2 41 25 -11
-38 28 -44 52 4 -52 -66 184 15 -38 40 2 -31 -27 57 -79 41 22 -15 11
-26 -33 -77 -88 2 -11 27 15 158 11 117 4 -67 28 0 -25 -50 -7 6 56
24 8 -6 43 12 31 26 -38 11 180 9 -4 -11 60 41 -73 40 44 -22 57
-66 -4 -72 13 60 -54 40 40 117 9 255 70 -48 16 17 -70 -41 -3 0 30
-77 -31 24 81 20 -5 -13 2 4 -4 70 169 -60 90 -5 -40 -1 -15 -20 16
-4 7 -44 -18 5 3 24 -31 -67 -11 -48 -60 192 -44 -9 10 -12 -30 56 -5
-70 3 -32 46 -20 -14 -33 -27 28 60 16 90 -44 162 -68 -58 6 5 -6 117
4 3 -16 11 17 46 35 57 0 41 17 -5 -9 -68 214 -47 86 20 -10 -83
47 -34 4 -108 -30 -22 20 -79 -25 -73 -70 -40 10 -58 -47 226 -69 -85 21 -70
-6 29 20 28 9 10 2 41 -50 40 -41 -1 -12 6 86 -69 170 75 33 1
4 49 54 12 43 -26 41 22 -7 44 -3 -15 -30 5 20 -85 75 170 3 8
-42 36 -19 -55 -12 -26 25 -15 6 -22 0 -20 56 -6 -10 21 33 3 96 24
-65 50 -57 16 26 7 -11 11 56 57 30 16 -5 117 -83 -70 1 8 24 209

Q_cnstr 
56 -2 2 10 0 -14 -11 -20 3 -5 -18 42 1 -3 4 38 13 8 -24 -12
-2 88 -22 8 21 -15 29 31 15 7 -13 16 36 23 -29 4 1 -42 3 -10
2 -22 207 15 -85 38 -43 -56 -14 0 2 0 -81 -12 42 -34 32 -14 19 1
10 8 15 22 -5 5 -25 -2 -3 -8 -10 15 1 2 -5 0 -3 -10 2 -4
0 21 -85 -5 73 -11 46 20 -10 2 -27 -6 51 1 -13 38 -1 7 -5 -5
-14 -15 38 5 -11 113 6 1 -19 2 21 0 14 -28 -2 -82 -7 -32 48 -2
-11 29 -43 -25 46 6 126 18 1 6 -3 -38 41 -5 -7 25 4 1 -5 -27
-20 31 -56 -2 20 1 18 85 29 16 6 -9 18 -12 -10 -21 -13 -1 12 9
3 15 -14 -3 -10 -19 1 29 134 25 35 2 28 -18 -28 55 -54 -17 13 -4
-5 7 0 -8 2 2 6 16 25 63 23 29 14 -8 -6 10 24 -9 -7 5
-18 -13 2 -10 -27 21 -3 6 35 23 61 -3 26 -23 -5 -10 -16 -15 21 16
42 16 0 15 -6 0 -38 -9 2 29 -3 105 9 -5 -3 28 42 17 -17 1
1 36 -81 1 51 14 41 18 28 14 26 9 134 -18 -32 61 -25 -31 0 -8
-3 23 -12 2 1 -28 -5 -12 -18 -8 -23 -5 -18 65 -1 -15 -1 1 -12 -8
4 -29 42 -5 -13 -2 -7 -10 -28 -6 -5 -3 -32 -1 53 -1 31 46 -3 11
38 4 -34 0 38 -82 25 -21 55 10 -10 28 61 -15 -1 215 0 15 -60 -15
13 1 32 -3 -1 -7 4 -13 -54 24 -16 42 -25 -1 31 0 76 40 -28 -2
8 -42 -14 -10 7 -32 1 -1 -17 -9 -15 17 -31 1 46 15 40 132 -20 16
-24 3 19 2 -5 48 -5 12 13 -7 21 -17 0 -12 -3 -60 -28 -20 66 19
-12 -10 1 -4 -5 -2 -27 9 -4 5 16 1 -8 -8 11 -15 -2 16 19 52

