Q_obj 
351 -149 35 -76 -82 35 49 -35 22 -13 -167 0 -24 -8 29 -58 62 83 89 -12 32 -56 16 -69 34 -57 -118 -64 -111 -62
-149 405 98 6 54 12 -16 71 -6 -142 158 40 -31 31 -21 65 23 30 -68 50 -29 -76 -21 -7 45 43 32 54 24 -17
35 98 330 26 -58 -12 20 53 41 -32 29 83 56 -56 -108 95 34 50 -91 71 73 -110 -112 -34 18 6 -44 62 -77 -120
-76 6 26 192 65 -61 -7 -9 -72 15 15 -7 12 -59 -34 -73 16 3 35 17 12 83 -18 44 18 65 40 62 35 -29
-82 54 -58 65 358 106 51 -33 -29 36 82 -85 -63 -43 -77 -95 -28 -39 14 123 -38 -12 6 -3 -9 -23 -74 66 39 -35
35 12 -12 -61 106 319 174 -46 63 4 77 -87 -24 17 -9 -56 -31 31 39 127 39 -35 64 -16 42 -6 -92 103 -76 10
49 -16 20 -7 51 174 368 43 54 65 18 -18 37 -21 -60 -112 -36 -97 -13 114 22 -16 -5 -67 58 84 26 66 49 -25
-35 71 53 -9 -33 -46 43 344 45 -88 99 33 0 -40 -84 93 2 72 23 -15 -53 -73 -21 -118 23 109 -11 -21 24 18
22 -6 41 -72 -29 63 54 45 350 -27 20 169 -80 40 38 -15 -105 52 77 81 5 32 -125 -56 -29 -12 26 -58 -43 -26
-13 -142 -32 15 36 4 65 -88 -27 261 -15 -59 40 12 -36 -76 -35 -108 -34 -26 37 -23 -27 4 22 61 9 -27 145 22
-167 158 29 15 82 77 18 99 20 -15 300 -38 -67 4 -82 -6 -58 95 -58 3 -61 -10 -23 -8 24 28 -42 -20 99 67
0 40 83 -7 -85 -87 -18 33 169 -59 -38 297 21 -28 45 -16 -41 -58 11 12 35 21 -11 -42 -28 -36 76 -2 -73 -22
-24 -31 56 12 -63 -24 37 0 -80 40 -67 21 299 -10 38 72 -11 -113 -54 -87 13 -108 72 -121 26 26 49 -3 -53 -36
-8 31 -56 -59 -43 17 -21 -40 40 12 4 -28 -10 258 118 -9 -81 -22 7 29 -122 -46 20 -87 43 -5 11 -20 40 50
29 -21 -108 -34 -77 -9 -60 -84 38 -36 -82 45 38 118 354 -20 7 -30 61 -101 -48 60 80 -72 49 17 95 -94 -65 55
-58 65 95 -73 -95 -56 -112 93 -15 -76 -6 -16 72 -9 -20 356 -29 27 -76 -21 -44 -66 -93 -38 -83 -61 25 48 -39 -92
62 23 34 16 -28 -31 -36 2 -105 -35 -58 -41 -11 -81 7 -29 293 28 8 -60 132 -1 111 58 118 -28 -28 31 -62 -2
83 30 50 3 -39 31 -97 72 52 -108 95 -58 -113 -22 -30 27 28 363 52 -35 0 -28 -33 8 -28 -75 -93 -57 -67 -47
89 -68 -91 35 14 39 -13 23 77 -34 -58 11 -54 7 61 -76 8 52 197 30 -10 85 18 -20 41 47 -15 -13 -61 -12
-12 50 71 17 123 127 114 -15 81 -26 3 12 -87 29 -101 -21 -60 -35 30 347 -11 32 -30 58 -27 -17 29 178 -47 -62
32 -29 73 12 -38 39 22 -53 5 37 -61 35 13 -122 -48 -44 132 0 -10 -11 292 -22 -21 119 -29 -11 -42 27 -31 -21
-56 -76 -110 83 -12 -35 -16 -73 32 -23 -10 21 -108 -46 60 -66 -1 -28 85 32 -22 281 -41 131 10 39 131 23 0 34
16 -21 -112 -18 6 64 -5 -21 -125 -27 -23 -11 72 20 80 -93 111 -33 18 -30 -21 -41 358 -43 58 -25 -52 62 -113 100
-69 -7 -34 44 -3 -16 -67 -118 -56 4 -8 -42 -121 -87 -72 -38 58 8 -20 58 119 131 -43 295 -134 -2 34 40 8 11
34 45 18 18 -9 42 58 23 -29 22 24 -28 26 43 49 -83 118 -28 41 -27 -29 10 58 -134 334 52 16 10 10 63
-57 43 6 65 -23 -6 84 109 -12 61 28 -36 26 -5 17 -61 -28 -75 47 -17 -11 39 -25 -2 52 354 27 -52 93 39
-118 32 -44 40 -74 -92 26 -11 26 9 -42 76 49 11 95 25 -28 -93 -15 29 -42 131 -52 34 16 27 290 38 10 -10
-64 54 62 62 66 103 66 -21 -58 -27 -20 -2 -3 -20 -94 48 31 -57 -13 178 27 23 62 40 10 -52 38 301 -77 -60
-111 24 -77 35 39 -76 49 24 -43 145 99 -73 -53 40 -65 -39 -62 -67 -61 -47 -31 0 -113 8 10 93 10 -77 384 68
-62 -17 -120 -29 -35 10 -25 18 -26 22 67 -22 -36 50 55 -92 -2 -47 -12 -62 -21 34 100 11 63 39 -10 -60 68 211

Q_cnstr 
45 6 9 -12 -14 38 -6 14 -5 22 -11 -7 7 -5 -6 -10 -5 -2 -33 -13 -5 -14 -12 2 -1 -8 -1 9 5 -1
6 68 -8 -16 -7 9 -8 6 -11 14 13 -1 -20 -16 -9 -19 -10 7 -15 9 3 -11 -17 25 -13 -2 -6 5 2 3
9 -8 103 6 8 19 14 4 -3 9 -10 -15 -31 20 12 -6 -12 16 12 -9 14 34 -19 7 1 30 15 -27 11 -13
-12 -16 6 90 0 -26 10 -28 23 -10 -22 29 -1 61 -9 3 16 -10 17 5 -3 -8 12 -11 -25 -2 -12 -26 -40 -26
-14 -7 8 0 83 6 -28 9 -19 -23 3 1 -35 -10 2 29 6 2 24 -35 11 9 -20 -13 15 39 21 19 -2 17
38 9 19 -26 6 136 6 7 -14 -4 -28 -2 9 31 -45 -20 -19 -3 -46 -44 3 -17 -5 19 62 19 7 23 18 8
-6 -8 14 10 -28 6 166 -21 23 -41 -5 -14 32 7 -38 -72 -20 -14 -33 19 -27 19 44 -16 -22 20 5 -22 38 -33
14 6 4 -28 9 7 -21 72 -8 8 -20 -16 -2 -6 -1 23 0 5 1 -14 -10 -2 5 10 -22 -1 3 -20 9 15
-5 -11 -3 23 -19 -14 23 -8 110 -15 1 -15 14 12 -15 -16 14 18 -60 0 -31 -19 24 17 -11 -13 -25 -25 -18 20
22 14 9 -10 -23 -4 -41 8 -15 121 15 0 -10 -9 6 -3 -13 21 7 34 -3 16 14 25 2 -16 -12 -21 -19 -9
-11 13 -10 -22 3 -28 -5 -20 1 15 121 -2 12 -45 -7 -13 10 14 54 -6 -24 -10 12 27 -16 11 42 10 -6 -8
-7 -1 -15 29 1 -2 -14 -16 -15 0 -2 58 2 18 13 26 10 -35 22 29 1 -3 13 5 -26 -6 7 -2 -23 -16
7 -20 -31 -1 -35 9 32 -2 14 -10 12 2 101 13 10 10 -8 -10 -16 -1 -33 -37 40 4 8 -11 15 -10 12 11
-5 -16 20 61 -10 31 7 -6 12 -9 -45 18 13 130 -4 14 -12 -19 2 -15 10 2 -5 1 23 -9 -32 -19 -20 16
-6 -9 12 -9 2 -45 -38 -1 -15 6 -7 13 10 -4 154 69 10 0 41 3 -4 -33 -49 -13 -10 -38 9 -24 27 32
-10 -19 -6 3 29 -20 -72 23 -16 -3 -13 26 10 14 69 132 22 -13 38 12 7 -5 -18 -20 -34 2 -11 -24 10 48
-5 -10 -12 16 6 -19 -20 0 14 -13 10 10 -8 -12 10 22 58 6 15 13 -27 -25 -11 18 -18 -5 -28 -2 -16 0
-2 7 16 -10 2 -3 -14 5 18 21 14 -35 -10 -19 0 -13 6 54 8 -1 -11 -14 -16 27 23 10 -6 -7 8 10
-33 -15 12 17 24 -46 -33 1 -60 7 54 22 -16 2 41 38 15 8 148 0 3 7 6 0 -16 -1 36 -18 -6 -24
-13 9 -9 5 -35 -44 19 -14 0 34 -6 29 -1 -15 3 12 13 -1 0 121 -6 23 15 30 -46 4 -31 -5 -15 0
-5 3 14 -3 11 3 -27 -10 -31 -3 -24 1 -33 10 -4 7 -27 -11 3 -6 101 38 -32 -34 26 -4 35 13 19 -8
-14 -11 34 -8 9 -17 19 -2 -19 16 -10 -3 -37 2 -33 -5 -25 -14 7 23 38 102 26 -32 1 21 -19 9 3 -8
-12 -17 -19 12 -20 -5 44 5 24 14 12 13 40 -5 -49 -18 -11 -16 6 15 -32 26 123 5 -5 10 5 -31 -20 -42
2 25 7 -11 -13 19 -16 10 17 25 27 5 4 1 -13 -20 18 27 0 30 -34 -32 5 106 26 9 -6 -21 -14 -11
-1 -13 1 -25 15 62 -22 -22 -11 2 -16 -26 8 23 -10 -34 -18 23 -16 -46 26 1 -5 26 161 19 -1 17 10 -4
-8 -2 30 -2 39 19 20 -1 -13 -16 11 -6 -11 -9 -38 2 -5 10 -1 4 -4 21 10 9 19 82 18 2 4 -15
-1 -6 15 -12 21 7 5 3 -25 -12 42 7 15 -32 9 -11 -28 -6 36 -31 35 -19 5 -6 -1 18 150 -19 16 -42
9 5 -27 -26 19 23 -22 -20 -25 -21 10 -2 -10 -19 -24 -24 -2 -7 -18 -5 13 9 -31 -21 17 2 -19 109 -7 24
5 2 11 -40 -2 18 38 9 -18 -19 -6 -23 12 -20 27 10 -16 8 -6 -15 19 3 -20 -14 10 4 16 -7 81 -2
-1 3 -13 -26 17 8 -33 15 20 -9 -8 -16 11 16 32 48 0 10 -24 0 -8 -8 -42 -11 -4 -15 -42 24 -2 121

