Q_obj 
32 -11 -4 -6 0 -11 -9 2 -11 3
-11 59 -8 -4 16 25 0 5 43 14
-4 -8 18 11 -4 -10 6 -3 -10 0
-6 -4 11 16 0 -11 6 -7 -1 -1
0 16 -4 0 12 18 -8 0 22 0
-11 25 -10 -11 18 86 -5 20 14 -26
-9 0 6 6 -8 -5 27 6 -23 -5
2 5 -3 -7 0 20 6 14 -14 -6
-11 43 -10 -1 22 14 -23 -14 86 4
3 14 0 -1 0 -26 -5 -6 4 30

Q_cnstr 
18 0 -3 4 -3 -1 7 1 4 9
0 4 2 0 -2 -2 3 -1 2 1
-3 2 3 -1 -2 -5 0 0 2 -2
4 0 -1 12 0 4 -1 0 -1 7
-3 -2 -2 0 13 8 -3 0 -2 -3
-1 -2 -5 4 8 25 3 -1 -4 4
7 3 0 -1 -3 3 11 1 3 3
1 -1 0 0 0 -1 1 4 1 -2
4 2 2 -1 -2 -4 3 1 6 1
9 1 -2 7 -3 4 3 -2 1 10

