Q_obj 
31 5 -14 5 20 -15 -12 3 -1 -4
5 29 4 -6 6 -14 1 5 -10 20
-14 4 60 0 4 16 20 -14 -16 4
5 -6 0 25 5 7 -10 0 0 -5
20 6 4 5 38 -11 -7 1 -1 -5
-15 -14 16 7 -11 21 8 -8 2 -5
-12 1 20 -10 -7 8 36 9 5 -2
3 5 -14 0 1 -8 9 21 9 -7
-1 -10 -16 0 -1 2 5 9 13 -10
-4 20 4 -5 -5 -5 -2 -7 -10 26

Q_cnstr 
16 2 0 -2 3 -3 3 4 3 1
2 7 1 4 6 1 -1 2 0 1
0 1 8 3 -2 -3 3 0 -2 -11
-2 4 3 19 11 4 -7 0 -4 -7
3 6 -2 11 16 2 0 1 0 2
-3 1 -3 4 2 7 -9 0 -1 1
3 -1 3 -7 0 -9 25 1 5 -2
4 2 0 0 1 0 1 2 1 1
3 0 -2 -4 0 -1 5 1 14 8
1 1 -11 -7 2 1 -2 1 8 24

