Q_obj 
19 0 1 -1 4 2 1 9 5 1
0 13 -3 2 -2 -2 5 10 -10 -5
1 -3 34 -7 8 12 -19 2 -20 -5
-1 2 -7 5 -1 -6 3 0 -3 -6
4 -2 8 -1 17 2 4 -4 -6 0
2 -2 12 -6 2 31 -3 2 10 12
1 5 -19 3 4 -3 23 -6 14 9
9 10 2 0 -4 2 -6 26 -1 -5
5 -10 -20 -3 -6 10 14 -1 63 21
1 -5 -5 -6 0 12 9 -5 21 26

Q_cnstr 
9 -5 -2 0 -3 5 1 -4 -4 -4
-5 14 1 9 2 -2 3 2 0 -4
-2 1 4 0 -1 -1 1 2 2 3
0 9 0 13 2 -1 8 1 -2 -5
-3 2 -1 2 8 2 1 -2 -2 0
5 -2 -1 -1 2 9 -3 -4 -5 2
1 3 1 8 1 -3 21 2 -1 -1
-4 2 2 1 -2 -4 2 6 3 5
-4 0 2 -2 -2 -5 -1 3 5 1
-4 -4 3 -5 0 2 -1 5 1 19

