Q_obj 
11 0 0 3 17 -2 7 0 6 3
0 15 -1 10 -6 8 -12 -2 -4 -6
0 -1 35 1 12 -3 0 15 4 6
3 10 1 45 -8 -9 -12 -3 -15 -6
17 -6 12 -8 45 -4 11 5 14 10
-2 8 -3 -9 -4 21 -11 -4 6 -5
7 -12 0 -12 11 -11 23 4 8 10
0 -2 15 -3 5 -4 4 12 1 5
6 -4 4 -15 14 6 8 1 19 -2
3 -6 6 -6 10 -5 10 5 -2 13

Q_cnstr 
9 4 -6 1 4 -2 3 0 -1 0
4 18 8 2 2 -2 0 4 1 -6
-6 8 22 6 6 3 -2 2 -1 -2
1 2 6 9 6 0 0 1 -1 5
4 2 6 6 13 -2 1 -2 -2 5
-2 -2 3 0 -2 13 1 -2 0 -3
3 0 -2 0 1 1 4 -1 -2 0
0 4 2 1 -2 -2 -1 4 -1 -1
-1 1 -1 -1 -2 0 -2 -1 5 -1
0 -6 -2 5 5 -3 0 -1 -1 9

