Q_obj 
20 10 -8 4 10 -6 -8 2 -8 2
10 34 -7 -3 8 4 -5 18 -2 4
-8 -7 12 -7 1 3 5 0 6 -2
4 -3 -7 9 -3 -8 -2 -5 -2 5
10 8 1 -3 15 0 -5 9 -6 -10
-6 4 3 -8 0 31 1 -2 4 -4
-8 -5 5 -2 -5 1 6 -4 4 3
2 18 0 -5 9 -2 -4 29 -4 -7
-8 -2 6 -2 -6 4 4 -4 12 10
2 4 -2 5 -10 -4 3 -7 10 25

Q_cnstr 
13 0 3 2 -2 6 2 0 -1 10
0 4 -1 3 2 2 -1 0 0 5
3 -1 10 5 7 3 0 1 0 -2
2 3 5 20 8 3 4 0 2 -5
-2 2 7 8 11 0 -1 0 -2 -5
6 2 3 3 0 14 3 2 4 12
2 -1 0 4 -1 3 8 1 5 1
0 0 1 0 0 2 1 2 2 1
-1 0 0 2 -2 4 5 2 7 3
10 5 -2 -5 -5 12 1 1 3 25

