Q_obj 
16 7 5 3 -2 -2 -2 3 -4 -1
7 23 0 -3 0 2 4 3 2 -8
5 0 12 2 -5 -4 -10 -2 -3 -1
3 -3 2 14 7 5 4 1 0 -4
-2 0 -5 7 12 1 11 2 -1 -6
-2 2 -4 5 1 15 2 2 7 2
-2 4 -10 4 11 2 22 -5 6 -2
3 3 -2 1 2 2 -5 12 -6 -6
-4 2 -3 0 -1 7 6 -6 12 0
-1 -8 -1 -4 -6 2 -2 -6 0 17

Q_cnstr 
5 4 0 -2 1 2 -1 0 -1 -2
4 10 1 0 0 6 -1 1 1 -1
0 1 3 3 0 4 4 3 -1 -1
-2 0 3 6 -1 6 6 2 -3 0
1 0 0 -1 4 3 7 3 2 2
2 6 4 6 3 18 13 5 -1 3
-1 -1 4 6 7 13 27 11 3 0
0 1 3 2 3 5 11 8 4 1
-1 1 -1 -3 2 -1 3 4 10 3
-2 -1 -1 0 2 3 0 1 3 15

