Q_obj 
58 8 -3 8 20 10 -12 -5 0 -14
8 23 6 1 -19 4 -6 -8 -10 -5
-3 6 27 -3 -3 9 15 3 2 22
8 1 -3 14 5 1 -6 -1 5 0
20 -19 -3 5 50 -7 8 5 20 -3
10 4 9 1 -7 30 6 15 -14 6
-12 -6 15 -6 8 6 25 0 -2 20
-5 -8 3 -1 5 15 0 31 1 -4
0 -10 2 5 20 -14 -2 1 31 10
-14 -5 22 0 -3 6 20 -4 10 37

Q_cnstr 
3 3 1 1 -4 3 -1 0 4 1
3 21 7 9 2 7 3 2 4 4
1 7 17 4 8 5 6 -1 0 -1
1 9 4 13 4 4 4 -1 3 -3
-4 2 8 4 24 1 4 -3 -7 -6
3 7 5 4 1 8 2 -3 4 -4
-1 3 6 4 4 2 11 1 3 2
0 2 -1 -1 -3 -3 1 5 0 10
4 4 0 3 -7 4 3 0 10 0
1 4 -1 -3 -6 -4 2 10 0 22

