Q_obj 
41 -4 2 12 -16 -8 7 -17 -2 -6
-4 9 -4 5 5 -8 6 -1 -1 8
2 -4 20 -11 -11 0 2 -10 3 -11
12 5 -11 48 -7 11 10 -9 -5 -3
-16 5 -11 -7 50 2 -6 13 -7 16
-8 -8 0 11 2 25 3 2 -2 -9
7 6 2 10 -6 3 60 -13 -19 6
-17 -1 -10 -9 13 2 -13 19 1 8
-2 -1 3 -5 -7 -2 -19 1 15 -6
-6 8 -11 -3 16 -9 6 8 -6 20

Q_cnstr 
13 3 4 0 1 -3 1 1 -7 -7
3 17 0 -1 4 1 4 0 2 5
4 0 4 -2 5 -1 -2 3 2 -4
0 -1 -2 13 -6 0 5 -4 -3 4
1 4 5 -6 14 2 -2 7 7 -3
-3 1 -1 0 2 5 0 2 2 4
1 4 -2 5 -2 0 13 0 -4 1
1 0 3 -4 7 2 0 7 5 -5
-7 2 2 -3 7 2 -4 5 16 3
-7 5 -4 4 -3 4 1 -5 3 24

